LAUB micro 932.0 79 725.419993509 0.463515340681 0.1627 0.736145431768 0.435798880861 -0.0405918308794 0.749815398081 0.326629172319 0.165236051502 0.92220109046 154.0 32.6180257511 4.20095327297 1.57495246209 79.0 79.0 79 54 11.4079571836 2.58773103922 0.146436637894 3277.58093897
LAUB micro 892.0 113 446.774336283 0.604136706263 0.1234 0.661285491258 0.536380411921 -0.0228504728275 0.795966186502 0.375630443436 0.237668161435 0.928261175572 212.0 31.3901345291 8.33232855898 1.7063190304 113.0 113.0 113 76 16.486429433 3.78351984553 0.210627238257 126.152203344
LAUB micro 993.0 64 1921.26959325 0.454905242071 0.1129 0.864046175696 0.421591767372 -0.0520977253966 0.6834611945 0.256468200627 0.300100704935 0.861622495434 298.0 47.7341389728 5.20352125158 1.55741972154 64.0 64.0 64 47 9.12946803275 2.03097861112 0.265896883302 36.4484315084
LAUB micro 613.0 98 73.2847675153 0.640009343367 0.3504 0.904977350577 0.617222092752 -0.0259347239928 0.89203816972 0.605544953164 0.115823817292 0.970878385391 71.0 15.823817292 4.91046496912 1.08909817712 98.0 98.0 98 61 15.1128832605 3.95818271944 0.102646185493 1542390.49872
LAUB micro 839.0 82 431.562932852 0.48988708431 0.1972 0.537264168216 0.510886944388 -0.0393363454222 0.801181826445 0.409183709844 0.182359952324 0.938145047527 153.0 29.3206197855 5.02162905468 1.16875971062 82.0 82.0 82 52 12.0317089782 2.83095438701 0.161612299661 1089.74001093
LAUB micro 1141.0 174 266.641186632 0.656615227372 0.1396 0.732385974103 0.581129680558 -0.0136197191542 0.842913146094 0.441461376997 0.172655565294 0.958820353012 197.0 23.0499561788 9.70058037703 1.66577870768 174.0 174.0 174 111 24.5750492782 5.15117644383 0.15301201077 1958.37403079
LAUB micro 1044.0 152 110.737539212 0.634883194087 0.3001 0.941667628113 0.611438798145 -0.0169398737196 0.888479675173 0.568217158217 0.0795019157088 0.978079446867 83.0 14.4636015326 4.95935193581 1.16746530392 152.0 152.0 152 106 21.7240719297 4.70428190049 0.0704567383262 810768751233.0
LAUB micro 779.0 137 305.246350365 0.701633762862 0.0964 0.885193623246 0.569680387545 -0.0146594505627 0.802165820726 0.373244004789 0.256739409499 0.924291536004 200.0 30.8087291399 10.2466482235 2.38242925239 137.0 137.0 137 73 20.4265206325 4.90853439272 0.227525635046 79.2877115275
LAUB micro 878.0 98 350.26635809 0.546088738454 0.188 0.683722027373 0.5081353726 -0.0291654362619 0.804298029935 0.401567659787 0.128701594533 0.945722054161 113.0 24.8291571754 4.56647128315 1.53098009802 98.0 98.0 98 64 14.3117524143 3.30733980461 0.114058818424 158927.115901
LAUB micro 978.0 152 439.187696061 0.660946487938 0.0867 0.824573014656 0.536083306426 -0.0144543549504 0.785516761455 0.336064587871 0.250511247444 0.924086550324 245.0 33.7423312883 10.1599923322 2.19936038185 152.0 152.0 152 84 21.9301122555 4.86042404337 0.22200757451 91.3234588184
LAUB micro 730.0 98 256.043761835 0.595285043211 0.1796 0.73063933688 0.524909141739 -0.0261003223702 0.810737828099 0.413910164839 0.154794520548 0.94319009195 113.0 29.5890410959 5.3610211469 1.77997294296 98.0 98.0 98 61 14.7124745628 3.62714272997 0.137183072022 7641.04818467
LAUB micro 1200.0 164 315.530749663 0.622166540301 0.1458 0.77513632455 0.540995934959 -0.01496417379 0.81863748597 0.392859242242 0.13 0.958186111111 156.0 22.5833333333 6.45905328699 1.87731107465 164.0 164.0 164 106 22.9898777934 4.73427220735 0.115209500309 130960.973656
LAUB micro 884.0 124 207.202727511 0.592223930988 0.1983 0.632394940248 0.530360531309 -0.0206448536257 0.829816357289 0.435734453236 0.135746606335 0.959322085952 120.0 21.8325791855 5.35984894289 1.72416435899 124.0 124.0 124 74 18.1296747646 4.17057132278 0.120302297573 59245.4065798
LAUB micro 737.0 65 629.789903846 0.458517105337 0.1717 1.24968641773 0.464126917858 -0.0507576910447 0.751314371145 0.344031475883 0.204884667571 0.910409099194 151.0 34.7354138399 4.19401884817 1.36369058337 65.0 65.0 65 37 9.69316895815 2.39430577322 0.181574296823 373.026098794
LAUB micro 751.0 84 333.237378084 0.539157581379 0.1953 0.845207420205 0.509891573141 -0.0348152424004 0.809313074231 0.422728537687 0.185086551265 0.939055072597 139.0 29.9600532623 5.37043390959 1.38909283551 84.0 84.0 84 58 12.5351027207 3.06520353371 0.164028684895 938.570398013
LAUB micro 516.0 99 242.168831169 0.728260133386 0.1018 0.721717472234 0.588383838384 -0.0189735296001 0.796828386696 0.386944208279 0.302325581395 0.900764677604 156.0 33.3333333333 9.33312975263 2.52199806707 99.0 99.0 99 49 15.6897734348 4.35823198631 0.267861381857 35.2938756961
LAUB micro 1069.0 129 1017.9405281 0.616918191599 0.0637 0.620054153543 0.504898441636 -0.0192602803754 0.735607052297 0.271027263525 0.336763330215 0.878229131026 360.0 37.8858746492 10.5263924886 1.96103767404 129.0 129.0 129 83 18.35262557 3.94548918883 0.29814740912 22.9601674846
LAUB micro 871.0 140 162.965005139 0.702747602853 0.193 0.902205015708 0.64188945383 -0.0159801646119 0.874903415708 0.535605892529 0.166475315729 0.962998308818 145.0 20.5510907003 9.41804666947 1.4635750472 140.0 140.0 140 101 20.5328436091 4.743719033 0.147534907218 2993.81927004
LAUB micro 948.0 70 1426.28074534 0.429217980386 0.1154 0.796152100805 0.39707655214 -0.0474993045078 0.684032867089 0.250515018843 0.267932489451 0.876208406772 254.0 45.5696202532 5.08073282589 1.67388696483 70.0 70.0 70 42 10.0665934301 2.27349430862 0.23744031395 62.8471933374
LAUB micro 898.0 136 250.981917211 0.652428939931 0.1489 0.694675517432 0.583142276955 -0.0173232944529 0.833506424052 0.437208111815 0.189309576837 0.950630205207 170.0 25.8351893096 8.56990318893 1.74740379385 136.0 136.0 136 84 19.8524446659 4.53837878101 0.167771243378 753.587723184
LAUB micro 825.0 117 190.618037135 0.610199635586 0.2083 0.734441284453 0.562703962704 -0.0220629067656 0.84358926215 0.470275515754 0.133333333333 0.958965656566 110.0 24.3636363636 5.75215536284 1.49947037571 117.0 117.0 117 72 17.2737717754 4.07341714936 0.11816359006 81677.0479926
LAUB micro 997.0 125 207.330064516 0.58917082936 0.2362 0.737268661 0.554944834504 -0.0216450345842 0.849436466751 0.479206015249 0.109327983952 0.966136121504 109.0 18.0541624875 4.69795711299 1.41015845026 125.0 125.0 125 88 17.9586496502 3.95878972012 0.0968894030836 6592831.62742
LAUB micro 648.0 118 107.670867739 0.675769344185 0.2203 0.798946802023 0.590003138732 -0.0183379622057 0.8583960446 0.504679947026 0.146604938272 0.961524538942 95.0 21.9135802469 6.3696494804 1.91236968927 118.0 118.0 118 64 18.0725942849 4.63547778778 0.129925243701 16791.6198522
LAUB micro 1122.0 143 411.69447454 0.605987179201 0.1309 0.787711940003 0.556972439325 -0.0183521359607 0.815751299316 0.3965379255 0.194295900178 0.946568548016 218.0 27.3618538324 8.48817009753 1.52073174586 143.0 143.0 143 92 20.2196592987 4.26913225329 0.172190256092 591.480014323
LAUB micro 861.0 75 822.171891892 0.485422738547 0.1398 0.847813242249 0.442229965157 -0.0411461400859 0.732634848775 0.306010502003 0.225319396051 0.904595984735 194.0 36.2369337979 4.83201125732 1.68350313307 75.0 75.0 75 52 10.9498320794 2.55599316222 0.199683932858 180.499730945
LAUB micro 852.0 120 250.813445378 0.613635014924 0.1685 0.906523729687 0.541314553991 -0.0206755548215 0.821250583713 0.420127250125 0.172535211268 0.950549934978 147.0 24.6478873239 6.60156174035 1.79186974341 120.0 120.0 120 72 17.6359353862 4.11113225897 0.152905349792 1973.82192449
LAUB micro 783.0 136 102.318464052 0.692357990606 0.2461 1.00509982377 0.635076252723 -0.0165906401011 0.885119542458 0.565524769763 0.136653895275 0.97011689983 107.0 18.0076628352 7.82345086099 1.46386480602 136.0 136.0 136 89 20.2607401292 4.86024349126 0.12110636146 52730.2240687
LAUB micro 1169.0 97 869.445231959 0.453884571531 0.1444 0.386663027942 0.440441649837 -0.0341344415672 0.755803107295 0.320209344198 0.186484174508 0.928612773231 218.0 32.9341317365 5.30132465073 1.4378701743 97.0 97.0 97 63 13.5902187407 2.83703359578 0.165267296123 871.459929776
LAUB micro 978.0 140 111.798355601 0.613782556921 0.3054 1.00073602923 0.589482909728 -0.0187173541601 0.878394606643 0.545051644202 0.0654396728016 0.976610168074 64.0 13.0879345603 3.75258038515 1.29779181931 140.0 140.0 140 93 20.1873218776 4.47670635574 0.0579944000296 9.88277823872e+16
LAUB micro 967.0 99 480.853638425 0.505932725964 0.167 0.419708688283 0.460165251272 -0.0298446867936 0.776677935549 0.351821906298 0.162357807653 0.93950415415 157.0 27.7145811789 4.68607022799 1.67820502301 99.0 99.0 99 63 14.2562074786 3.18362537485 0.143885860698 4075.67715293
LAUB micro 883.0 150 183.846129754 0.678162519272 0.1595 0.874872059194 0.593725934315 -0.0147651525835 0.850858448236 0.470113970532 0.176670441676 0.958200000257 156.0 22.3103057758 9.35656829048 1.84021935652 150.0 150.0 150 91 21.9656283008 5.04790191102 0.156570102285 1519.83782224
LAUB micro 706.0 122 38.1360249289 0.678855433156 0.4696 0.887065869863 0.643222031301 -0.0195936738275 0.920371213925 0.679500677652 0.0594900849858 0.982545402018 42.0 9.91501416431 2.84691602823 1.00427347521 122.0 122.0 122 85 18.4462038731 4.59153056992 0.0527217151119 1.96626836999e+20
LAUB micro 1374.0 141 537.205775076 0.524803044163 0.1511 0.593878499723 0.474077859333 -0.0206319381173 0.791305063666 0.351415567507 0.126637554585 0.953070010954 174.0 24.2358078603 5.3805739375 1.65114042366 141.0 141.0 141 96 19.375871425 3.80387070159 0.112229610647 218772.577428
LAUB micro 904.0 99 490.829519687 0.56328517399 0.1465 0.754009840542 0.493474568696 -0.0275534890221 0.779655939316 0.356810024387 0.191371681416 0.931039039862 173.0 30.5309734513 5.61569913825 1.7719115584 99.0 99.0 99 69 14.3973052373 3.29269102093 0.169598735572 680.306099705
LAUB micro 1093.0 83 1430.11754334 0.481865446597 0.1093 1.13541039232 0.419349860558 -0.0373230463907 0.693998930791 0.249637823827 0.204025617566 0.889789385836 223.0 39.2497712717 4.82485404484 1.81272306745 83.0 83.0 83 57 11.7198417762 2.51054500668 0.180812985077 386.292132589
LAUB micro 653.0 109 71.3980632008 0.660844055073 0.3366 0.862462062985 0.612164041755 -0.0220100990925 0.890765963434 0.59531050281 0.102603369066 0.972742132553 67.0 16.2327718224 4.57206660844 1.32630006183 109.0 109.0 109 72 16.6626112512 4.26549961706 0.0909298683083 39709231.1746
LAUB micro 795.0 119 391.72767412 0.675121625555 0.1031 0.83261621799 0.588298715713 -0.0194005742954 0.808211007788 0.394797261203 0.271698113208 0.918460503936 216.0 29.9371069182 10.0752451472 1.72878325453 119.0 119.0 119 77 17.6690558786 4.22049506768 0.240774924638 58.4490759332
LAUB micro 936.0 143 171.221510883 0.628711133525 0.2013 0.843043014094 0.568181818182 -0.0172747741529 0.8530294409 0.478555591323 0.137820512821 0.965254949229 129.0 20.7264957265 6.83064391212 1.58064206016 143.0 143.0 143 86 20.7553319078 4.67410122079 0.122140249341 45541.8017647
LAUB micro 848.0 107 276.2585082 0.569724182436 0.1867 0.51157674713 0.506491359549 -0.024797800285 0.807171343589 0.400538385745 0.125 0.949932137771 106.0 23.9386792453 4.56636159518 1.77292361904 107.0 107.0 107 65 15.7202842117 3.67439508563 0.110778365682 285015.017135
LAUB micro 1022.0 94 805.768474033 0.502897835829 0.1291 0.578471703469 0.470354332348 -0.0327748797186 0.758244293701 0.326247378801 0.237769080235 0.917616737068 243.0 34.637964775 6.51005782272 1.50967631935 94.0 94.0 94 63 13.4208492564 2.94037286132 0.210716668318 125.809264907
LAUB micro 1430.0 177 965.561890087 0.610512533103 0.0637 0.848388313925 0.534103749358 -0.0146741527188 0.772292942834 0.303761579859 0.286713286713 0.911246515722 410.0 31.958041958 12.3506401808 1.56822580408 177.0 177.0 177 108 24.2243069858 4.68064008533 0.254064023986 44.8514029944
LAUB micro 563.0 49 950.005102041 0.512101656303 0.1242 0.396909285034 0.453728205314 -0.0602898845379 0.690259267884 0.2849629984 0.349911190053 0.835728415082 197.0 53.108348135 5.11302995786 1.82067070874 49.0 49.0 49 35 7.57901163668 2.06510378461 0.309621437316 20.0395102133
LAUB micro 730.0 109 141.953788651 0.653562139448 0.2418 0.859919010208 0.612630388337 -0.022733900484 0.872849110377 0.546570954863 0.158904109589 0.962056671045 116.0 20.0 7.370084572 1.25762968079 109.0 109.0 109 76 16.3808995132 4.03427099558 0.140825100482 5373.46379407
LAUB micro 1055.0 161 398.161257764 0.677476497281 0.0979 0.801797391194 0.585787877896 -0.014208469065 0.820524654517 0.397986064259 0.236018957346 0.936552188855 249.0 28.5308056872 11.323106372 1.74052629542 161.0 161.0 161 106 22.9842257742 4.95678002805 0.209165773646 131.949433245
LAUB micro 864.0 132 141.120055517 0.64005120989 0.2343 0.926372803538 0.588278619529 -0.0185749737537 0.865249794999 0.514227438005 0.133101851852 0.967659572188 115.0 18.8657407407 6.50505723546 1.51763038818 132.0 132.0 132 87 19.3741906623 4.4907311951 0.117958444939 84306.4465658
LAUB micro 942.0 123 255.75129948 0.584450731878 0.1878 0.718168075575 0.531277510227 -0.0215211905081 0.825614912598 0.427412430373 0.147558386412 0.956707732114 139.0 22.2929936306 5.73774271144 1.63579503683 123.0 123.0 123 79 17.8154068387 4.00755655657 0.130770215115 15221.9934659
LAUB micro 865.0 113 232.942319848 0.579167623326 0.2024 0.691954876364 0.532303442631 -0.0236578275535 0.827893199327 0.438281585288 0.141040462428 0.956281867085 122.0 23.3526011561 5.24939577257 1.58698996772 113.0 113.0 113 70 16.5613603036 3.84211526519 0.124993855382 30941.688143
LAUB micro 927.0 146 167.690930562 0.660767096174 0.1949 0.726241491004 0.581911010625 -0.0157479419313 0.850286777854 0.47058062103 0.11758360302 0.964855136973 109.0 21.4670981661 6.01898769662 1.83729909283 146.0 146.0 146 94 21.2237976456 4.79526915373 0.104205754989 1082828.61392
LAUB micro 360.0 34 720.49197861 0.517281065884 0.1382 0.431380126818 0.412091503268 -0.0801817436277 0.649330721509 0.268869951711 0.372222222222 0.78712962963 134.0 63.3333333333 3.89324679331 2.28118240256 34.0 34.0 34 23 5.60642486502 1.79195734076 0.328923134962 16.3544224117
LAUB micro 783.0 111 309.033415233 0.615196977766 0.1398 0.630384837413 0.515929722826 -0.021360711694 0.788550645215 0.363685198656 0.167305236271 0.935544431559 131.0 32.0561941252 5.92246524195 2.12893224262 111.0 111.0 111 64 16.5087512164 3.9668163789 0.148270405147 2820.64644962
LAUB micro 810.0 130 151.000596303 0.65537157889 0.2058 1.08415946449 0.595631528965 -0.018182684785 0.855976807781 0.492163757556 0.140740740741 0.962618503277 114.0 22.3456790123 6.55578979238 1.62177374011 130.0 130.0 130 78 19.262257774 4.56773439802 0.124728233953 32040.8412623
LAUB micro 1062.0 83 889.213635028 0.444213885031 0.1571 0.683125567232 0.386767408618 -0.0383929394695 0.728225109996 0.292388819633 0.148775894539 0.923301449491 158.0 29.2843691149 3.67033005333 1.80100707793 83.0 83.0 83 55 11.7682360124 2.54692310952 0.131849203598 13464.2179536
LAUB micro 394.0 42 480.241579559 0.533743182922 0.158 0.707280268129 0.473773265651 -0.0670885147032 0.719608624826 0.334796526975 0.322335025381 0.849351954444 127.0 51.269035533 4.46357832416 1.84904154007 42.0 42.0 42 27 6.86037359958 2.11592943181 0.285491817397 27.1014775199
LAUB micro 675.0 81 521.25 0.612319639171 0.1189 0.668219325465 0.516049382716 -0.03058451771 0.755418040616 0.333132065352 0.263703703704 0.896131687243 178.0 42.962962963 6.33363442151 2.05016130798 81.0 81.0 81 58 12.2798968728 3.11769145362 0.233694934421 68.4048313326
LAUB micro 765.0 115 184.228832952 0.639134187733 0.195 0.999870334388 0.586871270247 -0.0216734988396 0.854765609883 0.497645675129 0.180392156863 0.955417147251 138.0 22.8758169935 8.12720984812 1.40746949298 115.0 115.0 115 75 17.1689957543 4.15783377486 0.159868386413 1218.55601283
LAUB micro 924.0 98 696.536082474 0.550734091204 0.1142 0.631462130861 0.440166975881 -0.026719396773 0.727588577629 0.279439500223 0.200216450216 0.910660407414 185.0 36.3636363636 5.32426133305 2.21797480866 98.0 98.0 98 62 14.2047283561 3.2239633053 0.177437203239 453.304977955
LAUB micro 844.0 129 130.390746124 0.641377669318 0.2486 0.846996384318 0.607268819575 -0.0196317912621 0.878096405058 0.549490354506 0.137440758294 0.968818085847 116.0 19.0758293839 7.32998045619 1.1890714712 129.0 129.0 129 83 18.9963050113 4.4403631208 0.121803700655 47748.3363803
LAUB micro 988.0 133 277.201298701 0.622812434384 0.1671 0.745595201373 0.582851359167 -0.0196584923376 0.848542545674 0.472825954903 0.185222672065 0.954996393975 183.0 23.3805668016 9.06759314525 1.27617632821 133.0 133.0 133 93 19.1424121129 4.23129367379 0.164149318803 931.749007768
LAUB micro 824.0 101 559.494653465 0.595601070532 0.1073 0.753167724944 0.528501393829 -0.0261291244228 0.778371994583 0.353168042784 0.282766990291 0.907696295598 233.0 34.5873786408 8.7031348546 1.63535312648 101.0 101.0 101 67 14.8938725274 3.51850172217 0.250572788762 47.9139483548
LAUB micro 937.0 84 1476.30106139 0.530983025311 0.0786 0.614999951481 0.430019820095 -0.033259053046 0.674861315733 0.22758311531 0.352187833511 0.848531098478 330.0 48.3457844184 7.25911422122 2.03626487882 84.0 84.0 84 52 12.1297445134 2.74416038562 0.31160149488 19.59860221
LAUB micro 713.0 84 529.91551922 0.552163699348 0.121 0.703541083314 0.450761370467 -0.030699674378 0.731613696001 0.29609387194 0.207573632539 0.90157739752 148.0 41.3744740533 5.42478940501 2.15291408174 84.0 84.0 84 44 12.6341783603 3.14582472235 0.183957323976 335.23483777
LAUB micro 727.0 93 172.977092099 0.579329310457 0.2631 0.63314225151 0.558429841298 -0.0299926122447 0.851233319179 0.504181686184 0.123796423659 0.959137530769 90.0 22.9711141678 4.51877640573 1.25182284759 93.0 93.0 93 64 13.9628208501 3.44917907822 0.109711723921 348437.487694
LAUB micro 920.0 153 159.762985896 0.698951815564 0.1855 0.686143120095 0.637453822109 -0.01463123892 0.87286073477 0.524412810075 0.159782608696 0.9647731569 147.0 21.0869565217 9.45799600007 1.49988875165 153.0 153.0 153 102 22.2731062731 5.04426062148 0.141603650045 5000.5244785
LAUB micro 946.0 128 149.893454724 0.605440443307 0.2686 0.826731582819 0.583030523256 -0.0209492759171 0.86942091106 0.526996539637 0.107822410148 0.970915706055 102.0 17.3361522199 5.1107984318 1.2409252511 128.0 128.0 128 88 18.5340782554 4.16163896808 0.0955551230404 9579906.96706
LAUB micro 832.0 76 623.970526316 0.462575177824 0.1629 0.682397704233 0.445027834008 -0.042155041069 0.751072243485 0.331465367628 0.170673076923 0.919237125555 142.0 33.5336538462 4.28627277652 1.51399656858 76.0 76.0 76 45 11.154352917 2.63482593207 0.151255076205 2233.43071962
LAUB micro 908.0 126 239.637079365 0.63838689849 0.1793 0.657634704121 0.586951961401 -0.0197265321189 0.843437263967 0.464738282334 0.168502202643 0.95573123872 153.0 23.6784140969 7.39151306879 1.52310956161 126.0 126.0 126 86 18.3520063372 4.18145686308 0.149331188973 2592.15674921
LAUB micro 943.0 145 88.2239463602 0.664476904965 0.3256 0.976803666348 0.618868614473 -0.0163307095281 0.892798322358 0.583668871462 0.0805938494168 0.97881695678 76.0 13.0434782609 4.37064567182 1.42683332449 145.0 145.0 145 109 21.0247636769 4.72184966544 0.071424439379 417020747640.0
LAUB micro 818.0 121 186.200413223 0.621628421482 0.1984 0.834806056301 0.567247267069 -0.0208286169304 0.847943961651 0.477966400793 0.165036674817 0.958342549363 135.0 21.760391198 7.30256667815 1.52719893212 121.0 121.0 121 75 17.8921221247 4.23066578771 0.146259944907 3326.28083909
LAUB micro 791.0 87 734.386794975 0.545911897527 0.1022 0.664367117326 0.470421552814 -0.0311941315334 0.722332043192 0.281109656186 0.280657395702 0.887564110146 222.0 43.3628318584 6.54789548933 1.93547309306 87.0 87.0 87 47 12.8871811832 3.09336388523 0.248705995054 49.6853952479
LAUB micro 756.0 147 99.904109589 0.727315995613 0.2105 1.04196506369 0.654006046863 -0.0141858660992 0.887643322972 0.567864855 0.154761904762 0.967676576804 117.0 19.0476190476 9.75243343903 1.54507308898 147.0 147.0 147 87 22.0276235035 5.34633831078 0.137154167034 7663.2486112
LAUB micro 873.0 119 210.496225609 0.606602212352 0.205 0.818475205178 0.566317248549 -0.0219213042654 0.840555368724 0.462210180845 0.137457044674 0.959005627656 120.0 23.13860252 5.62339704835 1.49334309377 119.0 119.0 119 75 17.4248557192 4.02753978836 0.121818134083 47651.1787894
LAUB micro 1117.0 161 396.133618012 0.649015353354 0.1089 0.844884981828 0.535429305427 -0.0141517496394 0.797754983758 0.353819518736 0.188898836168 0.942989799541 211.0 29.5434198747 8.21928932756 2.16079085588 161.0 161.0 161 101 22.7972128956 4.81725115434 0.167407234003 769.387962938
LAUB micro 875.0 81 667.435493827 0.532314086053 0.1504 0.771862120998 0.492613756614 -0.0364293926175 0.776396882694 0.366511015443 0.241142857143 0.917914122449 211.0 33.3714285714 6.24716853486 1.50896822515 81.0 81.0 81 65 11.8094709213 2.73829978532 0.213706331647 115.067610497
LAUB micro 729.0 117 126.610079576 0.655965898694 0.2362 0.926424294138 0.598501635539 -0.0204545480055 0.867731622211 0.528624188253 0.145404663923 0.963817244059 106.0 21.6735253772 6.72201393259 1.4903641895 117.0 117.0 117 76 17.5979583815 4.33333333333 0.128861528255 19049.8281347
LAUB micro 923.0 127 169.229346332 0.617316029166 0.2393 0.945113188777 0.583419353188 -0.0205486676842 0.862509353918 0.509884711378 0.12676056338 0.967097023343 117.0 19.6099674973 5.88265755369 1.33301666074 127.0 127.0 127 86 18.4544291543 4.1802559186 0.112338624353 214554.310044
LAUB micro 855.0 117 232.059681698 0.6237920556 0.1884 0.618290739931 0.570490328385 -0.0214059609882 0.832197253472 0.44498720512 0.13567251462 0.954629458637 116.0 25.4970760234 5.62534213817 1.66791731548 117.0 117.0 117 78 17.1823813542 4.00131557313 0.1202366355 59817.6836345
LAUB micro 983.0 75 1374.93441441 0.472356490309 0.1124 1.15469219221 0.422461851475 -0.0422108853487 0.702808807152 0.267403375442 0.263479145473 0.881371929102 259.0 45.8799593082 5.51394564307 1.69341144672 75.0 75.0 75 55 10.7392537742 2.39212849541 0.23349603017 68.7202262079
LAUB micro 804.0 119 201.541803162 0.654022836359 0.1859 0.808907894818 0.607519127054 -0.0206795875178 0.857525811564 0.501975279219 0.185323383085 0.954806192916 149.0 22.7611940299 8.66433866767 1.35319855735 119.0 119.0 119 81 17.6393226637 4.19680641436 0.164238571612 926.74296978
LAUB micro 797.0 145 69.6406130268 0.704757763888 0.304 0.887166395141 0.657915458833 -0.0154884894348 0.905616391755 0.622573043596 0.11417816813 0.977316127448 91.0 14.4291091593 7.76844324554 1.23442135696 145.0 145.0 145 93 21.5541284646 5.13616351557 0.101187766896 2178482.11728
