LAUB micro 1045.0 192 324.624972731 0.478569791747 0.084 0.802694798341 0.385396730463 -0.0148199849249 0.718172670448 0.223203883537 0.147368421053 0.938013323871 154.0 29.0909090909 6.68679839526 2.01995352506 440.394560889 417.13057334 305 393 27.4750085997 5.93940695894 0.130601862698 15520.3074862
LAUB micro 1008.0 229 231.399295181 0.543128246869 0.0776 0.733145540335 0.482610729881 -0.0121851025176 0.779182409459 0.298171205613 0.210317460317 0.943708270345 212.0 27.7777777778 11.6110897026 1.59019855156 407.043296922 409.838152127 345 424 32.9683512786 7.21282202659 0.18638896926 301.77798034
LAUB micro 1065.0 136 949.474891068 0.414587864197 0.0611 1.03944196887 0.367557304612 -0.02474737001 0.648691659636 0.171931750785 0.279812206573 0.879636756375 298.0 44.5070422535 7.67123488788 1.66825729925 282.194414608 270.398585657 208 263 19.3666945193 4.16738960864 0.247957999152 50.423458818
LAUB micro 737.0 222 39.0058497411 0.57840480983 0.2211 1.04144322746 0.537790164656 -0.0117165971514 0.863635000918 0.476314771092 0.0963364993216 0.979625125882 71.0 13.1614654003 6.71718908934 1.44885727414 425.636304348 436.168555373 346 433 33.4717240586 8.17747510239 0.0853759996026 297706259.822
LAUB micro 919.0 162 238.556897477 0.451056043048 0.1195 0.685448152597 0.427840245033 -0.019966040204 0.766641818894 0.300748075898 0.16648531012 0.948350681597 153.0 26.768226333 6.93636940231 1.47270476653 265.719418551 309.032397117 242 292 23.5956688776 5.34388691051 0.147543764516 2991.65685813
LAUB micro 1269.0 302 160.819530923 0.569056914928 0.0992 0.877534276657 0.534054556177 -0.00925431469866 0.827677993941 0.371720405746 0.15524034673 0.966629221647 197.0 20.7249802994 12.4172852913 1.3196836936 430.100946372 451.270992523 430 495 42.1215581086 8.47766267207 0.137578175188 7345.23963268
LAUB micro 37.0 12 11.3560606061 0.600432608687 0.4773 0.845379783923 0.601351351351 -0.223851092844 0.825944974217 0.616957868059 0.27027027027 0.825420014609 10.0 54.0540540541 1.50301537502 0.990664111764 18.1666666667 22.7159209157 18 22 3.0463168275 1.97278784766 0.239510580421 60.0605452916
LAUB micro 1188.0 296 65.3150710032 0.539029404545 0.1984 1.03525931073 0.531872781873 -0.0098254603545 0.860104915158 0.449245168195 0.0698653198653 0.982969424889 83.0 12.7104377104 6.51369756423 1.2158302985 517.605891785 507.082187877 440 538 41.666510712 8.58783102715 0.06191652762 1.15813205243e+15
LAUB micro 909.0 267 161.572611304 0.645675266853 0.0672 0.915399987295 0.546111914562 -0.00874205624828 0.80338993649 0.330861523516 0.2200220022 0.944240518661 200.0 26.402640264 14.1003976804 1.80557302748 397.143171806 436.225351476 397 463 39.0467594232 8.85583099287 0.194989325517 214.073240303
LAUB micro 982.0 202 184.935914487 0.502031891772 0.1138 0.8914577201 0.459730596278 -0.0145782834922 0.777442321814 0.303401651728 0.115071283096 0.956502171469 113.0 22.199592668 6.558724583 1.62381139838 357.404629999 379.102040019 306 376 29.1744446084 6.44607902735 0.101979269426 1802987.99481
LAUB micro 1142.0 316 217.926662648 0.621708796861 0.0567 0.972177775585 0.510779445344 -0.00754971141845 0.78590318742 0.289376332855 0.214535901926 0.944198735742 245.0 28.8966725044 14.4649547571 1.89206888347 511.295099062 578.708514585 480 576 44.7409092918 9.35091330752 0.190127444745 258.579572678
LAUB micro 838.0 206 131.575846555 0.556891865776 0.1122 0.812920425345 0.491936418194 -0.0129347552765 0.793151541506 0.328927453906 0.134844868735 0.956735835408 113.0 25.7756563246 7.68591289865 1.75533142891 360.264086022 367.104767053 314 385 30.4560167481 7.11615191929 0.119503153432 66667.8809222
LAUB micro 1330.0 294 185.41069397 0.551117090209 0.0997 0.835353977293 0.50096670247 -0.009580890286 0.802792854405 0.323704681535 0.117293233083 0.965887274577 156.0 20.3759398496 8.5471391384 1.52521999588 437.441183848 453.996088955 424 496 40.7344194996 8.06160490747 0.103948421331 1146694.75632
LAUB micro 1000.0 240 116.055788006 0.551442522329 0.1306 0.668649550449 0.493166666667 -0.0113670549347 0.811264847557 0.352746521921 0.12 0.968096 120.0 19.3 7.32554565097 1.6780552028 372.21141934 410.551240502 356 422 34.598793725 7.5894663844 0.106347231054 682661.264002
LAUB micro 800.0 128 344.299212598 0.441881970128 0.1026 1.08998833219 0.3990625 -0.0251412768442 0.719548882301 0.250611883944 0.18875 0.923865625 151.0 32.0 5.96939532299 1.65679177842 196.612080891 244.765376557 191 226 18.9988596457 4.52548339959 0.167275331406 775.21887923
LAUB micro 834.0 167 182.475867542 0.489366448561 0.1209 0.745071335033 0.456597596175 -0.0182211202193 0.780156983588 0.32053342382 0.166666666667 0.950462651462 139.0 26.9784172662 7.4094020143 1.51907270781 295.569254117 292.269878039 250 307 24.6794885146 5.78273706489 0.147704487571 2952.75124621
LAUB micro 662.0 245 101.554299097 0.702039615566 0.0673 0.839198014019 0.571601208459 -0.00806817154093 0.81448547451 0.357770527103 0.235649546828 0.939376237895 156.0 25.9818731118 14.4823905024 2.12468420622 454.921061698 524.875442044 391 487 37.5658235831 9.52219541062 0.208838413476 133.299553945
LAUB micro 72.0 16 20.1333333333 0.496141198038 0.5176 0.463532587288 0.597222222222 -0.207056717095 0.847794095535 0.632779915843 0.208333333333 0.87924382716 15.0 38.8888888889 1.15468150535 0.30684816963 30.1971830986 24.0952995736 23 29 3.5074049698 1.88561808316 0.184630589151 325.492369151
LAUB micro 1191.0 251 534.5027251 0.554725383686 0.0406 0.703374587093 0.465596890356 -0.0109642550246 0.729572099466 0.221317532398 0.302267002519 0.901812572745 360.0 34.0050377834 14.5867257313 1.65220467104 409.864570344 427.595130744 373 449 35.298028323 7.27307122689 0.267809667173 35.32352355
LAUB micro 993.0 262 93.5994413735 0.579001223935 0.1335 0.862719468791 0.567014905868 -0.0105866978464 0.853949770166 0.441278554876 0.146022155086 0.971408114607 145.0 18.026183283 12.2014964422 1.12081873102 449.049127195 416.782241508 384 467 37.82208185 8.31431868928 0.129408765549 17845.8853554
LAUB micro 1004.0 126 826.462984127 0.420332749319 0.0719 1.03521037142 0.350961234427 -0.0263599040943 0.658299914709 0.185091758494 0.252988047809 0.889577149569 254.0 43.0278884462 6.89195249606 1.80591670058 180.088961187 212.459532805 182 210 18.0851519261 3.97652473952 0.224202062156 86.236913742
LAUB micro 1046.0 284 127.58826457 0.587996603048 0.0964 0.748156372085 0.523631271376 -0.00909770827644 0.819632797569 0.358737572028 0.162523900574 0.963477364375 170.0 22.1797323136 11.9875802245 1.59054361313 491.398277512 500.176147789 432 528 40.7034438513 8.78117228026 0.144033056716 4023.54070561
LAUB micro 926.0 218 111.044349554 0.542822614027 0.1403 0.907974014788 0.511770067569 -0.0130844916053 0.822192412769 0.381048913042 0.11879049676 0.967311038443 110.0 21.7062634989 7.63244592074 1.42594069694 329.108999109 353.024329129 319 375 31.7675296815 7.16392450092 0.105275336717 857052.289097
LAUB micro 1115.0 243 118.441519573 0.511414420165 0.1515 0.875237058389 0.496395947517 -0.0123242379057 0.821015374117 0.371535646189 0.0977578475336 0.972829536086 109.0 16.1434977578 6.40160003729 1.38111271853 427.24524237 421.100482901 361 442 34.4895912559 7.27727589106 0.0866356366586 182320321.13
LAUB micro 780.0 250 55.6401606426 0.634014880132 0.1494 0.901053703015 0.560307692308 -0.0093557066857 0.84816291456 0.430138568466 0.121794871795 0.973228139382 95.0 18.2051282051 8.91082883768 1.76918748265 408.845850361 445.440378137 382 460 37.3913515461 8.95143592549 0.107937894767 492964.960374
LAUB micro 1246.0 267 231.478696742 0.528538349558 0.0863 0.854955796513 0.491974317817 -0.0109990351137 0.796327968965 0.317915481641 0.174959871589 0.956594328174 218.0 24.6388443018 11.3249366376 1.38853830045 415.19660779 447.324852018 391 464 37.319224313 7.5640125406 0.155054149036 1689.80019545
LAUB micro 948.0 162 405.369220152 0.471697498439 0.0783 0.780976648762 0.392717612127 -0.0184882301023 0.705503840463 0.218691925376 0.204641350211 0.921206537414 194.0 32.9113924051 7.17873627185 1.8635969398 321.359590195 323.902417453 249 313 23.4887180036 5.26151539994 0.18135866287 376.721156564
LAUB micro 961.0 229 140.228759672 0.557355464514 0.112 0.812251247904 0.507045517542 -0.011950297152 0.804513476148 0.342817939285 0.15296566077 0.961013339166 147.0 21.8522372529 8.91203265704 1.61009613045 350.487242268 378.841681752 338 399 33.1975610891 7.38709677419 0.135562287244 9015.54630822
LAUB micro 936.0 289 53.6198817762 0.608730497233 0.1641 0.862695893117 0.564450063585 -0.00874854242085 0.865652757785 0.465222989221 0.114316239316 0.978913269779 107.0 15.0641025641 10.5764909842 1.40344222087 534.061818182 530.366251378 442 548 42.0953210525 9.44626050916 0.101310129299 2115094.59796
LAUB micro 1246.0 174 512.77164308 0.42368876466 0.0914 0.486230405366 0.389651482445 -0.0194990401572 0.725759458317 0.238592926219 0.174959871589 0.937113691582 218.0 30.8988764045 7.08826244846 1.56648242177 258.879715965 284.268642683 251 294 24.271525587 4.92935648713 0.155054149036 1689.80019545
LAUB micro 1102.0 264 68.0455697661 0.53326562078 0.2045 1.2089792062 0.522466039707 -0.0110691103272 0.851232991412 0.434116333292 0.0580762250454 0.981475686839 64.0 11.6152450091 5.05350487651 1.29992033023 424.693188011 434.594141768 388 465 37.5452435011 7.9526730773 0.0514687143639 1.69424439001e+21
LAUB micro 1095.0 227 227.499785583 0.509590561724 0.0932 0.581134323001 0.420690764991 -0.0121277294148 0.752008558294 0.257178491675 0.143378995434 0.95271408019 157.0 24.4748858447 7.1357384402 1.97902462437 449.888482633 477.858152479 355 447 32.2925896445 6.8599159972 0.127066326298 23734.2687736
LAUB micro 36.0 17 3.73529411765 0.752098590653 0.5606 1.00460767291 0.704248366013 -0.113180229599 0.897455957739 0.732109462574 0.194444444444 0.895061728395 7.0 38.8888888889 1.97111288707 1.28561996966 23.7324675325 32.253968254 26 30 4.46488501241 2.83333333333 0.172321899963 587.382605656
LAUB micro 1029.0 296 98.8468964727 0.610482733509 0.1093 0.769555814878 0.549641478213 -0.00849843225895 0.838946585119 0.397901452418 0.151603498542 0.969082232365 156.0 19.1448007775 12.6514033585 1.55882354559 474.072213321 490.951679268 442 529 42.5296170093 9.22749935855 0.134355102401 10235.6390298
LAUB micro 826.0 242 24.8990775351 0.577748102017 0.3197 1.19179001327 0.570598122986 -0.0113024691099 0.890716390882 0.547021644936 0.0508474576271 0.987072680264 42.0 8.47457627119 3.80170293514 1.14595296588 432.630787879 424.219623921 362 445 35.8812773625 8.42025690773 0.04506238604 1.92194774574e+27
LAUB micro 1502.0 269 299.773761305 0.482536578814 0.0945 0.686202021061 0.430934714062 -0.0113930571824 0.766274554747 0.26773910024 0.115845539281 0.960671169023 174.0 22.1704394141 7.40604195142 1.63704596932 447.756374871 449.838721104 397 480 36.6392869316 6.94092439267 0.102665436104 1535523.19768
LAUB micro 985.0 180 285.177995034 0.496691366828 0.0955 0.856366065937 0.458573040045 -0.0169962633715 0.757480472787 0.279825160456 0.175634517766 0.941831018578 173.0 28.0203045685 7.53779172987 1.52994765022 286.337465014 280.986139085 261 312 25.9697238474 5.73527689089 0.155652038637 1620.04521986
LAUB micro 1163.0 153 808.504471964 0.439023059078 0.0671 0.760698512929 0.384030482356 -0.0215669864426 0.66898577185 0.183828484348 0.191745485813 0.902605338434 223.0 36.8873602752 6.66701856548 1.68577953931 244.210502387 256.989353711 223 267 21.533532771 4.48643699821 0.169930011003 668.025143741
LAUB micro 789.0 245 37.7790899967 0.595985309664 0.2161 0.840831983324 0.553332816016 -0.0103163724992 0.866164773621 0.476764985568 0.084917617237 0.981110677391 67.0 13.4347275032 6.39237518962 1.49870842593 490.110659898 498.158777969 381 480 36.5775067307 8.72223096773 0.0752562788407 38253503049.5
LAUB micro 61.0 14 100.401098901 0.514072231512 0.1692 1.11841676794 0.432084309133 -0.189007721836 0.577547020874 0.276259670182 0.639344262295 0.577801666219 39.0 70.4918032787 3.27250371551 2.32462770672 25.3866666667 24.4217687075 22 28 3.16234465701 1.79251631906 0.530098421119 5.12689512522
LAUB micro 929.0 253 191.499090282 0.595864329532 0.066 1.02852579596 0.525266234678 -0.010161515714 0.799593317292 0.327253283383 0.232508073197 0.940131465365 216.0 25.6189451023 14.3988437065 1.51436230027 462.896526369 472.40678057 387 479 36.8738645566 8.3006607438 0.206054510525 145.610994467
LAUB micro 1074.0 281 94.546797153 0.570558368197 0.1342 0.956738410744 0.522316547049 -0.00954749965985 0.834660061466 0.391503377996 0.120111731844 0.973490562439 129.0 18.0633147114 9.19995801196 1.53134793161 445.553215284 487.847838467 419 500 40.119525954 8.57440867765 0.106446250823 668688.632638
LAUB micro 943.0 202 157.695409093 0.526855172242 0.1219 0.780362806051 0.475851243661 -0.0141082484387 0.7869375872 0.319343274207 0.112407211029 0.959405071021 106.0 21.5270413574 6.28950515015 1.67831929683 307.170350943 338.461992066 297 350 29.3470659657 6.57802505116 0.0996182970286 3211737.34636
LAUB micro 1105.0 177 450.184964047 0.456139684442 0.0801 0.635790006465 0.42063552931 -0.0182503739344 0.731190126517 0.244458206996 0.219909502262 0.929460084765 243.0 32.036199095 8.8358500439 1.54686794048 285.129600874 296.319886681 260 312 25.1155865889 5.32466301273 0.194889626385 214.87633818
LAUB micro 1575.0 322 541.847961533 0.537105183469 0.0424 0.867517834565 0.4783436853 -0.00901922161804 0.761087915672 0.249345425749 0.260317460317 0.926777727387 410.0 29.0158730159 16.4891188788 1.40579783417 472.311263061 525.931026912 467 543 43.6022194976 8.11363735393 0.230695391944 73.4001557342
LAUB micro 614.0 100 488.384242424 0.47081584292 0.0723 0.513299911011 0.407328990228 -0.0307949591938 0.667944901484 0.20880344905 0.320846905537 0.861749196278 197.0 48.6970684039 7.37907522778 1.74921666278 188.074478258 186.975630862 151 188 15.42057293 4.03567156136 0.284183404519 27.5990962962
LAUB micro 828.0 207 82.5533980583 0.549353069715 0.163 0.883639531612 0.544685990338 -0.0139265760582 0.846939239214 0.439386942008 0.140096618357 0.970363952484 116.0 17.6328502415 9.49507450326 1.18303082354 349.052157592 347.402198195 305 370 30.6592642798 7.19374728497 0.124157395353 34562.0916022
LAUB micro 1205.0 311 213.226159112 0.589517983297 0.066 0.898197188044 0.530474576723 -0.00854313474379 0.810115133604 0.334109052385 0.206639004149 0.951261858439 249.0 24.979253112 15.4207800193 1.40785948652 512.518586693 530.030747037 461 556 43.6974538809 8.95915118979 0.183129033469 347.764185405
LAUB micro 973.0 241 84.6777662517 0.557869343202 0.162 0.951255438255 0.536233490978 -0.0116851871476 0.843756112844 0.422049774877 0.118191161357 0.974384433138 115.0 16.7523124358 8.36606425303 1.33772934247 370.495726496 372.020771872 350 414 34.8817736239 7.72610529183 0.104744189545 961745.235426
LAUB micro 12.0 10 0.4 0.931116999044 0.8 1.20459179491 0.85 -0.0599243066546 0.959900932368 0.902003136424 0.25 0.875 3.0 33.3333333333 2.66666666667 3.16227766017 88.5454545455 69.4545454545 19 28 3.62186643944 2.88675134595 0.221554589211 92.4275999491
LAUB micro 1060.0 241 141.132330567 0.534193406873 0.121 0.771693216338 0.484459406561 -0.0117293768124 0.804236992903 0.338992007849 0.131132075472 0.96570487718 139.0 19.8113207547 7.85984230784 1.60035400257 396.27007671 421.501794365 359 433 34.4529380826 7.40225615785 0.116212776074 111125.096649
LAUB micro 973.0 221 129.705265323 0.530668376859 0.1305 0.812936104204 0.486650886143 -0.0128574022528 0.805394819593 0.346803537122 0.125385405961 0.965334324817 122.0 20.7605344296 7.20182748412 1.58944111617 353.964240102 372.066401596 329 394 31.9749591552 7.08493472819 0.111119922821 267571.147402
LAUB micro 1083.0 302 87.9510351807 0.594313292822 0.1279 0.984197418249 0.53617924211 -0.00847754456105 0.834744675508 0.387164305 0.100646352724 0.974117755389 109.0 18.3748845799 8.4347727675 1.60156562933 532.498547663 537.322097378 458 562 43.0769832028 9.17683059449 0.0891955077325 71612991.374
LAUB micro 401.0 75 344.391711712 0.515224410856 0.0776 0.556211441534 0.406783042394 -0.0362964775761 0.640496531969 0.201140254624 0.334164588529 0.828178929236 134.0 56.8578553616 6.00974284315 2.19903713139 146.482608696 136.902138186 116 146 12.34575846 3.74532127079 0.295872418935 23.6243953042
LAUB micro 893.0 221 163.721061292 0.581465638265 0.0911 0.656695408918 0.488672581618 -0.0115569926346 0.779611285443 0.301152120191 0.146696528555 0.950307793978 131.0 28.1075027996 8.33020326675 1.89763449391 347.352017937 381.628191427 331 394 32.3787175837 7.39548301958 0.130006413476 16632.7400962
LAUB micro 940.0 260 82.0754380754 0.587994972259 0.1378 1.10489647156 0.535188216039 -0.0100570870486 0.838981713087 0.406171903365 0.121276595745 0.972095971028 114.0 19.2553191489 8.92761991384 1.50350079487 419.884375475 459.653688991 390 468 37.8329746825 8.48026494969 0.107478584576 540777.147892
LAUB micro 1149.0 170 466.420779673 0.445337509349 0.0897 0.867869687069 0.362207546204 -0.0182028756774 0.697182970446 0.206477845634 0.137510879025 0.93441074503 158.0 27.0670147955 5.45220124258 1.97740747033 301.377498625 302.452130001 257 316 23.9830366607 5.0152075085 0.121865843535 47331.6648541
LAUB micro 428.0 76 280.129122807 0.490454332012 0.1029 0.795341073039 0.436792916872 -0.0399951589464 0.700464255489 0.263603951046 0.296728971963 0.872150406149 127.0 47.1962616822 6.07823693615 1.69437706952 112.278310795 121.388679095 110 129 12.378028566 3.67359865837 0.262918524951 38.3161325236
LAUB micro 755.0 161 274.152950311 0.543035815594 0.0747 0.754761908962 0.473662128255 -0.0173613662313 0.741960499993 0.264929994583 0.235761589404 0.916836980834 178.0 38.4105960265 8.90618401941 1.65879629013 295.646424742 275.947897576 241 298 24.1446830926 5.85938992824 0.208937702214 132.888004593
LAUB micro 897.0 247 93.3555840822 0.573128298762 0.1242 0.937254100345 0.524496860881 -0.0107275575288 0.834076159654 0.398426149546 0.153846153846 0.967409014813 138.0 19.5094760312 11.279375912 1.4929477917 460.719742063 460.02929878 379 471 36.1814941649 8.24708995668 0.136342603916 8319.57332084
LAUB micro 1012.0 186 383.015402499 0.52081568325 0.0721 0.794593470101 0.425358068766 -0.0151556887722 0.71389959794 0.22003546368 0.182806324111 0.925436266775 185.0 33.2015810277 7.41293200981 1.95698224693 290.980447949 300.245591973 274 326 26.735325488 5.8468599052 0.162007886336 1062.96637544
LAUB micro 939.0 224 82.3800248238 0.544980428933 0.1765 0.856698729955 0.542294233988 -0.0131482290682 0.854456853859 0.452478303164 0.123535676251 0.974700613913 116.0 17.1458998935 9.06321195389 1.11410706749 320.123873719 351.932171317 319 368 32.579402714 7.30996373145 0.109480642548 364212.330335
LAUB micro 1137.0 282 140.550579238 0.542045145438 0.104 1.01591284936 0.507260614907 -0.00999942084189 0.824187777948 0.368626437215 0.160949868074 0.965903421261 183.0 20.3166226913 12.5743278708 1.38511213939 554.486567553 528.422599964 431 540 39.9366216119 8.36313054463 0.142638106734 4552.57645871
LAUB micro 921.0 198 296.877941855 0.532613126805 0.0683 0.7460867943 0.473513638009 -0.0144591774706 0.762512264492 0.281189448667 0.252985884908 0.926000983211 233.0 30.9446254072 11.9870925606 1.53591622873 333.103213611 347.821868392 295 358 28.8625233982 6.52432182256 0.22420014583 86.2411735998
LAUB micro 1010.0 157 811.285562633 0.48964139614 0.0488 0.667331605622 0.408179352967 -0.0192012518966 0.661292404 0.175144303767 0.326732673267 0.869563768258 330.0 44.8514851485 9.93645022723 1.80001274538 237.941678738 258.055928083 230 271 22.5508295378 4.94013668789 0.289355231527 25.7145405839
LAUB micro 779.0 150 309.096599553 0.530736841031 0.0807 0.805241332348 0.433718442448 -0.0184540424248 0.720891302527 0.241910268874 0.18998716303 0.917439658823 148.0 37.8690629012 7.30182944143 1.97024854053 203.031038751 229.651555027 216 242 22.379055693 5.37430772925 0.168371738388 728.427538719
LAUB micro 814.0 180 100.574922408 0.507869291172 0.1698 0.893280825806 0.49297024297 -0.0167560941793 0.820954619359 0.391260634831 0.110565110565 0.967274176119 90.0 20.515970516 6.09584226709 1.35002250554 306.96954156 310.337793426 267 325 26.7086031884 6.3089967351 0.0979857779985 4903769.72865
LAUB micro 1042.0 275 94.8531652289 0.587100401183 0.1319 0.725786247143 0.568462746467 -0.00997729159794 0.854639753074 0.439959139946 0.141074856046 0.972426788879 147.0 18.6180422265 12.0898272749 1.14746201635 418.458064035 428.756593446 397 468 39.4307170237 8.51920039862 0.125024335932 30818.4153426
LAUB micro 1090.0 272 80.4575103104 0.53393479538 0.1669 0.999929787017 0.510415542364 -0.0104438647688 0.839861385163 0.405317321242 0.0935779816514 0.977971551216 102.0 15.0458715596 7.07284466094 1.41549825121 526.455667789 504.044759595 416 520 38.7478691832 8.23864244629 0.082931326969 821390035.438
LAUB micro 918.0 162 315.465838509 0.468435759445 0.0929 0.583007727986 0.389978213508 -0.0183877564057 0.722589068463 0.239115917044 0.154684095861 0.933558318026 142.0 30.3921568627 6.3618984232 1.88191439797 278.158280106 334.338669103 248 303 23.5994344317 5.34679673207 0.137085210691 7716.52567587
LAUB micro 1041.0 259 125.763191763 0.553231459949 0.1142 0.892406808999 0.518809876159 -0.0107394093797 0.821486028575 0.36840628354 0.146974063401 0.966197617195 153.0 20.6532180596 10.1898987172 1.41610015833 475.949145299 460.222521262 392 485 37.1333242446 8.02739066949 0.130252372329 16162.1027152
LAUB micro 1044.0 246 59.2137381782 0.54835258323 0.234 0.956833660431 0.562891318568 -0.011959436843 0.867834667586 0.48095025275 0.0727969348659 0.98262466787 76.0 11.7816091954 5.42225689222 1.07700158501 384.488816507 344.919044207 347 412 35.2476663761 7.61350886526 0.0645146037686 9.37640152868e+13
LAUB micro 951.0 254 96.6259531294 0.568916828924 0.1271 0.790694286137 0.516219975658 -0.0104423585478 0.828280640062 0.383980398584 0.141955835962 0.969032541981 135.0 18.7171398528 10.0907183991 1.58238199655 442.972903226 464.354867911 387 474 36.8938361179 8.23651432609 0.125805084055 27849.2438863
LAUB micro 850.0 146 451.44393009 0.507036591552 0.0703 0.794464757827 0.430265914585 -0.0203158509414 0.709746845371 0.230117780989 0.261176470588 0.902549480969 222.0 40.3529411765 8.48331528008 1.72916629538 188.296674374 223.229892082 205 224 21.4966522279 5.00775868616 0.23145633456 72.0829600285
LAUB micro 899.0 290 54.775432526 0.637666597007 0.1497 0.989567989614 0.589543937709 -0.00845736846979 0.873500272554 0.48632704694 0.130144605117 0.976964888685 117.0 16.0177975528 12.8789448104 1.31529387518 458.005061753 491.926485107 433 516 42.4919825473 9.67204151649 0.115337653257 128212.530951
LAUB micro 1004.0 250 109.806971888 0.548744615124 0.1285 0.896872230827 0.502756972112 -0.0110004964299 0.817967030789 0.363466316917 0.119521912351 0.96887549404 120.0 20.1195219124 7.92522531657 1.55065984918 441.539090593 462.140671597 381 468 36.0256226368 7.88993003872 0.105923536907 746296.875092
LAUB micro 1271.0 315 210.689859468 0.589219470455 0.0719 0.831528219517 0.509387683739 -0.0081941821604 0.789575020189 0.295817193391 0.166011014949 0.955872730728 211.0 25.9638080252 11.3563542465 1.73130168141 509.880601288 532.873700303 469 563 43.9310802592 8.83563523689 0.147123431365 3096.4396388
LAUB micro 921.0 127 446.142357205 0.43909857057 0.1062 0.617323723007 0.449015534296 -0.0275628847006 0.749560149719 0.291673893811 0.229098805646 0.925854798342 211.0 31.7046688382 7.71590021986 1.18184855436 189.795454545 172.282604725 173 203 18.4602941532 4.18479228013 0.203033250241 160.85918896
LAUB micro 847.0 235 69.6333151482 0.580858089272 0.1578 1.04173509448 0.541696601271 -0.0113208048964 0.847123948609 0.431612086371 0.125147579693 0.973032119753 106.0 18.6540731995 9.00549554874 1.42510940283 401.53396565 400.566304482 353 430 34.7093427309 8.07469555974 0.110909154779 278186.38048
LAUB micro 1035.0 239 99.4154917197 0.5287859513 0.1593 1.00914343208 0.520635498151 -0.0123655533221 0.836194801881 0.405272954388 0.113043478261 0.97372820836 117.0 17.4879227053 7.69806236079 1.27612548597 388.927990492 386.780109865 351 422 34.2832940957 7.42895497231 0.100182174182 2787934.42407
LAUB micro 961.0 223 131.223649659 0.545068924407 0.1245 0.880060850326 0.510846791692 -0.0127393165506 0.811416061959 0.357821337227 0.120707596254 0.963971582671 116.0 22.6847034339 7.62351807593 1.44510935745 364.032832278 368.545933659 329 396 32.3239410604 7.1935483871 0.106974321907 599424.513465
LAUB micro 1046.0 138 779.296519623 0.429708052969 0.0691 0.939447499579 0.374774849669 -0.0243237304934 0.675578655401 0.196374953193 0.247609942639 0.895173820692 259.0 43.1166347992 7.52468347235 1.63282948947 233.359458513 224.866296379 201 244 19.7044940199 4.26690765731 0.219436858747 97.8551476294
LAUB micro 936.0 251 103.422310757 0.566549542543 0.1189 1.12379216101 0.530910545851 -0.0108413029956 0.835350275469 0.400229584862 0.159188034188 0.966503670831 149.0 19.5512820513 11.9257775684 1.36826022066 475.811611917 470.009036828 383 477 36.5410773025 8.20419165328 0.141076722107 5249.33743557
LAUB micro 930.0 278 41.2666026024 0.602345270294 0.2139 0.977518148922 0.579716871664 -0.00951049292417 0.883539312361 0.51750047008 0.0978494623656 0.983186495549 91.0 12.3655913978 9.7180177578 1.16093272722 445.379978471 466.094493453 411 492 40.5256063693 9.1159791174 0.0867168281895 176774695.391
