CHU micro 2119.0 97 6423.00708763 0.385630013722 0.0698 0.163609560006 0.371250784507 -0.039227280104 0.65117791356 0.194449687908 0.352524775838 0.852366318268 747.0 44.6908919302 7.94498333427 1.32490770508 97.0 97.0 97 69 12.5347651086 2.10720241772 0.311894358564 19.5347855344
CHU micro 753.0 92 355.712732919 0.557943567298 0.1599 0.227367346036 0.495395230672 -0.0291292091164 0.780122698732 0.363082011948 0.164674634794 0.932041643078 124.0 31.7397078353 4.95722093966 1.83284653891 92.0 92.0 92 52 13.7377874267 3.35266637856 0.145939095291 3417.01327646
CHU micro 1872.0 161 1003.87274845 0.48349578222 0.1193 0.194269337645 0.4586352657 -0.0197182566384 0.768281460646 0.303736959794 0.153311965812 0.947954904485 287.0 26.5491452991 6.3293813802 1.4821356346 161.0 161.0 161 102 21.2349090851 3.72111381634 0.135869192097 8733.75125445
CHU micro 556.0 96 59.5561403509 0.64546667899 0.3627 0.247298691312 0.617580935252 -0.0254530004934 0.889163908565 0.598786667376 0.0863309352518 0.971281248383 48.0 14.928057554 3.43798983837 1.24635944715 96.0 96.0 96 51 15.0298184615 4.07130686246 0.0765087993197 18897204574.8
CHU micro 2597.0 284 308.894279102 0.547887545228 0.2136 0.205476544977 0.547813837201 -0.0105278806531 0.867319229613 0.470734337628 0.0716211012707 0.983517458683 186.0 13.0920292645 6.46730602506 1.10809842989 284.0 284.0 284 201 35.9954160385 5.57291430878 0.0634725483767 2.47747509867e+14
CHU micro 1629.0 202 392.86648441 0.58994573031 0.1426 0.231955919473 0.52198700533 -0.0129803550532 0.819408763526 0.38035153533 0.110497237569 0.965291838647 180.0 20.6875383671 6.57842601159 1.73150070807 202.0 202.0 202 132 27.1778753497 5.0048472514 0.0979256271218 4982799.29609
CHU micro 406.0 47 287.235892692 0.511477720202 0.2098 0.208266200707 0.483701918038 -0.0627005515034 0.76942903904 0.398796517882 0.233990147783 0.898565847266 95.0 40.39408867 3.93058204613 1.52214598975 47.0 47.0 47 26 7.65855732716 2.33257083483 0.207367897081 139.611470371
CHU micro 1742.0 199 506.449165017 0.556359846502 0.132 0.217144916652 0.508264629693 -0.0141567096739 0.815629420505 0.373694585703 0.150975889782 0.961929951057 263.0 22.3306544202 8.39111676352 1.52999040182 199.0 199.0 199 128 26.5316352671 4.76792045257 0.133798898619 10864.0648714
CHU micro 488.0 52 425.809954751 0.514604456972 0.1742 0.210058802899 0.464060529634 -0.0561515555306 0.747299697887 0.356055314091 0.245901639344 0.889579414136 120.0 43.237704918 4.29838135158 1.68399130121 52.0 52.0 52 31 8.23867552076 2.35392939711 0.217923160213 102.021483299
CHU micro 1202.0 104 870.229648992 0.506151930885 0.1342 0.19816950249 0.475537565596 -0.0298852250232 0.769879949292 0.337057095617 0.19384359401 0.928345990183 233.0 34.608985025 6.10391461493 1.42515197254 104.0 104.0 104 77 14.5239347862 2.9997226716 0.171789410353 604.188319133
CHU micro 1117.0 81 1877.91790123 0.456369544459 0.093 0.192792002588 0.400234313693 -0.0395128205663 0.674376003171 0.229573089038 0.25872873769 0.867244962487 289.0 49.8657117278 5.75893010639 1.74573375474 81.0 81.0 81 57 11.3986064478 2.42358598448 0.229287995553 75.9318876485
CHU micro 2709.0 270 1130.8204461 0.53322555004 0.082 0.208632085533 0.48229358927 -0.0108939608386 0.788694231884 0.303786192948 0.177925433739 0.954845973003 482.0 25.7659653008 11.3283192268 1.50576632268 270.0 270.0 270 175 34.0319590926 5.18751375934 0.157682310023 1408.67358976
CHU micro 6240.0 340 4586.65382613 0.408816166385 0.0686 0.16593051871 0.433691553544 -0.0110276108502 0.759060300496 0.24328268988 0.165544871795 0.957126325197 1033.0 24.6634615385 11.4501343949 1.09137994787 340.0 340.0 340 249 38.792798054 4.30414231011 0.146710322752 3203.87039397
CHU micro 5066.0 313 3279.77324486 0.433612270803 0.0742 0.179923072521 0.395053031612 -0.0110018392444 0.739673619975 0.221562477799 0.127911567311 0.956933109874 648.0 22.5029609159 8.26646984901 1.51637368625 313.0 313.0 313 218 36.5754721603 4.39755970803 0.113358675028 179290.125793
CHU micro 603.0 100 80.9384848485 0.658147454958 0.3121 0.252711537975 0.612935323383 -0.0238542527107 0.879372914868 0.569475312748 0.0961857379768 0.967962839204 58.0 18.2421227197 4.1915588991 1.44510219732 100.0 100.0 100 63 15.4641175382 4.07231481188 0.0852423908396 313993060.655
CHU micro 5893.0 287 7626.98404035 0.409963644379 0.0526 0.172104831316 0.371173263501 -0.0125730565484 0.690954305996 0.171052770603 0.184456134397 0.933703192538 1087.0 32.0210419141 9.48968734723 1.49317370194 287.0 287.0 287 215 32.9435380011 3.7386402408 0.163469992538 971.010298463
CHU micro 1226.0 164 176.042346252 0.600236777567 0.2421 0.225470570807 0.585664266104 -0.0164906143395 0.86695085275 0.504338479792 0.0831973898858 0.974811652904 102.0 15.3344208809 5.15974848159 1.22667164488 164.0 164.0 164 105 22.9205824767 4.68380291942 0.0737317670442 94707372699.3
CHU micro 5009.0 165 16621.7920916 0.340478002961 0.0528 0.150858512439 0.340289297446 -0.0250951060143 0.645208814456 0.158300366681 0.301457376722 0.88529192074 1510.0 39.1495308445 9.66597334435 1.286218385 165.0 165.0 165 130 19.2511048506 2.33135510167 0.267094863405 35.7373913666
CHU micro 463.0 48 274.318705674 0.501120886245 0.2573 0.201256908001 0.491900647948 -0.0636902658505 0.796776456928 0.443747630091 0.185745140389 0.919022806469 86.0 33.909287257 3.3362044782 1.32151012164 48.0 48.0 48 36 7.65755785258 2.23074917923 0.164612344256 906.149586743
CHU micro 5966.0 284 4196.97521525 0.384475735434 0.0954 0.159930033523 0.415240352608 -0.0137201431031 0.760924998782 0.256485272839 0.119175326852 0.963108862839 711.0 20.6335903453 7.58302495621 1.12235962349 284.0 284.0 284 219 32.5518138764 3.67685679579 0.105616383506 796625.988626
CHU micro 1051.0 134 446.990292896 0.592263243615 0.1218 0.237776051406 0.509919479671 -0.0190426837002 0.788937106954 0.350825308348 0.200761179829 0.93871723817 211.0 30.066603235 7.60395034816 1.89759091146 134.0 134.0 134 82 19.1160690275 4.13336197979 0.177919956749 442.824383187
CHU micro 216.0 29 123.184729064 0.635190195802 0.3181 0.243919189755 0.58908045977 -0.0855509781645 0.825512613907 0.539818359331 0.24537037037 0.891589506173 53.0 42.1296296296 3.2336143315 1.51672425272 29.0 29.0 29 23 5.20903251448 1.97320007058 0.217452405345 103.369356728
CHU micro 1006.0 120 216.608123249 0.552421487106 0.2465 0.209761583314 0.547216699801 -0.0243694519835 0.849650174186 0.482538140101 0.117296222664 0.966196854657 118.0 18.6878727634 4.79226548322 1.19433716685 120.0 120.0 120 80 17.2121088732 3.78339996672 0.103951070779 1146015.96942
CHU micro 6922.0 326 6065.61317603 0.375101168135 0.0694 0.16292329417 0.367618671153 -0.0117233139211 0.717337166019 0.192330487538 0.119329673505 0.955789617099 826.0 21.8722912453 7.7272678991 1.40263579647 326.0 326.0 326 229 36.7544777257 3.91833715741 0.105753169665 773753.828443
CHU micro 2346.0 228 1234.53257593 0.539730220458 0.0793 0.212604399652 0.467727823395 -0.0126413625267 0.762253638983 0.27185506539 0.158994032396 0.944695910908 373.0 29.5396419437 8.57698770993 1.64325054876 228.0 228.0 228 145 29.2508168832 4.70728879239 0.140904792495 5333.76835491
CHU micro 69.0 15 14.2571428571 0.714167198653 0.6139 0.272916048973 0.666666666667 -0.145865157512 0.900309260973 0.746504590883 0.202898550725 0.89140936778 14.0 34.7826086957 1.26970358046 0.781112403293 15.0 15.0 15 7 3.30648272187 1.80578779629 0.179814149807 404.66632306
CHU micro 2814.0 250 1327.59685141 0.518451054268 0.0874 0.206169943735 0.454606965174 -0.0119165085459 0.769997076011 0.277956885808 0.151030561478 0.954253759126 425.0 24.9111584932 8.51788298429 1.64449853759 250.0 250.0 250 176 31.3508742801 4.7127886318 0.133847350148 10807.5164138
CHU micro 799.0 127 130.858892638 0.657399515499 0.2336 0.255727475745 0.598080277512 -0.0185360995395 0.862735025486 0.510451100631 0.123904881101 0.966298611688 99.0 20.0250312891 5.69197577855 1.64511652373 127.0 127.0 127 81 18.8527899394 4.49293702425 0.109807841827 342106.146638
CHU micro 1471.0 132 1013.33026833 0.497771270352 0.1099 0.201642392096 0.447330202089 -0.023112724393 0.752812180928 0.293752076153 0.206662134602 0.931076728835 304.0 30.0475866757 7.0111861031 1.64303193438 132.0 132.0 132 87 17.9607114276 3.44165707168 0.183149532245 347.446607565
CHU micro 1373.0 169 338.788038884 0.567890704687 0.1639 0.223911561109 0.519830889039 -0.0161240050003 0.820729218227 0.395082761884 0.11871813547 0.963890534812 163.0 20.4661325564 5.88372951185 1.61928118211 169.0 169.0 169 105 23.2533888099 4.56090930227 0.105211208193 868983.326436
CHU micro 411.0 66 134.732167832 0.619412128099 0.2262 0.251173998837 0.560274275603 -0.0363890450069 0.823249891254 0.46881672844 0.199513381995 0.933004185388 82.0 28.9537712895 4.89202229012 1.77145984231 66.0 66.0 66 33 10.7998659626 3.2555399162 0.176814125885 467.321805953
CHU micro 2140.0 184 1363.02114517 0.510629891111 0.0907 0.198457665316 0.482496952458 -0.0168654617269 0.775493732344 0.306353343407 0.214953271028 0.940099135296 460.0 27.523364486 10.1730026183 1.38983208086 184.0 184.0 184 133 23.86366848 3.97750685074 0.19049732575 254.772003791
CHU micro 3432.0 310 715.004656018 0.512490341251 0.1467 0.19592636894 0.510647417099 -0.0101485168792 0.834610767435 0.385234943923 0.0976107226107 0.97801678702 335.0 16.0547785548 7.98127528027 1.19942624542 310.0 310.0 310 226 37.9564984744 5.29161275049 0.0865052505905 191626593.3
CHU micro 631.0 94 102.744566461 0.611610144192 0.3071 0.234026470677 0.580436321948 -0.0276237796228 0.867272958815 0.542288507934 0.110935023772 0.965363257577 70.0 17.4326465927 3.83611877045 1.35021759036 94.0 94.0 94 58 14.4246297574 3.74208091469 0.0983136050423 4496829.29107
CHU micro 1402.0 177 211.857344633 0.598562437984 0.2295 0.228826712834 0.568243913054 -0.0150352883492 0.858322786649 0.477348076998 0.0855920114123 0.975380595481 120.0 14.4793152639 4.88527255827 1.45229155633 177.0 177.0 177 129 24.2904193421 4.72714865214 0.0758539451172 27205904581.7
CHU micro 1036.0 61 1652.94972678 0.399470741937 0.1507 0.161712918804 0.471770365213 -0.0631424394646 0.743460241143 0.337469677192 0.290540540541 0.891202426917 301.0 37.4517374517 5.86273903401 0.921554868483 61.0 61.0 61 46 8.64164511961 1.8951777863 0.257448717135 42.1617586731
CHU micro 7696.0 233 14604.1327142 0.311972031879 0.0698 0.143243160421 0.333151160404 -0.0187513861268 0.682262300934 0.173382406931 0.157614345114 0.938503200896 1213.0 29.183991684 7.31012174532 1.23125831241 233.0 233.0 233 176 25.9262603737 2.65597138382 0.139682076478 5984.37116368
CHU micro 965.0 124 233.748950957 0.602388496818 0.2071 0.231987802123 0.562460304195 -0.0211422369433 0.838210503067 0.454062459683 0.110880829016 0.96106096808 107.0 21.2435233161 5.01154321391 1.54697108817 124.0 124.0 124 86 17.8983857964 3.99170123587 0.0982655761901 4554026.89539
CHU micro 196.0 25 165.89 0.574902335677 0.2785 0.225389351772 0.536734693878 -0.108220872789 0.780420591971 0.472104736373 0.301020408163 0.856361932528 59.0 48.9795918367 3.11968982031 1.58376299645 25.0 25.0 25 18 4.54707818028 1.78571428571 0.266709034558 35.9639823077
CHU micro 1403.0 91 1518.71257631 0.414860109449 0.1366 0.173256993497 0.418342171015 -0.0393764440049 0.734549625645 0.294219686285 0.198146828225 0.919572101123 278.0 34.4975053457 5.07772678009 1.35002428882 91.0 91.0 91 65 12.4200149654 2.42947568472 0.175603050197 496.244024304
CHU micro 2424.0 186 954.344899738 0.480891809077 0.1518 0.191391066716 0.459624188225 -0.0173411621593 0.796976380665 0.342592382858 0.111798679868 0.964575913037 271.0 19.7607260726 5.4837169119 1.42217853376 186.0 186.0 186 147 23.7387220866 3.77786675622 0.0990790003291 3685331.75266
CHU micro 1784.0 113 1901.36520228 0.441622704598 0.1168 0.178386051037 0.431594507719 -0.0307511522831 0.739464052878 0.28548625987 0.182735426009 0.924240005832 326.0 34.6412556054 5.85833625265 1.3376554545 113.0 113.0 113 88 14.9600353745 2.67535253953 0.161945054533 1067.16237836
CHU micro 1198.0 169 288.628979994 0.635985911525 0.149 0.241230067515 0.580370637453 -0.0148610822125 0.845041440863 0.448352402103 0.165275459098 0.960296933398 198.0 23.9565943239 9.20893276894 1.46526112661 169.0 169.0 169 112 23.7006647395 4.88268037175 0.146471561966 3268.05944968
