CHU micro 2196.0 174 3672.02870241 0.342233067946 0.0418 0.15723144023 0.326063061365 -0.0227946630768 0.616146438263 0.133042304942 0.340163934426 0.862522022157 747.0 43.1238615665 10.6191788999 1.43118409653 276.713439636 301.925372634 251 300 22.483905415 3.71306951805 0.301121038452 22.1376783915
CHU micro 839.0 178 195.843997969 0.529294483347 0.1024 0.218624212756 0.45952913447 -0.0157109812451 0.762883550659 0.288680692534 0.147794994041 0.945137309442 124.0 28.4862932062 6.91784754536 1.79708126308 268.354606795 298.945018097 264 310 26.2915122116 6.14524244986 0.130979903166 14859.9252889
CHU micro 2019.0 308 551.459484327 0.447775064001 0.0725 0.190386452667 0.40442581193 -0.0105309856228 0.740632336721 0.223709691628 0.142149579 0.955221581209 287.0 24.6161466072 8.70460870925 1.59750985264 488.442313298 547.588984543 455 543 40.3397600214 6.85460695107 0.125976784351 27242.2389963
CHU micro 645.0 185 36.5120446533 0.581457925052 0.2508 0.228406977407 0.547915357218 -0.0144139684971 0.865668968619 0.493222755763 0.0744186046512 0.978446006851 48.0 12.8682170543 4.65019934548 1.36041408644 271.199576821 312.388814593 274 318 28.4422446172 7.28436788636 0.0659517711965 2.64360206247e+13
CHU micro 2756.0 443 213.073123398 0.45430494301 0.154 0.178864467254 0.488234166702 -0.00782185138538 0.841839777259 0.380056356294 0.0674891146589 0.985343496496 186.0 12.3367198839 7.77022885504 1.00960363291 593.485740678 612.563821702 602 678 55.7972621125 8.43847794419 0.0598106705857 1.1319396896e+16
CHU micro 1766.0 339 245.680857377 0.517371878057 0.0997 0.204092058386 0.482858784581 -0.00888399925364 0.801011989883 0.311673930027 0.101925254813 0.970424104996 180.0 19.0826727067 8.41884114258 1.42790308886 471.216711872 495.245874537 476 543 45.2084864048 8.06685681883 0.090328905199 48528749.1821
CHU micro 435.0 76 190.122631579 0.4746283796 0.1487 0.195107016517 0.442316999395 -0.0415805634611 0.74683365904 0.325193916995 0.218390804598 0.911486325803 95.0 37.7011494253 5.04009530403 1.51893993246 94.927231808 107.649034644 105 113 12.3449758444 3.64392109129 0.193543732175 226.133952763
CHU micro 1879.0 336 313.895939943 0.490695322371 0.0908 0.196118153966 0.464893940546 -0.00935345354599 0.794624089046 0.300715238631 0.139968068121 0.96724022635 263.0 20.7025013305 10.6610743529 1.38795973469 466.363085264 501.729459406 473 539 44.4385782608 7.75132394398 0.124043470673 35092.7542065
CHU micro 526.0 90 261.346317104 0.475854134542 0.1167 0.197095043518 0.435023236164 -0.0347349986021 0.7248396898 0.281936070553 0.228136882129 0.904820078359 120.0 40.1140684411 5.71286778367 1.62339505657 122.759955703 134.316137566 128 145 14.2052228581 3.92418648177 0.202180796025 165.564247838
CHU micro 1287.0 189 504.506079027 0.435890504151 0.0846 0.181519941343 0.425722425722 -0.0180507875677 0.739481093245 0.251272557163 0.181041181041 0.937446909475 233.0 32.3232323232 8.15780863208 1.37410327307 318.919129082 298.887790953 274 332 26.2567294462 5.26832466304 0.160443569094 1174.02674039
CHU micro 1171.0 135 1160.6989497 0.41929554668 0.0613 0.180296042733 0.359357307777 -0.0254522795092 0.651892452485 0.175197419959 0.246797608881 0.87916711942 289.0 47.5661827498 7.49216655306 1.64010866015 193.458084772 200.366696044 189 219 18.9650909418 3.94507551726 0.218717067674 99.805079784
CHU micro 2875.0 436 718.572745966 0.466844657916 0.0572 0.187693159448 0.43984443558 -0.0075526630761 0.76943683185 0.24454872439 0.167652173913 0.959889663516 482.0 24.2782608696 14.1927747579 1.34380758992 579.45303807 623.855500886 602 673 54.6221107484 8.13144192786 0.148577870626 2751.93738338
CHU micro 6433.0 533 2992.38426977 0.343695118337 0.0465 0.151224662494 0.374235334983 -0.00774912016626 0.730174327086 0.182229111508 0.160578268304 0.959655624976 1033.0 23.9235193533 14.173215642 1.11182740831 735.523285213 774.82249205 726 828 60.666905328 6.64538938379 0.142308785013 4689.65977949
CHU micro 5240.0 487 2158.59442628 0.382037077779 0.051 0.164933227951 0.358866796244 -0.0077476712587 0.71525821179 0.16998692495 0.123664122137 0.959739452829 648.0 21.7557251908 10.2732014814 1.39330098264 644.632176717 675.22800302 661 740 56.7486738661 6.72764888665 0.109594474751 356342.164909
CHU micro 682.0 179 51.2895612328 0.572127140225 0.2216 0.220415394056 0.557291240027 -0.0154856454909 0.856934470318 0.4731525594 0.0850439882698 0.974785218565 58.0 16.1290322581 5.41957131456 1.2706780288 261.280646109 270.320759823 258 300 27.2795694938 6.85426425055 0.0753682722526 35865149817.1
CHU micro 22.0 10 6.62222222222 0.684735459799 0.4481 0.295593626128 0.609090909091 -0.199665561374 0.815218928932 0.614955422654 0.409090909091 0.776859504132 9.0 59.0909090909 2.11790695157 1.76060657299 24.6666666667 32.4296296296 17 23 2.91163907834 2.13200716356 0.360191266947 12.419909652
CHU micro 6045.0 439 5066.73918516 0.354749376346 0.0362 0.156409988624 0.328823120446 -0.00908421732689 0.666591798934 0.129533787009 0.179818031431 0.936991149232 1087.0 31.2158808933 11.716189982 1.34013439205 597.315844725 598.435720967 591 671 50.3044292957 5.64633143964 0.159359581013 1259.74891092
CHU micro 1354.0 292 108.967424563 0.513722367046 0.1653 0.201012824866 0.512454219866 -0.0104832333776 0.841141840542 0.403797245878 0.0753323485968 0.97927907682 102.0 13.8847858198 6.65902595904 1.20355182256 428.706006571 463.466985704 420 489 40.3560291911 7.9354858079 0.066761555684 1.34191801088e+13
CHU micro 5126.0 282 9910.94354004 0.299274301181 0.0324 0.14401637597 0.288018528818 -0.0154071014619 0.609145210515 0.107065747568 0.294576667967 0.89046408957 1510.0 38.2559500585 12.5959498219 1.37292793305 473.1922281 451.745517549 399 481 32.895965639 3.93876261736 0.26101661925 39.5887691045
CHU micro 511.0 96 154.599890351 0.462860800714 0.1563 0.196424178846 0.429590671885 -0.0326827052258 0.760223829609 0.327730240275 0.168297455969 0.933337418285 86.0 30.7240704501 4.8010195065 1.5506825447 186.416941176 160.46361186 144 180 15.2332216085 4.24678996996 0.149149736957 2629.5684055
CHU micro 6086.0 404 3031.04299437 0.319303875954 0.0698 0.142735667049 0.367165512148 -0.0108543146123 0.733997847086 0.200648234381 0.11682550115 0.964546074131 711.0 20.2267499178 8.98304490169 1.0232010031 513.025547743 520.252853603 524 579 46.2487642762 5.17863606007 0.103533904699 1258686.50349
CHU micro 1121.0 204 303.46303004 0.526385118788 0.0909 0.206715324605 0.479779958371 -0.0145621998191 0.775035588288 0.298847148619 0.188224799286 0.946076086965 211.0 28.1891168599 9.28144335419 1.48646511629 250.041071429 271.460038951 274 292 28.9092397595 6.09294644911 0.166809884467 796.25600599
CHU micro 232.0 45 88.1343434343 0.511947410301 0.2357 0.195375603974 0.552777777778 -0.0701220863109 0.796027083025 0.447761493669 0.228448275862 0.905729785969 53.0 39.224137931 4.01569798351 1.00851687882 63.5414585415 58.6741286957 61 71 8.07823050711 2.95439473934 0.202456752664 164.020348511
CHU micro 1101.0 215 133.957270159 0.481687150368 0.1644 0.193256473754 0.48054411423 -0.0148481603399 0.819921475263 0.377273668745 0.107175295186 0.971700237832 118.0 17.0753860127 6.22393675233 1.27036589575 325.347138047 350.237601139 310 365 30.5540819858 6.4795493278 0.0949816323374 11302475.6667
CHU micro 7104.0 508 3982.52046157 0.338069143383 0.0469 0.153995923919 0.3182436866 -0.00797845603394 0.689721669233 0.142999862651 0.116272522523 0.958022277451 826.0 21.3119369369 9.64006089474 1.40655790432 676.957116711 715.689484206 690 775 57.1691895411 6.02715327303 0.10304384015 1407267.02729
CHU micro 2468.0 350 822.627720016 0.47121305349 0.0572 0.188132447344 0.435059041445 -0.00938516334805 0.745702716861 0.223230746778 0.15113452188 0.950008405812 373.0 28.0794165316 10.5770031585 1.36131073985 438.431040635 467.21998859 472 511 44.6796440936 7.0452347195 0.133939482656 10700.9574117
CHU micro 79.0 25 11.5566666667 0.623755993881 0.4737 0.233349909496 0.607088607595 -0.104195453424 0.870107753145 0.644053936166 0.177215189873 0.915558404102 14.0 30.3797468354 1.87345089967 0.933626601888 30.3619909502 38.979338843 35 37 5.49268484494 2.81271975232 0.157052872797 1470.27325154
CHU micro 21.0 10 6.1 0.733977521351 0.4455 0.318583407675 0.671428571429 -0.18286199336 0.82724964907 0.635349918725 0.428571428571 0.775510204082 9.0 52.380952381 2.49170496394 2.05528149894 14.5 27.44 16 19 2.95612864878 2.18217890236 0.376320511835 10.9993245393
CHU micro 2960.0 396 861.434803734 0.449720490219 0.0611 0.182891962452 0.417536855037 -0.0085468648245 0.749678883153 0.22177396158 0.143581081081 0.958638604821 425.0 23.6824324324 10.6387992846 1.38043708249 538.128553316 543.885166292 542 614 49.41858381 7.27862475873 0.12724542004 23210.0455503
CHU micro 893.0 221 81.8210612916 0.569695544419 0.167 0.219322744854 0.5506275557 -0.0126104331149 0.843632620212 0.427354457725 0.110862262038 0.972902342344 99.0 17.9171332587 7.2603435998 1.31327082497 315.105381166 325.506989572 315 363 32.3787175837 7.39548301958 0.0982491216347 4573808.49526
CHU micro 1573.0 234 595.13710062 0.453994471172 0.0709 0.189903204245 0.405876951331 -0.0138987617606 0.729099642412 0.22481523619 0.19326128417 0.939684253792 304.0 28.0991735537 9.26289754305 1.58546039652 347.280806979 365.148785098 336 393 31.6544264664 5.89999299621 0.171273351891 621.078833489
CHU micro 1483.0 279 216.900157294 0.50590989563 0.1156 0.201164026356 0.474947855867 -0.0109628777975 0.801057390051 0.32376205776 0.109912339852 0.96899861728 163.0 18.9480782198 7.46812449652 1.43157619772 372.008452855 408.932690436 389 435 38.0726874709 7.24492055886 0.097407275016 5725693.08364
CHU micro 477.0 132 73.7350798057 0.588354108459 0.1514 0.23948987328 0.517724413951 -0.0191790658253 0.809694714837 0.390241006577 0.171907756813 0.949971212461 82.0 24.9475890985 6.80361956011 1.76416587429 196.164367239 228.675827461 198 231 21.2403161294 6.04386481374 0.152349282763 2056.87152389
CHU micro 2263.0 307 842.364927296 0.432977145642 0.0608 0.177301136555 0.426448129591 -0.0113918396101 0.750331071319 0.236867198455 0.203269995581 0.946409696692 460.0 26.0273972603 12.9329131278 1.25898648367 452.753727692 460.965835057 430 502 39.6144881359 6.45351165166 0.180143333705 398.484874866
CHU micro 3627.0 505 462.454840484 0.42501312544 0.1005 0.172892519461 0.45014372405 -0.00711127947953 0.807019740429 0.299440664968 0.0923628342983 0.980302207603 335.0 15.1916184174 9.91050211642 1.11359074461 728.907887479 734.033080033 700 811 61.4922024391 8.38528060334 0.0818544306663 1321632481.2
CHU micro 695.0 158 68.77630412 0.533438317017 0.2207 0.206844480442 0.530589199526 -0.0187892195807 0.842995692941 0.448156647736 0.10071942446 0.971316184463 70.0 15.8273381295 4.86811803949 1.2390303068 213.31246299 228.488719767 222 250 23.9917657366 5.99328161031 0.0892602658729 70010993.4772
CHU micro 1527.0 302 135.535026732 0.503781577045 0.1591 0.197086323099 0.506579147096 -0.0103519782998 0.833151917226 0.383628803515 0.0785854616896 0.979192693491 120.0 13.2940406025 6.24285593493 1.21455823981 461.898528597 445.922649366 427 504 41.0581808727 7.72836143044 0.0696445520984 1.44694899178e+12
CHU micro 1068.0 93 1136.29593268 0.332293686357 0.105 0.146763739979 0.396701703516 -0.0458128968525 0.706692006521 0.256630158233 0.281835205993 0.897596403372 301.0 36.329588015 7.14845084051 0.99723498091 125.029990628 127.979219477 125 142 13.1927199334 2.84575378533 0.249748284214 48.6842021481
CHU micro 7821.0 358 9724.43291395 0.276391771213 0.0469 0.135734230826 0.288534164215 -0.0129019738688 0.649384929801 0.124779565801 0.155095256361 0.940451207192 1213.0 28.7175552998 9.06660773395 1.28862964536 492.799844323 511.755437414 483 551 39.8234484744 4.0481060716 0.137449592197 7439.96453431
CHU micro 1076.0 235 134.381596654 0.522613350295 0.1355 0.207838903613 0.500087004667 -0.0125678252042 0.813506412997 0.358522966949 0.0994423791822 0.968584596675 107.0 19.0520446097 6.78860672118 1.39912635608 393.718936877 380.317539603 346 419 33.5195255083 7.16410143998 0.0881285139623 104700344.477
CHU micro 219.0 48 96.6343085106 0.51243683809 0.1803 0.207483356949 0.488869863014 -0.0616432915848 0.752616861617 0.370675188477 0.269406392694 0.884468630762 59.0 43.8356164384 4.43031434895 1.51699981462 81.8880733945 77.8364377891 71 87 8.7213535756 3.24353941632 0.2387455821 61.0682463542
CHU micro 1477.0 165 885.168366593 0.37909514745 0.0835 0.168946690609 0.35666071685 -0.0222987340306 0.697597672081 0.208719014682 0.188219363575 0.927395418534 278.0 32.769126608 6.85972097326 1.49757561808 266.99358286 268.353591021 239 287 22.4726236365 4.29332432003 0.166805067193 796.477563105
CHU micro 2577.0 339 558.305440645 0.409614486934 0.094 0.174411667905 0.406324154107 -0.010496508986 0.762345550394 0.248212585862 0.105161039969 0.968634358235 271.0 18.5875048506 7.34247077545 1.36543260667 633.494024687 543.223648659 492 606 43.0333072632 6.67793963471 0.0931965451291 19277060.7943
CHU micro 1858.0 187 1197.4797309 0.371969917861 0.0765 0.161011673408 0.381564329421 -0.0206909420456 0.706413131336 0.211067779327 0.175457481163 0.930133099123 326.0 33.2615715823 7.52788236784 1.25688399935 292.978607706 278.276572982 261 310 24.7102001038 4.33829171759 0.155495144033 1637.99390472
CHU micro 1332.0 303 169.736673005 0.544402061786 0.1025 0.210692727018 0.520530431422 -0.00960535648152 0.825730240642 0.367365431322 0.148648648649 0.967807897988 198.0 21.5465465465 11.9291249163 1.2624491697 458.090347238 473.773206551 437 514 41.9768782811 8.30214885892 0.131736434865 13636.1639492
CHU micro 46.0 16 14.7833333333 0.615395797046 0.3736 0.243881937014 0.576086956522 -0.155087320484 0.809589317934 0.562479299483 0.347826086957 0.832703213611 16.0 47.8260869565 2.71483062799 1.37960759172 26.5142857143 31.1055594652 25 31 3.91783884846 2.35907129848 0.307806112411 20.4587038707
