4455836.3 59 36
4455836.3 37 24
4455836.3 15 17
4455836.3 11 15
4455836.3 8 15
4455836.3 7 9
4455836.3 6 8
4455836.3 5 7
4455836.3 5 6
4455836.3 4 6
4455836.3 4 6
4455836.3 3 5
4455836.3 3 4
4455836.3 3 4
4455836.3 3 4
4455836.3 3 4
4455836.3 3 4
4455836.3 3 3
4455836.3 2 3
4455836.3 2 3
4455836.3 2 2
4455836.3 2 2
4455836.3 2 2
4455836.3 2 2
4455836.3 2 2
4455836.3 1 2
4455836.3 1 2
4455836.3 1 2
4455836.3 1 1
4455836.3 1 1
4455836.3 1 1
4455836.3 1 1
4455836.3 1 1
4455836.3 1 1
4455836.3 1 1
4455836.3 1 1
4455836.3 1 1
4455836.3 1 1
4455836.3 1 1
4455836.3 1 1
4455836.3 1 1
4455836.3 1 1
4455836.3 1 1
4455836.3 1 1
4455836.3 1 1
4455836.3 1 1
4455836.3 1 1
4455836.3 1 1
4455837.3 278 150
4455837.3 206 99
4455837.3 134 65
4455837.3 72 57
4455837.3 60 54
4455837.3 48 49
4455837.3 34 46
4455837.3 30 45
4455837.3 29 36
4455837.3 29 33
4455837.3 28 31
4455837.3 25 31
4455837.3 24 31
4455837.3 24 31
4455837.3 20 25
4455837.3 18 25
4455837.3 17 23
4455837.3 17 23
4455837.3 16 22
4455837.3 13 19
4455837.3 12 18
4455837.3 12 18
4455837.3 10 18
4455837.3 9 17
4455837.3 9 17
4455837.3 8 15
4455837.3 8 15
4455837.3 8 15
4455837.3 7 14
4455837.3 7 14
4455837.3 6 13
4455837.3 6 12
4455837.3 6 12
4455837.3 5 12
4455837.3 5 12
4455837.3 5 12
4455837.3 5 12
4455837.3 5 12
4455837.3 4 11
4455837.3 4 10
4455837.3 4 10
4455837.3 4 10
4455837.3 4 10
4455837.3 4 9
4455837.3 4 8
4455837.3 4 8
4455837.3 4 8
4455837.3 4 8
4455837.3 4 7
4455837.3 4 7
4455837.3 4 6
4455837.3 4 5
4455837.3 4 4
4455837.3 3 4
4455837.3 3 4
4455837.3 3 4
4455837.3 3 4
4455837.3 3 4
4455837.3 3 4
4455837.3 3 4
4455837.3 3 4
4455837.3 3 4
4455837.3 3 4
4455837.3 3 4
4455837.3 3 4
4455837.3 2 4
4455837.3 2 4
4455837.3 2 4
4455837.3 2 4
4455837.3 2 4
4455837.3 2 4
4455837.3 2 4
4455837.3 2 4
4455837.3 2 4
4455837.3 2 4
4455837.3 2 3
4455837.3 2 3
4455837.3 2 3
4455837.3 2 3
4455837.3 2 3
4455837.3 2 3
4455837.3 2 3
4455837.3 2 2
4455837.3 2 2
4455837.3 2 2
4455837.3 2 2
4455837.3 2 2
4455837.3 2 2
4455837.3 2 2
4455837.3 2 2
4455837.3 2 2
4455837.3 1 2
4455837.3 1 2
4455837.3 1 1
4455837.3 1 1
4455837.3 1 1
4455837.3 1 1
4455837.3 1 1
4455837.3 1 1
4455837.3 1 1
4455837.3 1 1
4455837.3 1 1
4455837.3 1 1
4455837.3 1 1
4455837.3 1 1
4455837.3 1 1
4455837.3 1 1
4455837.3 1 1
4455837.3 1 1
4455837.3 1 1
4455837.3 1 1
4455837.3 1 1
4455837.3 1 1
4455837.3 1 1
4455837.3 1 1
4455837.3 1 1
4455837.3 1 1
4455837.3 1 1
4455837.3 1 1
4455837.3 1 1
4455837.3 1 1
4455837.3 1 1
4455837.3 1 1
4455837.3 1 1
4455837.3 1 1
4455837.3 1 1
4455837.3 1 1
4455837.3 1 1
4455837.3 1 1
4455837.3 1 1
4455837.3 1 1
4455837.3 1 1
4455837.3 1 1
4455837.3 1 1
4455837.3 1 1
4455837.3 1 1
4455837.3 1 1
4455837.3 1 1
4455837.3 1 1
4455837.3 1 1
4455837.3 1 1
4455837.3 1 1
4455837.3 1 1
4455837.3 1 1
4455837.3 1 1
4455837.3 1 1
4455837.3 1 1
4455837.3 1 1
4455837.3 1 1
4455837.3 1 1
4455837.3 1 1
4455837.3 1 1
4455837.3 1 1
4455837.3 1 1
4455837.3 1 1
4455837.3 1 1
4455837.3 1 1
4455837.3 1 1
4455837.3 1 1
4455837.3 1 1
4455837.3 1 1
4455837.3 1 1
4455837.3 1 1
4455837.3 1 1
4455837.3 1 1
4455840.3 95 53
4455840.3 69 35
4455840.3 31 34
4455840.3 22 25
4455840.3 17 23
4455840.3 15 21
4455840.3 14 21
4455840.3 12 16
4455840.3 12 13
4455840.3 9 12
4455840.3 8 9
4455840.3 7 9
4455840.3 6 9
4455840.3 5 7
4455840.3 5 7
4455840.3 4 7
4455840.3 4 7
4455840.3 4 7
4455840.3 4 7
4455840.3 3 7
4455840.3 3 6
4455840.3 3 6
4455840.3 3 5
4455840.3 3 5
4455840.3 3 4
4455840.3 3 4
4455840.3 2 4
4455840.3 2 3
4455840.3 2 3
4455840.3 2 3
4455840.3 2 3
4455840.3 2 3
4455840.3 2 3
4455840.3 2 3
4455840.3 2 3
4455840.3 2 2
4455840.3 2 2
4455840.3 2 2
4455840.3 2 2
4455840.3 2 2
4455840.3 2 2
4455840.3 2 2
4455840.3 2 1
4455840.3 2 1
4455840.3 2 1
4455840.3 2 1
4455840.3 2 1
4455840.3 1 1
4455840.3 1 1
4455840.3 1 1
4455840.3 1 1
4455840.3 1 1
4455840.3 1 1
4455840.3 1 1
4455840.3 1 1
4455840.3 1 1
4455840.3 1 1
4455840.3 1 1
4455840.3 1 1
4455840.3 1 1
4455840.3 1 1
4455840.3 1 1
4455840.3 1 1
4455840.3 1 1
4455840.3 1 1
4455840.3 1 1
4455840.3 1 1
4455840.3 1 1
4455840.3 1 1
4455840.3 1 1
4455840.3 1 1
4455840.3 1 1
4455840.3 1 1
4455840.3 1 1
4455840.3 1 1
4455840.3 1 1
4455842.3 326 122
4455842.3 292 107
4455842.3 163 84
4455842.3 54 72
4455842.3 52 72
4455842.3 43 55
4455842.3 41 55
4455842.3 40 52
4455842.3 40 49
4455842.3 35 44
4455842.3 32 42
4455842.3 31 37
4455842.3 28 37
4455842.3 28 35
4455842.3 28 32
4455842.3 26 32
4455842.3 22 32
4455842.3 17 31
4455842.3 16 30
4455842.3 15 28
4455842.3 14 26
4455842.3 13 26
4455842.3 13 25
4455842.3 12 22
4455842.3 12 22
4455842.3 11 22
4455842.3 11 21
4455842.3 11 21
4455842.3 11 20
4455842.3 10 19
4455842.3 10 17
4455842.3 10 14
4455842.3 9 14
4455842.3 9 14
4455842.3 9 14
4455842.3 9 14
4455842.3 9 13
4455842.3 8 13
4455842.3 7 13
4455842.3 7 13
4455842.3 7 12
4455842.3 6 12
4455842.3 6 11
4455842.3 6 10
4455842.3 6 10
4455842.3 6 10
4455842.3 6 10
4455842.3 5 10
4455842.3 5 10
4455842.3 5 10
4455842.3 5 10
4455842.3 5 10
4455842.3 5 9
4455842.3 5 9
4455842.3 5 9
4455842.3 5 7
4455842.3 5 7
4455842.3 5 7
4455842.3 4 7
4455842.3 4 7
4455842.3 4 7
4455842.3 4 7
4455842.3 4 7
4455842.3 4 7
4455842.3 4 6
4455842.3 4 6
4455842.3 4 4
4455842.3 4 4
4455842.3 4 4
4455842.3 4 4
4455842.3 3 4
4455842.3 3 4
4455842.3 3 4
4455842.3 3 4
4455842.3 3 4
4455842.3 3 4
4455842.3 3 4
4455842.3 3 4
4455842.3 3 4
4455842.3 3 4
4455842.3 3 4
4455842.3 3 4
4455842.3 3 4
4455842.3 3 4
4455842.3 3 3
4455842.3 3 3
4455842.3 3 3
4455842.3 3 3
4455842.3 2 3
4455842.3 2 3
4455842.3 2 3
4455842.3 2 3
4455842.3 2 3
4455842.3 2 3
4455842.3 2 3
4455842.3 2 3
4455842.3 2 3
4455842.3 2 3
4455842.3 2 3
4455842.3 2 3
4455842.3 2 2
4455842.3 2 2
4455842.3 2 2
4455842.3 2 2
4455842.3 2 2
4455842.3 2 2
4455842.3 2 2
4455842.3 2 2
4455842.3 2 2
4455842.3 2 2
4455842.3 2 2
4455842.3 2 2
4455842.3 2 2
4455842.3 1 1
4455842.3 1 1
4455842.3 1 1
4455842.3 1 1
4455842.3 1 1
4455842.3 1 1
4455842.3 1 1
4455842.3 1 1
4455842.3 1 1
4455842.3 1 1
4455842.3 1 1
4455842.3 1 1
4455842.3 1 1
4455842.3 1 1
4455842.3 1 1
4455842.3 1 1
4455842.3 1 1
4455842.3 1 1
4455842.3 1 1
4455842.3 1 1
4455842.3 1 1
4455842.3 1 1
4455842.3 1 1
4455842.3 1 1
4455842.3 1 1
4455842.3 1 1
4455842.3 1 1
4455842.3 1 1
4455842.3 1 1
4455842.3 1 1
4455842.3 1 1
4455842.3 1 1
4455842.3 1 1
4455842.3 1 1
4455842.3 1 1
4455842.3 1 1
4455842.3 1 1
4455842.3 1 1
4455842.3 1 1
4455842.3 1 1
4455842.3 1 1
4455842.3 1 1
4455842.3 1 1
4455842.3 1 1
4455842.3 1 1
4455842.3 1 1
4455842.3 1 1
4455842.3 1 1
4455842.3 1 1
4455842.3 1 1
4455842.3 1 1
4455842.3 1 1
4455842.3 1 1
4455842.3 1 1
4455842.3 1 1
4455842.3 1 1
4455842.3 1 1
4455842.3 1 1
4455842.3 1 1
4455842.3 1 1
4455842.3 1 1
4455842.3 1 1
4455842.3 1 1
4455842.3 1 1
4455842.3 1 1
4455842.3 1 1
4455842.3 1 1
4455842.3 1 1
4455842.3 1 1
4455842.3 1 1
4455842.3 1 1
4455842.3 1 1
4455842.3 1 1
4455842.3 1 1
4455844.3 120 74
4455844.3 91 43
4455844.3 34 37
4455844.3 26 29
4455844.3 22 23
4455844.3 16 18
4455844.3 14 18
4455844.3 13 16
4455844.3 10 16
4455844.3 8 16
4455844.3 7 15
4455844.3 6 14
4455844.3 6 11
4455844.3 6 11
4455844.3 5 10
4455844.3 5 10
4455844.3 5 9
4455844.3 5 8
4455844.3 4 8
4455844.3 4 7
4455844.3 4 7
4455844.3 4 7
4455844.3 4 6
4455844.3 4 5
4455844.3 4 4
4455844.3 4 3
4455844.3 3 3
4455844.3 3 3
4455844.3 3 3
4455844.3 3 3
4455844.3 3 3
4455844.3 2 3
4455844.3 2 3
4455844.3 2 3
4455844.3 2 3
4455844.3 2 3
4455844.3 2 3
4455844.3 2 3
4455844.3 2 2
4455844.3 2 2
4455844.3 2 2
4455844.3 2 2
4455844.3 2 2
4455844.3 2 2
4455844.3 2 2
4455844.3 2 2
4455844.3 2 2
4455844.3 2 2
4455844.3 2 2
4455844.3 2 2
4455844.3 2 2
4455844.3 2 1
4455844.3 1 1
4455844.3 1 1
4455844.3 1 1
4455844.3 1 1
4455844.3 1 1
4455844.3 1 1
4455844.3 1 1
4455844.3 1 1
4455844.3 1 1
4455844.3 1 1
4455844.3 1 1
4455844.3 1 1
4455844.3 1 1
4455844.3 1 1
4455844.3 1 1
4455844.3 1 1
4455844.3 1 1
4455844.3 1 1
4455844.3 1 1
4455844.3 1 1
4455844.3 1 1
4455844.3 1 1
4455844.3 1 1
4455844.3 1 1
4455844.3 1 1
4455844.3 1 1
4455844.3 1 1
4455844.3 1 1
4455844.3 1 1
4455844.3 1 1
4455844.3 1 1
4455844.3 1 1
4455844.3 1 1
4455844.3 1 1
4455844.3 1 1
4455844.3 1 1
4455844.3 1 1
4455844.3 1 1
4455847.3 747 203
4455847.3 200 118
4455847.3 161 102
4455847.3 120 74
4455847.3 91 74
4455847.3 51 68
4455847.3 45 53
4455847.3 42 52
4455847.3 35 49
4455847.3 34 49
4455847.3 33 45
4455847.3 31 44
4455847.3 24 44
4455847.3 24 38
4455847.3 22 36
4455847.3 18 34
4455847.3 15 33
4455847.3 13 33
4455847.3 13 33
4455847.3 13 33
4455847.3 13 31
4455847.3 12 27
4455847.3 11 27
4455847.3 11 27
4455847.3 11 27
4455847.3 10 24
4455847.3 10 23
4455847.3 10 23
4455847.3 10 23
4455847.3 10 21
4455847.3 10 20
4455847.3 10 20
4455847.3 10 20
4455847.3 10 20
4455847.3 10 20
4455847.3 8 17
4455847.3 8 16
4455847.3 8 16
4455847.3 8 16
4455847.3 7 16
4455847.3 7 16
4455847.3 7 16
4455847.3 7 16
4455847.3 7 15
4455847.3 7 13
4455847.3 7 13
4455847.3 6 13
4455847.3 6 13
4455847.3 5 13
4455847.3 5 13
4455847.3 5 13
4455847.3 5 12
4455847.3 4 10
4455847.3 4 9
4455847.3 4 8
4455847.3 4 8
4455847.3 4 8
4455847.3 4 8
4455847.3 4 8
4455847.3 4 8
4455847.3 4 8
4455847.3 3 8
4455847.3 3 7
4455847.3 3 7
4455847.3 3 6
4455847.3 3 6
4455847.3 3 6
4455847.3 3 6
4455847.3 3 6
4455847.3 2 6
4455847.3 2 6
4455847.3 2 6
4455847.3 2 6
4455847.3 2 6
4455847.3 2 6
4455847.3 2 6
4455847.3 2 6
4455847.3 2 6
4455847.3 2 6
4455847.3 2 6
4455847.3 2 6
4455847.3 2 6
4455847.3 2 5
4455847.3 2 4
4455847.3 2 4
4455847.3 2 4
4455847.3 2 4
4455847.3 2 4
4455847.3 2 4
4455847.3 2 4
4455847.3 2 4
4455847.3 2 4
4455847.3 2 4
4455847.3 2 4
4455847.3 2 4
4455847.3 2 4
4455847.3 2 4
4455847.3 1 4
4455847.3 1 3
4455847.3 1 3
4455847.3 1 3
4455847.3 1 3
4455847.3 1 3
4455847.3 1 3
4455847.3 1 3
4455847.3 1 3
4455847.3 1 3
4455847.3 1 3
4455847.3 1 3
4455847.3 1 3
4455847.3 1 2
4455847.3 1 2
4455847.3 1 2
4455847.3 1 2
4455847.3 1 2
4455847.3 1 2
4455847.3 1 2
4455847.3 1 2
4455847.3 1 2
4455847.3 1 2
4455847.3 1 2
4455847.3 1 1
4455847.3 1 1
4455847.3 1 1
4455847.3 1 1
4455847.3 1 1
4455847.3 1 1
4455847.3 1 1
4455847.3 1 1
4455847.3 1 1
4455847.3 1 1
4455847.3 1 1
4455847.3 1 1
4455847.3 1 1
4455847.3 1 1
4455847.3 1 1
4455847.3 1 1
4455847.3 1 1
4455847.3 1 1
4455847.3 1 1
4455847.3 1 1
4455847.3 1 1
4455847.3 1 1
4455847.3 1 1
4455847.3 1 1
4455847.3 1 1
4455847.3 1 1
4455847.3 1 1
4455847.3 1 1
4455847.3 1 1
4455847.3 1 1
4455847.3 1 1
4455847.3 1 1
4455847.3 1 1
4455847.3 1 1
4455847.3 1 1
4455847.3 1 1
4455847.3 1 1
4455847.3 1 1
4455847.3 1 1
4455847.3 1 1
4455847.3 1 1
4455847.3 1 1
4455847.3 1 1
4455847.3 1 1
4455847.3 1 1
4455847.3 1 1
4455847.3 1 1
4455847.3 1 1
4455847.3 1 1
4455847.3 1 1
4455847.3 1 1
4455847.3 1 1
4455847.3 1 1
4455849.3 1087 214
4455849.3 800 204
4455849.3 459 202
4455849.3 254 171
4455849.3 242 167
4455849.3 223 151
4455849.3 126 121
4455849.3 119 119
4455849.3 93 116
4455849.3 73 115
4455849.3 70 102
4455849.3 56 100
4455849.3 52 96
4455849.3 48 94
4455849.3 45 92
4455849.3 43 92
4455849.3 40 89
4455849.3 40 85
4455849.3 39 82
4455849.3 39 80
4455849.3 38 76
4455849.3 37 71
4455849.3 35 66
4455849.3 34 66
4455849.3 33 60
4455849.3 33 60
4455849.3 33 60
4455849.3 32 59
4455849.3 31 59
4455849.3 30 59
4455849.3 30 58
4455849.3 30 58
4455849.3 24 58
4455849.3 24 56
4455849.3 24 55
4455849.3 24 55
4455849.3 23 47
4455849.3 22 47
4455849.3 21 47
4455849.3 21 44
4455849.3 20 44
4455849.3 20 44
4455849.3 20 44
4455849.3 20 44
4455849.3 20 40
4455849.3 20 40
4455849.3 20 40
4455849.3 19 40
4455849.3 18 40
4455849.3 17 37
4455849.3 17 37
4455849.3 17 35
4455849.3 17 35
4455849.3 16 34
4455849.3 16 31
4455849.3 16 31
4455849.3 16 31
4455849.3 16 31
4455849.3 15 31
4455849.3 15 29
4455849.3 15 29
4455849.3 14 27
4455849.3 12 23
4455849.3 12 23
4455849.3 12 23
4455849.3 12 23
4455849.3 12 23
4455849.3 11 22
4455849.3 11 22
4455849.3 11 21
4455849.3 11 21
4455849.3 11 21
4455849.3 11 21
4455849.3 11 21
4455849.3 11 21
4455849.3 10 20
4455849.3 10 20
4455849.3 10 20
4455849.3 10 19
4455849.3 9 18
4455849.3 9 17
4455849.3 9 16
4455849.3 9 16
4455849.3 9 16
4455849.3 9 16
4455849.3 9 16
4455849.3 9 16
4455849.3 8 16
4455849.3 8 16
4455849.3 8 16
4455849.3 8 16
4455849.3 8 16
4455849.3 8 16
4455849.3 8 16
4455849.3 8 16
4455849.3 7 16
4455849.3 7 16
4455849.3 7 16
4455849.3 7 16
4455849.3 7 15
4455849.3 7 15
4455849.3 7 15
4455849.3 7 14
4455849.3 7 12
4455849.3 6 11
4455849.3 6 11
4455849.3 6 11
4455849.3 6 11
4455849.3 6 11
4455849.3 6 11
4455849.3 6 11
4455849.3 6 11
4455849.3 6 11
4455849.3 6 11
4455849.3 6 10
4455849.3 6 10
4455849.3 6 10
4455849.3 6 10
4455849.3 6 10
4455849.3 6 10
4455849.3 6 10
4455849.3 6 10
4455849.3 5 10
4455849.3 5 9
4455849.3 5 8
4455849.3 5 8
4455849.3 5 8
4455849.3 5 7
4455849.3 5 7
4455849.3 5 7
4455849.3 5 7
4455849.3 5 7
4455849.3 5 7
4455849.3 5 7
4455849.3 5 7
4455849.3 5 7
4455849.3 5 7
4455849.3 5 7
4455849.3 5 7
4455849.3 5 7
4455849.3 5 7
4455849.3 4 7
4455849.3 4 7
4455849.3 4 5
4455849.3 4 5
4455849.3 4 5
4455849.3 4 5
4455849.3 4 5
4455849.3 4 5
4455849.3 4 5
4455849.3 4 5
4455849.3 4 5
4455849.3 4 5
4455849.3 4 5
4455849.3 4 5
4455849.3 4 4
4455849.3 4 4
4455849.3 4 4
4455849.3 4 4
4455849.3 4 4
4455849.3 4 4
4455849.3 4 4
4455849.3 4 4
4455849.3 4 4
4455849.3 4 4
4455849.3 4 4
4455849.3 4 4
4455849.3 3 4
4455849.3 3 4
4455849.3 3 4
4455849.3 3 4
4455849.3 3 4
4455849.3 3 4
4455849.3 3 4
4455849.3 3 4
4455849.3 3 4
4455849.3 3 4
4455849.3 3 4
4455849.3 3 4
4455849.3 3 4
4455849.3 3 4
4455849.3 3 4
4455849.3 3 4
4455849.3 3 4
4455849.3 3 4
4455849.3 3 3
4455849.3 3 3
4455849.3 3 3
4455849.3 3 3
4455849.3 3 3
4455849.3 3 3
4455849.3 3 3
4455849.3 3 3
4455849.3 3 3
4455849.3 3 2
4455849.3 3 2
4455849.3 3 2
4455849.3 3 2
4455849.3 3 2
4455849.3 3 2
4455849.3 3 2
4455849.3 3 2
4455849.3 3 2
4455849.3 3 2
4455849.3 3 2
4455849.3 3 2
4455849.3 3 2
4455849.3 3 2
4455849.3 3 2
4455849.3 3 2
4455849.3 3 2
4455849.3 3 2
4455849.3 3 2
4455849.3 3 2
4455849.3 3 2
4455849.3 2 2
4455849.3 2 2
4455849.3 2 2
4455849.3 2 2
4455849.3 2 2
4455849.3 2 2
4455849.3 2 2
4455849.3 2 2
4455849.3 2 2
4455849.3 2 2
4455849.3 2 2
4455849.3 2 2
4455849.3 2 2
4455849.3 2 2
4455849.3 2 2
4455849.3 2 2
4455849.3 2 2
4455849.3 2 2
4455849.3 2 2
4455849.3 2 2
4455849.3 2 2
4455849.3 2 2
4455849.3 2 1
4455849.3 2 1
4455849.3 2 1
4455849.3 2 1
4455849.3 2 1
4455849.3 2 1
4455849.3 2 1
4455849.3 2 1
4455849.3 2 1
4455849.3 2 1
4455849.3 2 1
4455849.3 2 1
4455849.3 2 1
4455849.3 2 1
4455849.3 2 1
4455849.3 2 1
4455849.3 2 1
4455849.3 2 1
4455849.3 2 1
4455849.3 2 1
4455849.3 2 1
4455849.3 2 1
4455849.3 2 1
4455849.3 2 1
4455849.3 2 1
4455849.3 2 1
4455849.3 2 1
4455849.3 2 1
4455849.3 2 1
4455849.3 2 1
4455849.3 2 1
4455849.3 2 1
4455849.3 2 1
4455849.3 2 1
4455849.3 2 1
4455849.3 2 1
4455849.3 2 1
4455849.3 2 1
4455849.3 2 1
4455849.3 2 1
4455849.3 2 1
4455849.3 2 1
4455849.3 2 1
4455849.3 2 1
4455849.3 2 1
4455849.3 2 1
4455849.3 2 1
4455849.3 2 1
4455849.3 2 1
4455849.3 2 1
4455849.3 1 1
4455849.3 1 1
4455849.3 1 1
4455849.3 1 1
4455849.3 1 1
4455849.3 1 1
4455849.3 1 1
4455849.3 1 1
4455849.3 1 1
4455849.3 1 1
4455849.3 1 1
4455849.3 1 1
4455849.3 1 1
4455849.3 1 1
4455849.3 1 1
4455849.3 1 1
4455849.3 1 1
4455849.3 1 1
4455849.3 1 1
4455849.3 1 1
4455849.3 1 1
4455849.3 1 1
4455849.3 1 1
4455849.3 1 1
4455849.3 1 1
4455849.3 1 1
4455849.3 1 1
4455849.3 1 1
4455849.3 1 1
4455849.3 1 1
4455849.3 1 1
4455849.3 1 1
4455849.3 1 1
4455849.3 1 1
4455849.3 1 1
4455849.3 1 1
4455849.3 1 1
4455849.3 1 1
4455849.3 1 1
4455849.3 1 1
4455849.3 1 1
4455849.3 1 1
4455849.3 1 1
4455849.3 1 1
4455849.3 1 1
4455849.3 1 1
4455849.3 1 1
4455849.3 1 1
4455849.3 1 1
4455849.3 1 1
4455849.3 1 1
4455849.3 1 1
4455849.3 1 1
4455849.3 1 1
4455849.3 1 1
4455849.3 1 1
4455849.3 1 1
4455849.3 1 1
4455849.3 1 1
4455849.3 1 1
4455849.3 1 1
4455849.3 1 1
4455849.3 1 1
4455849.3 1 1
4455849.3 1 1
4455849.3 1 1
4455849.3 1 1
4455849.3 1 1
4455849.3 1 1
4455849.3 1 1
4455849.3 1 1
4455849.3 1 1
4455849.3 1 1
4455849.3 1 1
4455849.3 1 1
4455849.3 1 1
4455849.3 1 1
4455849.3 1 1
4455849.3 1 1
4455849.3 1 1
4455849.3 1 1
4455849.3 1 1
4455849.3 1 1
4455849.3 1 1
4455849.3 1 1
4455849.3 1 1
4455849.3 1 1
4455849.3 1 1
4455849.3 1 1
4455849.3 1 1
4455849.3 1 1
4455849.3 1 1
4455849.3 1 1
4455849.3 1 1
4455849.3 1 1
4455849.3 1 1
4455849.3 1 1
4455849.3 1 1
4455849.3 1 1
4455849.3 1 1
4455849.3 1 1
4455849.3 1 1
4455849.3 1 1
4455849.3 1 1
4455849.3 1 1
4455849.3 1 1
4455849.3 1 1
4455849.3 1 1
4455849.3 1 1
4455849.3 1 1
4455849.3 1 1
4455849.3 1 1
4455849.3 1 1
4455849.3 1 1
4455849.3 1 1
4455849.3 1 1
4455849.3 1 1
4455849.3 1 1
4455849.3 1 1
4455849.3 1 1
4455849.3 1 1
4455849.3 1 1
4455849.3 1 1
4455849.3 1 1
4455849.3 1 1
4455849.3 1 1
4455849.3 1 1
4455849.3 1 1
4455849.3 1 1
4455849.3 1 1
4455849.3 1 1
4455849.3 1 1
4455849.3 1 1
4455849.3 1 1
4455849.3 1 1
4455849.3 1 1
4455849.3 1 1
4455849.3 1 1
4455849.3 1 1
4455849.3 1 1
4455849.3 1 1
4455849.3 1 1
4455849.3 1 1
4455849.3 1 1
4455849.3 1 1
4455849.3 1 1
4455849.3 1 1
4455849.3 1 1
4455849.3 1 1
4455849.3 1 1
4455849.3 1 1
4455849.3 1 1
4455851.3 14 18
4455851.3 10 10
4455851.3 8 7
4455851.3 8 6
4455851.3 6 5
4455851.3 4 4
4455851.3 3 4
4455851.3 2 3
4455851.3 2 3
4455851.3 2 3
4455851.3 2 2
4455851.3 2 1
4455851.3 2 1
4455851.3 2 1
4455851.3 2 1
4455851.3 1 1
4455851.3 1 1
4455851.3 1 1
4455851.3 1 1
4455851.3 1 1
4455851.3 1 1
4455851.3 1 1
4455851.3 1 1
4455851.3 1 1
4455851.3 1 1
4455855.3 86 51
4455855.3 71 41
4455855.3 41 31
4455855.3 25 30
4455855.3 24 24
4455855.3 22 20
4455855.3 17 17
4455855.3 15 17
4455855.3 14 16
4455855.3 13 12
4455855.3 12 11
4455855.3 11 11
4455855.3 8 11
4455855.3 7 11
4455855.3 5 11
4455855.3 5 11
4455855.3 4 9
4455855.3 4 8
4455855.3 4 8
4455855.3 3 8
4455855.3 3 7
4455855.3 3 7
4455855.3 3 6
4455855.3 3 6
4455855.3 3 6
4455855.3 3 5
4455855.3 3 5
4455855.3 3 5
4455855.3 3 5
4455855.3 3 5
4455855.3 3 4
4455855.3 3 4
4455855.3 3 3
4455855.3 3 3
4455855.3 3 3
4455855.3 3 3
4455855.3 2 3
4455855.3 2 3
4455855.3 2 2
4455855.3 2 2
4455855.3 2 2
4455855.3 2 2
4455855.3 2 2
4455855.3 2 2
4455855.3 2 2
4455855.3 2 2
4455855.3 2 2
4455855.3 2 2
4455855.3 1 2
4455855.3 1 2
4455855.3 1 1
4455855.3 1 1
4455855.3 1 1
4455855.3 1 1
4455855.3 1 1
4455855.3 1 1
4455855.3 1 1
4455855.3 1 1
4455855.3 1 1
4455855.3 1 1
4455855.3 1 1
4455855.3 1 1
4455855.3 1 1
4455855.3 1 1
4455855.3 1 1
4455855.3 1 1
4455855.3 1 1
4455855.3 1 1
4455855.3 1 1
4455855.3 1 1
4455855.3 1 1
4455855.3 1 1
4455855.3 1 1
4455855.3 1 1
4455855.3 1 1
4455855.3 1 1
4455855.3 1 1
4455855.3 1 1
4455855.3 1 1
4455855.3 1 1
4455855.3 1 1
4455855.3 1 1
4455855.3 1 1
4455855.3 1 1
4455855.3 1 1
4455855.3 1 1
4455855.3 1 1
4455855.3 1 1
4455855.3 1 1
4455855.3 1 1
4455855.3 1 1
4455855.3 1 1
4455855.3 1 1
4455855.3 1 1
4455855.3 1 1
4455855.3 1 1
4455856.3 1510 279
4455856.3 451 224
4455856.3 357 175
4455856.3 314 154
4455856.3 280 127
4455856.3 133 114
4455856.3 92 111
4455856.3 87 111
4455856.3 73 104
4455856.3 73 102
4455856.3 64 99
4455856.3 63 96
4455856.3 62 95
4455856.3 57 84
4455856.3 56 82
4455856.3 53 80
4455856.3 50 78
4455856.3 48 77
4455856.3 47 76
4455856.3 41 65
4455856.3 31 64
4455856.3 30 64
4455856.3 29 64
4455856.3 27 64
4455856.3 25 62
4455856.3 25 56
4455856.3 25 56
4455856.3 24 56
4455856.3 24 51
4455856.3 23 51
4455856.3 23 51
4455856.3 23 49
4455856.3 22 48
4455856.3 22 48
4455856.3 21 48
4455856.3 19 46
4455856.3 18 43
4455856.3 18 43
4455856.3 17 38
4455856.3 17 36
4455856.3 17 36
4455856.3 16 36
4455856.3 14 36
4455856.3 13 31
4455856.3 13 31
4455856.3 12 31
4455856.3 12 31
4455856.3 12 30
4455856.3 12 30
4455856.3 12 27
4455856.3 12 27
4455856.3 12 27
4455856.3 12 26
4455856.3 11 26
4455856.3 11 26
4455856.3 11 23
4455856.3 11 23
4455856.3 10 22
4455856.3 10 22
4455856.3 10 22
4455856.3 10 22
4455856.3 10 22
4455856.3 9 21
4455856.3 9 21
4455856.3 8 21
4455856.3 8 21
4455856.3 7 21
4455856.3 7 21
4455856.3 7 21
4455856.3 7 21
4455856.3 7 21
4455856.3 6 21
4455856.3 6 20
4455856.3 6 20
4455856.3 6 19
4455856.3 6 19
4455856.3 6 18
4455856.3 5 15
4455856.3 5 15
4455856.3 5 15
4455856.3 5 15
4455856.3 5 15
4455856.3 5 15
4455856.3 5 15
4455856.3 5 15
4455856.3 5 15
4455856.3 5 15
4455856.3 5 15
4455856.3 4 13
4455856.3 4 13
4455856.3 4 13
4455856.3 4 13
4455856.3 4 13
4455856.3 4 13
4455856.3 4 13
4455856.3 4 13
4455856.3 4 12
4455856.3 4 12
4455856.3 4 12
4455856.3 4 12
4455856.3 4 12
4455856.3 4 11
4455856.3 4 11
4455856.3 4 11
4455856.3 3 10
4455856.3 3 10
4455856.3 3 10
4455856.3 3 10
4455856.3 3 10
4455856.3 3 10
4455856.3 3 10
4455856.3 3 9
4455856.3 3 8
4455856.3 3 8
4455856.3 3 8
4455856.3 3 8
4455856.3 3 8
4455856.3 3 6
4455856.3 3 6
4455856.3 3 6
4455856.3 3 6
4455856.3 3 6
4455856.3 3 6
4455856.3 3 6
4455856.3 3 6
4455856.3 3 6
4455856.3 3 5
4455856.3 3 5
4455856.3 3 5
4455856.3 3 5
4455856.3 2 5
4455856.3 2 5
4455856.3 2 5
4455856.3 2 5
4455856.3 2 5
4455856.3 2 5
4455856.3 2 5
4455856.3 2 5
4455856.3 2 5
4455856.3 2 4
4455856.3 2 4
4455856.3 2 4
4455856.3 2 4
4455856.3 2 4
4455856.3 2 4
4455856.3 2 4
4455856.3 2 4
4455856.3 2 4
4455856.3 2 4
4455856.3 2 4
4455856.3 2 4
4455856.3 2 4
4455856.3 2 4
4455856.3 2 4
4455856.3 2 4
4455856.3 2 4
4455856.3 2 4
4455856.3 2 4
4455856.3 2 3
4455856.3 2 3
4455856.3 2 3
4455856.3 2 3
4455856.3 2 3
4455856.3 2 3
4455856.3 2 3
4455856.3 1 3
4455856.3 1 3
4455856.3 1 3
4455856.3 1 3
4455856.3 1 3
4455856.3 1 3
4455856.3 1 2
4455856.3 1 2
4455856.3 1 2
4455856.3 1 2
4455856.3 1 2
4455856.3 1 2
4455856.3 1 2
4455856.3 1 2
4455856.3 1 2
4455856.3 1 2
4455856.3 1 2
4455856.3 1 2
4455856.3 1 2
4455856.3 1 2
4455856.3 1 2
4455856.3 1 2
4455856.3 1 1
4455856.3 1 1
4455856.3 1 1
4455856.3 1 1
4455856.3 1 1
4455856.3 1 1
4455856.3 1 1
4455856.3 1 1
4455856.3 1 1
4455856.3 1 1
4455856.3 1 1
4455856.3 1 1
4455856.3 1 1
4455856.3 1 1
4455856.3 1 1
4455856.3 1 1
4455856.3 1 1
4455856.3 1 1
4455856.3 1 1
4455856.3 1 1
4455856.3 1 1
4455856.3 1 1
4455856.3 1 1
4455856.3 1 1
4455856.3 1 1
4455856.3 1 1
4455856.3 1 1
4455856.3 1 1
4455856.3 1 1
4455856.3 1 1
4455856.3 1 1
4455856.3 1 1
4455856.3 1 1
4455856.3 1 1
4455856.3 1 1
4455856.3 1 1
4455856.3 1 1
4455856.3 1 1
4455856.3 1 1
4455856.3 1 1
4455856.3 1 1
4455856.3 1 1
4455856.3 1 1
4455856.3 1 1
4455856.3 1 1
4455856.3 1 1
4455856.3 1 1
4455856.3 1 1
4455856.3 1 1
4455856.3 1 1
4455856.3 1 1
4455856.3 1 1
4455856.3 1 1
4455856.3 1 1
4455856.3 1 1
4455856.3 1 1
4455856.3 1 1
4455856.3 1 1
4455856.3 1 1
4455856.3 1 1
4455856.3 1 1
4455856.3 1 1
4455856.3 1 1
4455856.3 1 1
4455856.3 1 1
4455856.3 1 1
4455856.3 1 1
4455856.3 1 1
4455856.3 1 1
4455856.3 1 1
4455856.3 1 1
4455856.3 1 1
4455856.3 1 1
4455856.3 1 1
4455856.3 1 1
4455856.3 1 1
4455856.3 1 1
4455856.3 1 1
4455856.3 1 1
4455856.3 1 1
4455856.3 1 1
4455856.3 1 1
4455856.3 1 1
4455856.3 1 1
4455856.3 1 1
4455856.3 1 1
4455856.3 1 1
4455856.3 1 1
4455856.3 1 1
4455856.3 1 1
4455856.3 1 1
4455856.3 1 1
4455856.3 1 1
4455856.3 1 1
4455856.3 1 1
4455857.3 99 77
4455857.3 61 70
4455857.3 44 54
4455857.3 40 48
4455857.3 32 38
4455857.3 20 26
4455857.3 14 26
4455857.3 14 25
4455857.3 13 24
4455857.3 12 21
4455857.3 12 19
4455857.3 11 19
4455857.3 11 19
4455857.3 10 15
4455857.3 9 15
4455857.3 8 13
4455857.3 8 13
4455857.3 8 11
4455857.3 8 11
4455857.3 8 11
4455857.3 7 9
4455857.3 7 9
4455857.3 7 9
4455857.3 7 8
4455857.3 7 7
4455857.3 7 6
4455857.3 7 6
4455857.3 6 6
4455857.3 6 6
4455857.3 6 6
4455857.3 6 6
4455857.3 6 6
4455857.3 5 6
4455857.3 5 5
4455857.3 5 5
4455857.3 5 5
4455857.3 5 4
4455857.3 5 4
4455857.3 5 4
4455857.3 5 4
4455857.3 5 4
4455857.3 5 4
4455857.3 4 4
4455857.3 4 3
4455857.3 4 3
4455857.3 4 3
4455857.3 4 3
4455857.3 4 3
4455857.3 4 3
4455857.3 4 3
4455857.3 4 2
4455857.3 4 2
4455857.3 4 2
4455857.3 4 2
4455857.3 4 2
4455857.3 4 2
4455857.3 4 2
4455857.3 4 2
4455857.3 4 2
4455857.3 4 2
4455857.3 4 2
4455857.3 3 2
4455857.3 3 2
4455857.3 3 1
4455857.3 3 1
4455857.3 3 1
4455857.3 3 1
4455857.3 3 1
4455857.3 3 1
4455857.3 3 1
4455857.3 3 1
4455857.3 3 1
4455857.3 3 1
4455857.3 3 1
4455857.3 3 1
4455857.3 3 1
4455857.3 3 1
4455857.3 3 1
4455857.3 3 1
4455857.3 3 1
4455857.3 3 1
4455857.3 2 1
4455857.3 2 1
4455857.3 2 1
4455857.3 2 1
4455857.3 2 1
4455857.3 2 1
4455857.3 2 1
4455857.3 2 1
4455857.3 2 1
4455857.3 2 1
4455857.3 2 1
4455857.3 2 1
4455857.3 2 1
4455857.3 2 1
4455857.3 2 1
4455857.3 2 1
4455857.3 2 1
4455857.3 2 1
4455857.3 2 1
4455857.3 2 1
4455857.3 2 1
4455857.3 2 1
4455857.3 2 1
4455857.3 2 1
4455857.3 2 1
4455857.3 2 1
4455857.3 2 1
4455857.3 2 1
4455857.3 2 1
4455857.3 2 1
4455857.3 2 1
4455857.3 2 1
4455857.3 2 1
4455857.3 2 1
4455857.3 2 1
4455857.3 2 1
4455857.3 2 1
4455857.3 2 1
4455857.3 2 1
4455857.3 2 1
4455857.3 2 1
4455857.3 2 1
4455857.3 2 1
4455857.3 2 1
4455857.3 2 1
4455857.3 2 1
4455857.3 1 1
4455857.3 1 1
4455857.3 1 1
4455857.3 1 1
4455857.3 1 1
4455857.3 1 1
4455857.3 1 1
4455857.3 1 1
4455857.3 1 1
4455857.3 1 1
4455857.3 1 1
4455857.3 1 1
4455857.3 1 1
4455857.3 1 1
4455857.3 1 1
4455857.3 1 1
4455857.3 1 1
4455857.3 1 1
4455857.3 1 1
4455857.3 1 1
4455857.3 1 1
4455857.3 1 1
4455857.3 1 1
4455857.3 1 1
4455857.3 1 1
4455857.3 1 1
4455857.3 1 1
4455857.3 1 1
4455857.3 1 1
4455857.3 1 1
4455857.3 1 1
4455857.3 1 1
4455857.3 1 1
4455857.3 1 1
4455857.3 1 1
4455857.3 1 1
4455857.3 1 1
4455857.3 1 1
4455857.3 1 1
4455857.3 1 1
4455857.3 1 1
4455857.3 1 1
4455857.3 1 1
4455857.3 1 1
4455857.3 1 1
4455857.3 1 1
4455857.3 1 1
4455857.3 1 1
4455857.3 1 1
4455857.3 1 1
4455857.3 1 1
4455857.3 1 1
4455857.3 1 1
4455857.3 1 1
4455857.3 1 1
4455857.3 1 1
4455857.3 1 1
4455857.3 1 1
4455857.3 1 1
4455857.3 1 1
4455857.3 1 1
4455857.3 1 1
4455857.3 1 1
4455857.3 1 1
4455857.3 1 1
4455857.3 1 1
4455857.3 1 1
4455857.3 1 1
4455857.3 1 1
4455857.3 1 1
4455857.3 1 1
4455857.3 1 1
4455857.3 1 1
4455857.3 1 1
4455857.3 1 1
4455857.3 1 1
4455857.3 1 1
4455857.3 1 1
4455857.3 1 1
4455857.3 1 1
4455857.3 1 1
4455857.3 1 1
4455857.3 1 1
4455857.3 1 1
4455857.3 1 1
4455857.3 1 1
4455857.3 1 1
4455857.3 1 1
4455857.3 1 1
4455857.3 1 1
4455857.3 1 1
4455857.3 1 1
4455857.3 1 1
4455857.3 1 1
4455859.3 16 10
4455859.3 6 8
4455859.3 5 6
4455859.3 4 4
4455859.3 2 3
4455859.3 2 3
4455859.3 2 2
4455859.3 1 2
4455859.3 1 1
4455859.3 1 1
4455859.3 1 1
4455859.3 1 1
4455859.3 1 1
4455859.3 1 1
4455859.3 1 1
4455859.3 1 1
4455860.3 53 40
4455860.3 38 22
4455860.3 14 19
4455860.3 11 15
4455860.3 10 15
4455860.3 7 12
4455860.3 6 11
4455860.3 6 9
4455860.3 5 9
4455860.3 5 8
4455860.3 5 7
4455860.3 5 5
4455860.3 5 5
4455860.3 4 5
4455860.3 4 3
4455860.3 4 3
4455860.3 4 3
4455860.3 3 3
4455860.3 3 3
4455860.3 3 3
4455860.3 3 3
4455860.3 3 2
4455860.3 3 2
4455860.3 2 2
4455860.3 2 2
4455860.3 2 2
4455860.3 2 1
4455860.3 2 1
4455860.3 2 1
4455860.3 1 1
4455860.3 1 1
4455860.3 1 1
4455860.3 1 1
4455860.3 1 1
4455860.3 1 1
4455860.3 1 1
4455860.3 1 1
4455860.3 1 1
4455860.3 1 1
4455860.3 1 1
4455860.3 1 1
4455860.3 1 1
4455860.3 1 1
4455860.3 1 1
4455860.3 1 1
4455861.3 711 346
4455861.3 520 245
4455861.3 496 192
4455861.3 216 179
4455861.3 183 179
4455861.3 151 147
4455861.3 148 146
4455861.3 146 135
4455861.3 137 133
4455861.3 135 109
4455861.3 130 99
4455861.3 94 92
4455861.3 82 92
4455861.3 71 82
4455861.3 71 82
4455861.3 65 81
4455861.3 65 79
4455861.3 60 76
4455861.3 58 72
4455861.3 57 70
4455861.3 56 70
4455861.3 54 70
4455861.3 47 70
4455861.3 46 68
4455861.3 43 65
4455861.3 39 64
4455861.3 37 63
4455861.3 37 61
4455861.3 36 60
4455861.3 33 58
4455861.3 32 51
4455861.3 32 49
4455861.3 30 46
4455861.3 29 45
4455861.3 29 45
4455861.3 29 44
4455861.3 28 44
4455861.3 27 40
4455861.3 26 40
4455861.3 26 39
4455861.3 25 39
4455861.3 24 39
4455861.3 24 39
4455861.3 24 39
4455861.3 24 39
4455861.3 22 39
4455861.3 21 38
4455861.3 21 38
4455861.3 21 36
4455861.3 21 36
4455861.3 21 35
4455861.3 21 33
4455861.3 21 33
4455861.3 21 28
4455861.3 20 27
4455861.3 19 27
4455861.3 19 25
4455861.3 19 25
4455861.3 18 25
4455861.3 18 25
4455861.3 18 25
4455861.3 17 25
4455861.3 17 25
4455861.3 17 24
4455861.3 17 23
4455861.3 17 22
4455861.3 17 22
4455861.3 17 22
4455861.3 16 22
4455861.3 16 21
4455861.3 16 21
4455861.3 15 21
4455861.3 15 21
4455861.3 14 21
4455861.3 14 20
4455861.3 14 20
4455861.3 14 20
4455861.3 14 20
4455861.3 13 19
4455861.3 13 19
4455861.3 12 19
4455861.3 12 18
4455861.3 12 18
4455861.3 12 18
4455861.3 12 17
4455861.3 11 17
4455861.3 10 16
4455861.3 10 16
4455861.3 10 16
4455861.3 10 16
4455861.3 10 16
4455861.3 10 15
4455861.3 10 15
4455861.3 10 15
4455861.3 9 15
4455861.3 9 15
4455861.3 9 15
4455861.3 9 15
4455861.3 9 15
4455861.3 9 15
4455861.3 9 15
4455861.3 9 14
4455861.3 9 14
4455861.3 8 14
4455861.3 8 14
4455861.3 8 14
4455861.3 8 14
4455861.3 8 14
4455861.3 8 14
4455861.3 8 13
4455861.3 8 12
4455861.3 7 12
4455861.3 7 12
4455861.3 7 12
4455861.3 7 12
4455861.3 7 12
4455861.3 7 12
4455861.3 7 12
4455861.3 7 12
4455861.3 7 12
4455861.3 7 11
4455861.3 7 11
4455861.3 7 11
4455861.3 7 11
4455861.3 6 10
4455861.3 6 9
4455861.3 6 9
4455861.3 6 9
4455861.3 6 9
4455861.3 6 9
4455861.3 6 8
4455861.3 6 7
4455861.3 6 6
4455861.3 6 6
4455861.3 6 6
4455861.3 6 6
4455861.3 6 6
4455861.3 6 6
4455861.3 6 6
4455861.3 6 6
4455861.3 6 6
4455861.3 6 6
4455861.3 6 6
4455861.3 6 6
4455861.3 5 6
4455861.3 5 6
4455861.3 5 6
4455861.3 5 6
4455861.3 5 6
4455861.3 5 6
4455861.3 5 6
4455861.3 5 6
4455861.3 5 6
4455861.3 5 6
4455861.3 5 6
4455861.3 5 6
4455861.3 5 6
4455861.3 5 6
4455861.3 5 6
4455861.3 5 5
4455861.3 5 5
4455861.3 5 5
4455861.3 4 5
4455861.3 4 5
4455861.3 4 5
4455861.3 4 5
4455861.3 4 5
4455861.3 4 4
4455861.3 4 4
4455861.3 4 4
4455861.3 4 4
4455861.3 4 4
4455861.3 4 4
4455861.3 4 4
4455861.3 4 4
4455861.3 4 4
4455861.3 4 4
4455861.3 4 4
4455861.3 4 4
4455861.3 4 4
4455861.3 4 4
4455861.3 4 4
4455861.3 4 4
4455861.3 3 4
4455861.3 3 3
4455861.3 3 3
4455861.3 3 3
4455861.3 3 3
4455861.3 3 3
4455861.3 3 3
4455861.3 3 3
4455861.3 3 3
4455861.3 3 3
4455861.3 3 3
4455861.3 3 3
4455861.3 3 3
4455861.3 3 3
4455861.3 3 3
4455861.3 3 3
4455861.3 3 3
4455861.3 3 3
4455861.3 3 3
4455861.3 3 3
4455861.3 3 3
4455861.3 3 2
4455861.3 3 2
4455861.3 3 2
4455861.3 3 2
4455861.3 3 2
4455861.3 3 2
4455861.3 3 2
4455861.3 3 2
4455861.3 3 2
4455861.3 3 2
4455861.3 3 2
4455861.3 3 2
4455861.3 3 2
4455861.3 3 2
4455861.3 3 2
4455861.3 2 2
4455861.3 2 2
4455861.3 2 2
4455861.3 2 2
4455861.3 2 2
4455861.3 2 2
4455861.3 2 2
4455861.3 2 2
4455861.3 2 2
4455861.3 2 2
4455861.3 2 2
4455861.3 2 2
4455861.3 2 2
4455861.3 2 2
4455861.3 2 2
4455861.3 2 2
4455861.3 2 2
4455861.3 2 2
4455861.3 2 2
4455861.3 2 1
4455861.3 2 1
4455861.3 2 1
4455861.3 2 1
4455861.3 2 1
4455861.3 2 1
4455861.3 2 1
4455861.3 2 1
4455861.3 2 1
4455861.3 2 1
4455861.3 2 1
4455861.3 2 1
4455861.3 2 1
4455861.3 2 1
4455861.3 2 1
4455861.3 2 1
4455861.3 2 1
4455861.3 2 1
4455861.3 2 1
4455861.3 2 1
4455861.3 2 1
4455861.3 2 1
4455861.3 2 1
4455861.3 2 1
4455861.3 2 1
4455861.3 2 1
4455861.3 2 1
4455861.3 2 1
4455861.3 2 1
4455861.3 2 1
4455861.3 2 1
4455861.3 2 1
4455861.3 2 1
4455861.3 2 1
4455861.3 2 1
4455861.3 2 1
4455861.3 2 1
4455861.3 2 1
4455861.3 2 1
4455861.3 2 1
4455861.3 2 1
4455861.3 2 1
4455861.3 2 1
4455861.3 2 1
4455861.3 2 1
4455861.3 2 1
4455861.3 1 1
4455861.3 1 1
4455861.3 1 1
4455861.3 1 1
4455861.3 1 1
4455861.3 1 1
4455861.3 1 1
4455861.3 1 1
4455861.3 1 1
4455861.3 1 1
4455861.3 1 1
4455861.3 1 1
4455861.3 1 1
4455861.3 1 1
4455861.3 1 1
4455861.3 1 1
4455861.3 1 1
4455861.3 1 1
4455861.3 1 1
4455861.3 1 1
4455861.3 1 1
4455861.3 1 1
4455861.3 1 1
4455861.3 1 1
4455861.3 1 1
4455861.3 1 1
4455861.3 1 1
4455861.3 1 1
4455861.3 1 1
4455861.3 1 1
4455861.3 1 1
4455861.3 1 1
4455861.3 1 1
4455861.3 1 1
4455861.3 1 1
4455861.3 1 1
4455861.3 1 1
4455861.3 1 1
4455861.3 1 1
4455861.3 1 1
4455861.3 1 1
4455861.3 1 1
4455861.3 1 1
4455861.3 1 1
4455861.3 1 1
4455861.3 1 1
4455861.3 1 1
4455861.3 1 1
4455861.3 1 1
4455861.3 1 1
4455861.3 1 1
4455861.3 1 1
4455861.3 1 1
4455861.3 1 1
4455861.3 1 1
4455861.3 1 1
4455861.3 1 1
4455861.3 1 1
4455861.3 1 1
4455861.3 1 1
4455861.3 1 1
4455861.3 1 1
4455861.3 1 1
4455861.3 1 1
4455861.3 1 1
4455861.3 1 1
4455861.3 1 1
4455861.3 1 1
4455861.3 1 1
4455861.3 1 1
4455861.3 1 1
4455861.3 1 1
4455861.3 1 1
4455861.3 1 1
4455861.3 1 1
4455861.3 1 1
4455861.3 1 1
4455861.3 1 1
4455861.3 1 1
4455861.3 1 1
4455861.3 1 1
4455861.3 1 1
4455861.3 1 1
4455861.3 1 1
4455861.3 1 1
4455861.3 1 1
4455861.3 1 1
4455861.3 1 1
4455861.3 1 1
4455861.3 1 1
4455861.3 1 1
4455861.3 1 1
4455861.3 1 1
4455861.3 1 1
4455861.3 1 1
4455861.3 1 1
4455861.3 1 1
4455861.3 1 1
4455861.3 1 1
4455861.3 1 1
4455861.3 1 1
4455861.3 1 1
4455861.3 1 1
4455861.3 1 1
4455861.3 1 1
4455861.3 1 1
4455861.3 1 1
4455861.3 1 1
4455861.3 1 1
4455861.3 1 1
4455861.3 1 1
4455861.3 1 1
4455861.3 1 1
4455861.3 1 1
4455861.3 1 1
4455861.3 1 1
4455861.3 1 1
4455861.3 1 1
4455861.3 1 1
4455861.3 1 1
4455862.3 1213 295
4455862.3 1033 285
4455862.3 552 268
4455862.3 510 243
4455862.3 450 191
4455862.3 224 186
4455862.3 204 182
4455862.3 201 159
4455862.3 190 159
4455862.3 183 141
4455862.3 147 141
4455862.3 112 135
4455862.3 104 133
4455862.3 99 133
4455862.3 93 133
4455862.3 88 117
4455862.3 77 113
4455862.3 71 110
4455862.3 63 98
4455862.3 61 95
4455862.3 58 89
4455862.3 54 83
4455862.3 52 83
4455862.3 45 78
4455862.3 44 76
4455862.3 42 76
4455862.3 41 72
4455862.3 40 70
4455862.3 36 69
4455862.3 35 69
4455862.3 34 67
4455862.3 32 67
4455862.3 32 65
4455862.3 31 64
4455862.3 30 62
4455862.3 29 62
4455862.3 29 57
4455862.3 28 57
4455862.3 27 57
4455862.3 27 56
4455862.3 25 55
4455862.3 25 54
4455862.3 24 53
4455862.3 24 49
4455862.3 24 49
4455862.3 24 49
4455862.3 24 48
4455862.3 22 45
4455862.3 21 44
4455862.3 20 44
4455862.3 20 43
4455862.3 20 43
4455862.3 19 43
4455862.3 19 41
4455862.3 18 41
4455862.3 17 39
4455862.3 17 39
4455862.3 17 39
4455862.3 17 38
4455862.3 17 37
4455862.3 16 37
4455862.3 16 36
4455862.3 16 36
4455862.3 15 36
4455862.3 14 36
4455862.3 14 35
4455862.3 14 35
4455862.3 14 34
4455862.3 13 34
4455862.3 13 34
4455862.3 13 32
4455862.3 13 32
4455862.3 12 32
4455862.3 12 32
4455862.3 12 30
4455862.3 12 30
4455862.3 12 30
4455862.3 12 28
4455862.3 11 27
4455862.3 11 27
4455862.3 11 26
4455862.3 11 26
4455862.3 11 23
4455862.3 10 22
4455862.3 10 22
4455862.3 10 22
4455862.3 10 22
4455862.3 10 21
4455862.3 9 21
4455862.3 9 21
4455862.3 9 21
4455862.3 9 21
4455862.3 9 21
4455862.3 8 21
4455862.3 8 21
4455862.3 8 21
4455862.3 8 21
4455862.3 8 20
4455862.3 7 20
4455862.3 7 20
4455862.3 7 19
4455862.3 7 18
4455862.3 6 17
4455862.3 6 16
4455862.3 6 16
4455862.3 6 16
4455862.3 6 14
4455862.3 5 13
4455862.3 5 13
4455862.3 5 13
4455862.3 5 13
4455862.3 5 13
4455862.3 5 13
4455862.3 5 13
4455862.3 5 13
4455862.3 5 13
4455862.3 5 13
4455862.3 5 13
4455862.3 5 13
4455862.3 5 13
4455862.3 5 13
4455862.3 5 13
4455862.3 4 12
4455862.3 4 12
4455862.3 4 12
4455862.3 4 12
4455862.3 4 12
4455862.3 4 11
4455862.3 4 11
4455862.3 4 11
4455862.3 4 11
4455862.3 4 11
4455862.3 4 11
4455862.3 4 11
4455862.3 4 11
4455862.3 4 11
4455862.3 4 11
4455862.3 4 11
4455862.3 4 10
4455862.3 4 10
4455862.3 4 10
4455862.3 3 10
4455862.3 3 10
4455862.3 3 10
4455862.3 3 9
4455862.3 3 9
4455862.3 3 9
4455862.3 3 9
4455862.3 3 9
4455862.3 3 9
4455862.3 3 9
4455862.3 3 9
4455862.3 3 9
4455862.3 3 8
4455862.3 3 8
4455862.3 3 8
4455862.3 3 8
4455862.3 3 8
4455862.3 3 7
4455862.3 3 7
4455862.3 3 7
4455862.3 3 7
4455862.3 3 6
4455862.3 3 6
4455862.3 3 6
4455862.3 3 6
4455862.3 3 6
4455862.3 3 6
4455862.3 3 6
4455862.3 3 6
4455862.3 3 6
4455862.3 3 6
4455862.3 3 6
4455862.3 3 6
4455862.3 3 6
4455862.3 3 6
4455862.3 2 6
4455862.3 2 4
4455862.3 2 4
4455862.3 2 4
4455862.3 2 4
4455862.3 2 4
4455862.3 2 4
4455862.3 2 4
4455862.3 2 4
4455862.3 2 4
4455862.3 2 4
4455862.3 2 4
4455862.3 2 4
4455862.3 2 4
4455862.3 2 4
4455862.3 2 4
4455862.3 2 4
4455862.3 2 4
4455862.3 2 4
4455862.3 2 4
4455862.3 2 4
4455862.3 2 4
4455862.3 2 4
4455862.3 2 4
4455862.3 2 4
4455862.3 2 4
4455862.3 2 4
4455862.3 2 4
4455862.3 2 4
4455862.3 2 4
4455862.3 2 4
4455862.3 2 4
4455862.3 2 4
4455862.3 2 3
4455862.3 2 3
4455862.3 2 3
4455862.3 2 3
4455862.3 2 2
4455862.3 2 2
4455862.3 2 2
4455862.3 2 2
4455862.3 2 2
4455862.3 2 2
4455862.3 2 2
4455862.3 2 2
4455862.3 2 2
4455862.3 2 2
4455862.3 2 2
4455862.3 2 2
4455862.3 2 2
4455862.3 2 2
4455862.3 2 2
4455862.3 2 2
4455862.3 2 2
4455862.3 2 2
4455862.3 2 2
4455862.3 2 2
4455862.3 1 2
4455862.3 1 2
4455862.3 1 2
4455862.3 1 2
4455862.3 1 2
4455862.3 1 2
4455862.3 1 2
4455862.3 1 2
4455862.3 1 2
4455862.3 1 2
4455862.3 1 2
4455862.3 1 2
4455862.3 1 2
4455862.3 1 2
4455862.3 1 2
4455862.3 1 2
4455862.3 1 2
4455862.3 1 2
4455862.3 1 2
4455862.3 1 2
4455862.3 1 2
4455862.3 1 2
4455862.3 1 2
4455862.3 1 2
4455862.3 1 2
4455862.3 1 2
4455862.3 1 2
4455862.3 1 2
4455862.3 1 2
4455862.3 1 2
4455862.3 1 2
4455862.3 1 2
4455862.3 1 2
4455862.3 1 2
4455862.3 1 2
4455862.3 1 2
4455862.3 1 2
4455862.3 1 2
4455862.3 1 2
4455862.3 1 2
4455862.3 1 2
4455862.3 1 2
4455862.3 1 2
4455862.3 1 2
4455862.3 1 2
4455862.3 1 2
4455862.3 1 2
4455862.3 1 2
4455862.3 1 2
4455862.3 1 2
4455862.3 1 1
4455862.3 1 1
4455862.3 1 1
4455862.3 1 1
4455862.3 1 1
4455862.3 1 1
4455862.3 1 1
4455862.3 1 1
4455862.3 1 1
4455862.3 1 1
4455862.3 1 1
4455862.3 1 1
4455862.3 1 1
4455862.3 1 1
4455862.3 1 1
4455862.3 1 1
4455862.3 1 1
4455862.3 1 1
4455862.3 1 1
4455862.3 1 1
4455862.3 1 1
4455862.3 1 1
4455862.3 1 1
4455862.3 1 1
4455862.3 1 1
4455862.3 1 1
4455862.3 1 1
4455862.3 1 1
4455862.3 1 1
4455862.3 1 1
4455862.3 1 1
4455862.3 1 1
4455862.3 1 1
4455862.3 1 1
4455862.3 1 1
4455862.3 1 1
4455862.3 1 1
4455862.3 1 1
4455862.3 1 1
4455862.3 1 1
4455862.3 1 1
4455862.3 1 1
4455862.3 1 1
4455862.3 1 1
4455862.3 1 1
4455862.3 1 1
4455862.3 1 1
4455862.3 1 1
4455862.3 1 1
4455862.3 1 1
4455862.3 1 1
4455862.3 1 1
4455862.3 1 1
4455862.3 1 1
4455862.3 1 1
4455862.3 1 1
4455862.3 1 1
4455862.3 1 1
4455862.3 1 1
4455862.3 1 1
4455862.3 1 1
4455862.3 1 1
4455862.3 1 1
4455862.3 1 1
4455862.3 1 1
4455862.3 1 1
4455862.3 1 1
4455862.3 1 1
4455862.3 1 1
4455862.3 1 1
4455862.3 1 1
4455862.3 1 1
4455862.3 1 1
4455862.3 1 1
4455862.3 1 1
4455866.3 289 109
4455866.3 268 64
4455866.3 44 60
4455866.3 38 54
4455866.3 38 53
4455866.3 31 38
4455866.3 27 37
4455866.3 26 37
4455866.3 19 32
4455866.3 18 31
4455866.3 17 29
4455866.3 17 29
4455866.3 16 24
4455866.3 15 22
4455866.3 12 22
4455866.3 11 22
4455866.3 10 22
4455866.3 10 22
4455866.3 9 17
4455866.3 8 16
4455866.3 8 16
4455866.3 7 15
4455866.3 7 15
4455866.3 6 15
4455866.3 6 15
4455866.3 6 15
4455866.3 6 15
4455866.3 5 14
4455866.3 5 13
4455866.3 5 12
4455866.3 4 12
4455866.3 4 12
4455866.3 4 12
4455866.3 4 11
4455866.3 3 9
4455866.3 3 8
4455866.3 3 8
4455866.3 3 7
4455866.3 3 7
4455866.3 3 7
4455866.3 3 6
4455866.3 3 5
4455866.3 3 5
4455866.3 3 5
4455866.3 3 5
4455866.3 3 5
4455866.3 3 4
4455866.3 3 4
4455866.3 3 4
4455866.3 3 4
4455866.3 3 4
4455866.3 3 4
4455866.3 3 4
4455866.3 3 4
4455866.3 3 3
4455866.3 3 3
4455866.3 3 3
4455866.3 2 3
4455866.3 2 3
4455866.3 2 3
4455866.3 2 3
4455866.3 2 3
4455866.3 2 3
4455866.3 2 3
4455866.3 2 3
4455866.3 2 3
4455866.3 2 3
4455866.3 2 2
4455866.3 2 2
4455866.3 2 2
4455866.3 2 2
4455866.3 2 2
4455866.3 2 2
4455866.3 2 2
4455866.3 2 2
4455866.3 2 2
4455866.3 2 2
4455866.3 2 2
4455866.3 2 2
4455866.3 2 2
4455866.3 2 2
4455866.3 1 2
4455866.3 1 2
4455866.3 1 2
4455866.3 1 2
4455866.3 1 2
4455866.3 1 2
4455866.3 1 2
4455866.3 1 2
4455866.3 1 2
4455866.3 1 1
4455866.3 1 1
4455866.3 1 1
4455866.3 1 1
4455866.3 1 1
4455866.3 1 1
4455866.3 1 1
4455866.3 1 1
4455866.3 1 1
4455866.3 1 1
4455866.3 1 1
4455866.3 1 1
4455866.3 1 1
4455866.3 1 1
4455866.3 1 1
4455866.3 1 1
4455866.3 1 1
4455866.3 1 1
4455866.3 1 1
4455866.3 1 1
4455866.3 1 1
4455866.3 1 1
4455866.3 1 1
4455866.3 1 1
4455866.3 1 1
4455866.3 1 1
4455866.3 1 1
4455866.3 1 1
4455866.3 1 1
4455866.3 1 1
4455866.3 1 1
4455866.3 1 1
4455866.3 1 1
4455866.3 1 1
4455866.3 1 1
4455866.3 1 1
4455866.3 1 1
4455866.3 1 1
4455866.3 1 1
4455866.3 1 1
4455866.3 1 1
4455866.3 1 1
4455866.3 1 1
4455866.3 1 1
4455866.3 1 1
4455868.3 233 104
4455868.3 183 77
4455868.3 59 71
4455868.3 49 58
4455868.3 38 51
4455868.3 35 46
4455868.3 32 41
4455868.3 24 41
4455868.3 24 32
4455868.3 24 30
4455868.3 21 30
4455868.3 20 27
4455868.3 19 27
4455868.3 19 26
4455868.3 16 26
4455868.3 15 23
4455868.3 14 22
4455868.3 13 22
4455868.3 12 20
4455868.3 11 17
4455868.3 11 17
4455868.3 9 17
4455868.3 9 17
4455868.3 8 17
4455868.3 8 16
4455868.3 8 14
4455868.3 8 12
4455868.3 7 12
4455868.3 7 12
4455868.3 7 11
4455868.3 7 11
4455868.3 7 11
4455868.3 6 9
4455868.3 6 9
4455868.3 6 9
4455868.3 6 9
4455868.3 6 9
4455868.3 6 9
4455868.3 6 9
4455868.3 6 7
4455868.3 6 7
4455868.3 6 7
4455868.3 6 6
4455868.3 5 6
4455868.3 5 5
4455868.3 5 5
4455868.3 5 5
4455868.3 5 5
4455868.3 5 5
4455868.3 5 5
4455868.3 5 5
4455868.3 4 5
4455868.3 4 5
4455868.3 4 4
4455868.3 4 4
4455868.3 4 4
4455868.3 4 4
4455868.3 4 4
4455868.3 3 3
4455868.3 3 3
4455868.3 3 3
4455868.3 3 3
4455868.3 3 3
4455868.3 3 3
4455868.3 3 3
4455868.3 3 3
4455868.3 3 3
4455868.3 3 3
4455868.3 3 3
4455868.3 3 3
4455868.3 3 3
4455868.3 3 3
4455868.3 3 3
4455868.3 3 2
4455868.3 3 2
4455868.3 3 2
4455868.3 3 2
4455868.3 2 2
4455868.3 2 2
4455868.3 2 2
4455868.3 2 1
4455868.3 2 1
4455868.3 2 1
4455868.3 2 1
4455868.3 2 1
4455868.3 2 1
4455868.3 2 1
4455868.3 2 1
4455868.3 2 1
4455868.3 2 1
4455868.3 2 1
4455868.3 2 1
4455868.3 2 1
4455868.3 2 1
4455868.3 2 1
4455868.3 2 1
4455868.3 2 1
4455868.3 2 1
4455868.3 2 1
4455868.3 2 1
4455868.3 2 1
4455868.3 2 1
4455868.3 2 1
4455868.3 2 1
4455868.3 1 1
4455868.3 1 1
4455868.3 1 1
4455868.3 1 1
4455868.3 1 1
4455868.3 1 1
4455868.3 1 1
4455868.3 1 1
4455868.3 1 1
4455868.3 1 1
4455868.3 1 1
4455868.3 1 1
4455868.3 1 1
4455868.3 1 1
4455868.3 1 1
4455868.3 1 1
4455868.3 1 1
4455868.3 1 1
4455868.3 1 1
4455868.3 1 1
4455868.3 1 1
4455868.3 1 1
4455868.3 1 1
4455868.3 1 1
4455868.3 1 1
4455868.3 1 1
4455868.3 1 1
4455868.3 1 1
4455868.3 1 1
4455868.3 1 1
4455868.3 1 1
4455868.3 1 1
4455868.3 1 1
4455868.3 1 1
4455868.3 1 1
4455868.3 1 1
4455868.3 1 1
4455868.3 1 1
4455868.3 1 1
4455868.3 1 1
4455868.3 1 1
4455868.3 1 1
4455868.3 1 1
4455868.3 1 1
4455868.3 1 1
4455868.3 1 1
4455868.3 1 1
4455868.3 1 1
4455868.3 1 1
4455868.3 1 1
4455868.3 1 1
4455868.3 1 1
4455868.3 1 1
4455868.3 1 1
4455868.3 1 1
4455868.3 1 1
4455868.3 1 1
4455868.3 1 1
4455868.3 1 1
4455868.3 1 1
4455868.3 1 1
4455868.3 1 1
4455868.3 1 1
4455868.3 1 1
4455868.3 1 1
4455868.3 1 1
4455868.3 1 1
4455868.3 1 1
4455868.3 1 1
4455868.3 1 1
4455868.3 1 1
4455868.3 1 1
4455868.3 1 1
4455868.3 1 1
4455868.3 1 1
4455868.3 1 1
4455868.3 1 1
4455868.3 1 1
4455868.3 1 1
4455868.3 1 1
4455868.3 1 1
4455868.3 1 1
4455868.3 1 1
4455868.3 1 1
4455868.3 1 1
4455873.3 301 119
4455873.3 87 66
4455873.3 78 65
4455873.3 47 52
4455873.3 45 51
4455873.3 36 43
4455873.3 35 39
4455873.3 26 34
4455873.3 26 26
4455873.3 25 26
4455873.3 21 26
4455873.3 21 26
4455873.3 19 26
4455873.3 18 24
4455873.3 17 23
4455873.3 16 23
4455873.3 16 21
4455873.3 15 17
4455873.3 13 17
4455873.3 12 15
4455873.3 11 15
4455873.3 11 15
4455873.3 9 15
4455873.3 8 14
4455873.3 8 14
4455873.3 6 13
4455873.3 6 12
4455873.3 5 8
4455873.3 5 8
4455873.3 5 8
4455873.3 5 8
4455873.3 5 8
4455873.3 5 8
4455873.3 5 8
4455873.3 4 8
4455873.3 4 7
4455873.3 3 7
4455873.3 3 7
4455873.3 3 6
4455873.3 3 5
4455873.3 3 5
4455873.3 3 5
4455873.3 3 5
4455873.3 3 5
4455873.3 3 5
4455873.3 3 5
4455873.3 2 5
4455873.3 2 5
4455873.3 2 5
4455873.3 2 4
4455873.3 2 4
4455873.3 2 4
4455873.3 2 4
4455873.3 2 4
4455873.3 2 4
4455873.3 2 4
4455873.3 2 3
4455873.3 2 3
4455873.3 2 3
4455873.3 2 3
4455873.3 2 3
4455873.3 1 3
4455873.3 1 3
4455873.3 1 3
4455873.3 1 3
4455873.3 1 3
4455873.3 1 3
4455873.3 1 3
4455873.3 1 2
4455873.3 1 1
4455873.3 1 1
4455873.3 1 1
4455873.3 1 1
4455873.3 1 1
4455873.3 1 1
4455873.3 1 1
4455873.3 1 1
4455873.3 1 1
4455873.3 1 1
4455873.3 1 1
4455873.3 1 1
4455873.3 1 1
4455873.3 1 1
4455873.3 1 1
4455873.3 1 1
4455873.3 1 1
4455873.3 1 1
4455873.3 1 1
4455873.3 1 1
4455873.3 1 1
4455873.3 1 1
4455873.3 1 1
4455873.3 1 1
