FUNGI micro 5005.0 237 2706.88428806 0.260596290988 0.142 0.809852918037 0.354261771983 -0.021064249884 0.754068349709 0.257466833974 0.0937062937063 0.970278632456 469.0 14.0859140859 4.58036207692 0.881552193598 277.266868858 289.635554052 296 313 27.7054075366 3.35001155559 0.0830450405669 781982653.188
FUNGI micro 125834.0 1038 294429.739964 0.168932464954 0.0476 0.918904910498 0.294294042403 -0.00627049272676 0.714907367066 0.137240424268 0.0820684393725 0.979754060579 10327.0 13.2245656977 11.3864266882 0.491011958909 1176.00109669 1129.64107768 1176 1246 88.310042387 2.92616190775 0.0727312607018 177062861153.0
FUNGI micro 5130.0 213 4518.59659846 0.247616446354 0.1142 1.33282441653 0.348952584905 -0.0242785588848 0.735977207999 0.239231691158 0.139961013645 0.958904886214 718.0 21.7348927875 6.63437522929 0.807770036037 275.8693981 261.554971167 269 301 24.8160424868 2.97386274887 0.124037218806 35122.1511529
FUNGI micro 7564.0 263 7096.05308681 0.236699617346 0.1048 0.930732087354 0.322583661249 -0.0199129770066 0.717976345797 0.204713758645 0.0909571655209 0.963702825961 688.0 16.2744579588 5.17813354936 0.945710153681 298.762303719 310.832592517 323 334 29.3355100647 3.02398747756 0.0806086891475 2345686617.74
FUNGI micro 6391.0 188 17181.994624 0.247486371963 0.0633 0.654220459501 0.296956824258 -0.0270614608797 0.658419673048 0.162729550878 0.251290877797 0.916016575002 1606.0 30.9341261148 9.60326231688 1.01981807887 207.203004695 209.979241319 221 227 21.340585865 2.3516540885 0.222698350422 89.6762612912
FUNGI micro 4299.0 152 6049.71414256 0.233533965891 0.1175 1.06325081407 0.344480356509 -0.035221599514 0.710925798204 0.228964822581 0.160037217958 0.943992611816 688.0 24.5173296115 5.51528883368 0.795633474962 178.814748077 182.29462622 188 201 18.0489498401 2.31824784843 0.141829291628 4898.3854803
FUNGI micro 7564.0 263 7096.05308681 0.236699617346 0.1048 1.01903408891 0.322583661249 -0.0199129770066 0.717976345797 0.204713758645 0.0909571655209 0.963702825961 688.0 16.2744579588 5.17813354936 0.945710153681 298.762303719 310.832592517 323 334 29.3355100647 3.02398747756 0.0806086891475 2345686617.74
FUNGI micro 5729.0 196 7812.58804291 0.260014510899 0.099 0.574234484399 0.329786514012 -0.0255886047133 0.705209842181 0.206945552238 0.12689823704 0.948481512436 727.0 23.7214173503 5.62469501072 0.870874742271 217.640140934 219.665895236 231 239 22.5347652289 2.58950444137 0.112460634457 209943.153416
FUNGI micro 2816.0 155 2137.24440721 0.278790397844 0.1345 0.900356454052 0.379389662757 -0.0312305261264 0.745240007424 0.271991674575 0.150568181818 0.952042508716 424.0 22.6207386364 5.68926324872 0.78341374863 221.912650484 194.397425274 198 228 19.3879630064 2.9208911506 0.133437576844 11297.1381412
FUNGI micro 6201.0 300 2945.51280936 0.274856541915 0.127 0.661454816309 0.369972585067 -0.0162595377047 0.763215038725 0.256614607195 0.0707950330592 0.973762808726 439.0 14.1590066118 5.21180708217 0.828429485428 344.233937479 353.401123215 366 384 34.2400422965 3.8096965888 0.0627404644854 5.04634609817e+14
FUNGI micro 4170.0 234 3090.98052162 0.300182932251 0.0935 0.657929986301 0.301826231323 -0.0186684137274 0.688646189982 0.179444702393 0.0906474820144 0.954309358269 378.0 17.3141486811 4.67127732755 1.38631231123 295.153905712 293.4257417 304 335 27.9521578048 3.62366323653 0.0803342392856 2671150145.73
FUNGI micro 5947.0 237 4423.55914325 0.256348970824 0.1251 0.945214884226 0.345566569394 -0.0213446367521 0.745299859337 0.245215065108 0.113838910375 0.96626252032 677.0 17.9418194047 5.73930794223 0.858830231658 264.371691212 271.31866391 284 292 27.1556457384 3.07326051888 0.100887107539 2343460.48757
FUNGI micro 3643.0 214 1394.95250318 0.294844686263 0.1727 0.914757975673 0.412598992819 -0.0221394485369 0.792060801546 0.324497562522 0.0916826791106 0.972938825293 334.0 14.5758989844 4.77474620329 0.683955855544 240.407248764 247.428982297 259 267 25.9738270741 3.5455546818 0.0812516588255 1738861491.38
FUNGI micro 10485.0 254 26305.1903302 0.218408744791 0.0611 1.02168038874 0.276099339514 -0.0213170073155 0.647758539408 0.138815489667 0.166714353839 0.935525405983 1748.0 29.0605627086 7.56339969753 1.05904042773 289.405675644 295.003735298 310 323 27.3285993519 2.48055864614 0.147746749227 2942.62512081
FUNGI micro 7507.0 203 21016.9798078 0.226637913952 0.0614 0.995161969291 0.322138089835 -0.0267827548549 0.667085392497 0.166423740559 0.241641134941 0.919740270299 1814.0 32.2365791928 9.75811587549 0.824830254299 235.49489465 234.327890937 245 261 22.6366263904 2.34294897173 0.214147872286 113.5929834
FUNGI micro 5005.0 237 2706.88428806 0.260596290988 0.142 0.905281752101 0.354261771983 -0.021064249884 0.754068349709 0.257466833974 0.0937062937063 0.970278632456 469.0 14.0859140859 4.58036207692 0.881552193598 277.266868858 289.635554052 296 313 27.7054075366 3.35001155559 0.0830450405669 781982653.188
FUNGI micro 6011.0 156 11184.250579 0.211330345174 0.1179 1.03800415671 0.30981555183 -0.0361771101976 0.69457454221 0.208805155356 0.137248377974 0.94561141318 825.0 23.0743636666 4.65231120095 0.824702493994 186.517897521 186.139366147 191 207 17.8133351806 2.01210775251 0.121633208035 48913.6773638
FUNGI micro 3164.0 144 6725.59362859 0.271222363121 0.0674 1.14812840813 0.308601980615 -0.0330079318041 0.634914533628 0.157080959614 0.260113780025 0.896984245966 823.0 37.2945638432 7.47154601778 1.15787996928 194.785281743 189.164249151 189 215 17.7428329082 2.56002528433 0.230514961779 73.7177003155
FUNGI micro 6376.0 206 26770.4269003 0.287436314455 0.0347 1.13900314359 0.287332046144 -0.0225232760938 0.593833717343 0.110546586743 0.346298619824 0.860152229424 2208.0 41.530740276 11.7477967146 1.07891797834 232.444825523 229.214226679 246 257 23.4010351752 2.57984174668 0.306475183618 20.7755453715
FUNGI micro 3885.0 198 4020.29741578 0.284220965755 0.0878 1.20997691381 0.368850668851 -0.0241631874713 0.717285966363 0.220295611639 0.171943371943 0.942475713441 668.0 28.5199485199 7.45938815544 0.819032282458 252.269288078 243.674120128 249 277 23.835801779 3.17665227734 0.15238084585 2052.04199826
FUNGI micro 5151.0 122 18952.0084677 0.197854989431 0.0866 0.845204694419 0.235442107374 -0.0450206931819 0.590275879929 0.132580887589 0.158998252766 0.905374671901 819.0 28.7905261114 4.12216833134 1.30222156542 196.566200201 189.198655243 169 202 14.1571033539 1.69986352759 0.140908532701 5331.91410369
FUNGI micro 17910.0 341 42884.7502501 0.214934006401 0.0606 1.0210516326 0.304134880987 -0.0165476963733 0.685276346515 0.157072738291 0.166610831937 0.951611509997 2984.0 23.1099944165 9.80802749593 0.720542633065 382.456860187 382.769885717 398 417 34.7182706964 2.54804202208 0.14765500533 2964.66225521
FUNGI micro 4053.0 157 7898.33104687 0.254116287566 0.0783 0.994544294398 0.296015690194 -0.0314431722249 0.645556475706 0.161258692669 0.164816185542 0.918622722161 668.0 32.9632371083 5.84046901523 1.14966917251 195.62177408 197.145192916 201 221 18.7788620578 2.46610378945 0.146064541375 3381.1801152
FUNGI micro 2099.0 144 1713.44866939 0.313734280076 0.111 1.04345196554 0.398351066645 -0.0311880989394 0.728997844114 0.254888943022 0.182467841829 0.937441795487 383.0 28.9185326346 6.3458295598 0.865291600333 178.910248869 184.193027687 185 203 18.6947255799 3.14308606233 0.161707914241 1083.19063416
FUNGI micro 4299.0 152 6049.71414256 0.233533965891 0.1175 1.26175488226 0.344480356509 -0.035221599514 0.710925798204 0.228964822581 0.160037217958 0.943992611816 688.0 24.5173296115 5.51528883368 0.795633474962 178.814748077 182.29462622 188 201 18.0489498401 2.31824784843 0.141829291628 4898.3854803
FUNGI micro 3007.0 162 3390.85641439 0.275908398378 0.0928 1.18597913455 0.291999737239 -0.0281586074113 0.664275854459 0.176137069228 0.162287994679 0.933450592891 488.0 26.1057532424 5.22372968404 1.35695963969 216.214750826 232.478212932 220 248 20.1031423986 2.95425718534 0.143823990561 4097.83835669
FUNGI micro 5259.0 257 4229.67929232 0.285139419338 0.0904 1.18980352951 0.338362325693 -0.0182093491408 0.723551112085 0.212599695027 0.149458071877 0.956958111378 786.0 22.9511313938 7.88644403557 1.03938442037 284.252888565 298.248649464 312 313 29.8796776652 3.54390064662 0.132453767523 12585.3287749
FUNGI micro 8730.0 243 15447.1432507 0.251804897187 0.0774 0.851239099596 0.334058801069 -0.0211909531498 0.689152008108 0.177934245329 0.119931271478 0.946835220809 1047.0 22.8178694158 6.29074473327 0.758496970522 285.004811548 269.71511701 286 308 26.6680753028 2.60075326123 0.106286321987 691420.022359
FUNGI micro 5005.0 237 2706.88428806 0.260596290988 0.142 1.05283985994 0.354261771983 -0.021064249884 0.754068349709 0.257466833974 0.0937062937063 0.970278632456 469.0 14.0859140859 4.58036207692 0.881552193598 277.266868858 289.635554052 296 313 27.7054075366 3.35001155559 0.0830450405669 781982653.188
FUNGI micro 9099.0 288 6524.06783537 0.226979134673 0.1331 1.20456030807 0.340133531157 -0.0188991566309 0.751564954812 0.242275741034 0.0879217496428 0.973911921544 800.0 14.2323332234 5.04131430345 0.788259112346 320.736271055 334.316041462 346 354 31.4833836202 3.01922622587 0.0779186218664 8890024903.43
FUNGI micro 6704.0 235 12455.8144026 0.267684258873 0.0616 0.971868504414 0.342017468136 -0.0211209403488 0.681410819579 0.172108972987 0.215841288783 0.930893188479 1447.0 28.3860381862 9.6369195806 0.782123243614 283.046382509 275.192620311 285 310 26.5593407727 2.87012531638 0.191284304713 246.9207471
FUNGI micro 6240.0 216 6719.47596899 0.233452383742 0.1109 0.835300657955 0.307727920228 -0.0244170170605 0.708859748398 0.205417774676 0.0935897435897 0.958267741206 584.0 17.6923076923 4.77963016427 0.94322978586 288.820180539 268.482054865 275 311 24.6031020106 2.73439629113 0.0829417507155 817689735.142
FUNGI micro 8164.0 415 5150.59282929 0.295185342194 0.07 1.03254520507 0.358488338459 -0.0111973251889 0.739488887361 0.206041852878 0.144659480647 0.965597611771 1181.0 19.7942185203 11.3836677319 0.913362484002 509.205713919 488.895934726 514 562 45.9617520398 4.59300162097 0.128201126771 20633.4002822
FUNGI micro 5947.0 237 4423.55914325 0.256348970824 0.1251 1.10868885653 0.345566569394 -0.0213446367521 0.745299859337 0.245215065108 0.113838910375 0.96626252032 677.0 17.9418194047 5.73930794223 0.858830231658 264.371691212 271.31866391 284 292 27.1556457384 3.07326051888 0.100887107539 2343460.48757
FUNGI micro 2267.0 134 2287.24884974 0.317500950505 0.112 1.23273991714 0.374589338267 -0.0330588978924 0.720675727847 0.248989346718 0.193647992942 0.933345449147 439.0 28.7163652404 6.28363386822 0.946899205924 158.616919415 153.047304688 163 176 17.21412625 2.81435603856 0.171616063488 609.794386693
FUNGI micro 6391.0 188 17181.994624 0.247486371963 0.0633 0.857379812354 0.296956824258 -0.0270614608797 0.658419673048 0.162729550878 0.251290877797 0.916016575002 1606.0 30.9341261148 9.60326231688 1.01981807887 207.203004695 209.979241319 221 227 21.340585865 2.3516540885 0.222698350422 89.6762612912
FUNGI micro 5114.0 224 3281.25360346 0.261346708175 0.1376 1.0600512356 0.371534373429 -0.0225588314351 0.760295199805 0.270037865363 0.0997262416895 0.96755729248 510.0 17.1490027376 5.24081610674 0.74120666232 255.339461503 260.757527033 271 284 26.1132158906 3.13233105674 0.0883800805594 95615591.623
FUNGI micro 8817.0 224 5888.590627 0.203872775065 0.209 1.13688015091 0.360965626468 -0.0262102503597 0.783869753953 0.307392784688 0.0521719405694 0.97864396819 460.0 9.07338096858 2.70383095398 0.562617299225 249.121493279 251.617072433 263 273 24.547476206 2.38554491542 0.0462361784857 9.65614825462e+25
FUNGI micro 1121.0 101 1004.37009901 0.370606032568 0.1102 1.24473049501 0.384910926418 -0.0385101249465 0.693595795411 0.235577671681 0.207850133809 0.910174027427 233.0 35.682426405 5.16967162532 1.30070132862 125.879336735 129.248478181 131 144 14.2410048076 3.01660584 0.184202366098 331.644269628
FUNGI micro 3007.0 162 3390.85641439 0.275908398378 0.0928 0.806511460942 0.291999737239 -0.0281586074113 0.664275854459 0.176137069228 0.162287994679 0.933450592891 488.0 26.1057532424 5.22372968404 1.35695963969 216.214750826 232.478212932 220 248 20.1031423986 2.95425718534 0.143823990561 4097.83835669
FUNGI micro 5130.0 213 4518.59659846 0.247616446354 0.1142 0.943716131395 0.348952584905 -0.0242785588848 0.735977207999 0.239231691158 0.139961013645 0.958904886214 718.0 21.7348927875 6.63437522929 0.807770036037 275.8693981 261.554971167 269 301 24.8160424868 2.97386274887 0.124037218806 35122.1511529
FUNGI micro 7507.0 203 21016.9798078 0.226637913952 0.0614 1.10688556948 0.322138089835 -0.0267827548549 0.667085392497 0.166423740559 0.241641134941 0.919740270299 1814.0 32.2365791928 9.75811587549 0.824830254299 235.49489465 234.327890937 245 261 22.6366263904 2.34294897173 0.214147872286 113.5929834
FUNGI micro 4476.0 210 7051.30745044 0.29351260409 0.0608 0.595442865357 0.286607940763 -0.0212711936533 0.651223863142 0.150861443605 0.222966934763 0.92167910117 998.0 33.3109919571 8.70590111875 1.33702379593 244.032294641 253.35720155 263 276 24.8617583061 3.13887669667 0.197599162381 194.43994306
FUNGI micro 1944.0 159 1381.68258897 0.358786657809 0.0982 0.883075886845 0.378028185418 -0.0253273390334 0.713613402024 0.229332801987 0.149176954733 0.935944618029 290.0 29.8353909465 5.97119083108 1.16770223887 201.266640058 194.109887541 205 227 20.8649637131 3.60619323243 0.132204633941 12938.9507877
FUNGI micro 8025.0 218 14932.4206866 0.225506845306 0.0836 0.829858795714 0.289047414902 -0.024565460559 0.671429833247 0.166649252296 0.150654205607 0.945097566988 1209.0 24.4485981308 6.1304047731 1.01251720592 254.571721403 259.230492448 268 285 24.1370800668 2.43351469473 0.133513813442 11204.0656937
FUNGI micro 4514.0 186 4509.624644 0.242038530269 0.1161 1.16588715621 0.32890505524 -0.0276670358779 0.71375237821 0.219862091275 0.110323438192 0.953679774184 498.0 21.7323881258 5.02056548865 0.966464189439 226.485159275 236.615787633 237 257 21.984710874 2.76842120336 0.0977716014345 5191702.78539
FUNGI micro 3180.0 160 6134.86477987 0.299816341518 0.0609 1.15322478814 0.286006289308 -0.0272873527169 0.623609392623 0.142685487803 0.214465408805 0.897289861952 682.0 41.8867924528 7.25421500249 1.41703233316 194.747769077 195.247561606 205 222 19.7157057826 2.83730760853 0.190064972291 259.230283949
FUNGI micro 2548.0 162 3067.57794648 0.324123553861 0.0751 1.02240734951 0.357045952284 -0.0266511651207 0.682687515399 0.194043391535 0.233516483516 0.917755545643 595.0 33.0847723705 7.97799370366 1.11760956531 193.696650342 201.28133694 205 220 20.527691685 3.20933684959 0.206948145756 141.490430653
FUNGI micro 4170.0 234 3090.98052162 0.300182932251 0.0935 1.10266603835 0.301826231323 -0.0186684137274 0.688646189982 0.179444702393 0.0906474820144 0.954309358269 378.0 17.3141486811 4.67127732755 1.38631231123 295.153905712 293.4257417 304 335 27.9521578048 3.62366323653 0.0803342392856 2671150145.73
FUNGI micro 5259.0 257 4229.67929232 0.285139419338 0.0904 0.877524031965 0.338362325693 -0.0182093491408 0.723551112085 0.212599695027 0.149458071877 0.956958111378 786.0 22.9511313938 7.88644403557 1.03938442037 284.252888565 298.248649464 312 313 29.8796776652 3.54390064662 0.132453767523 12585.3287749
FUNGI micro 6201.0 300 2945.51280936 0.274856541915 0.127 0.914909545514 0.369972585067 -0.0162595377047 0.763215038725 0.256614607195 0.0707950330592 0.973762808726 439.0 14.1590066118 5.21180708217 0.828429485428 344.233937479 353.401123215 366 384 34.2400422965 3.8096965888 0.0627404644854 5.04634609817e+14
FUNGI micro 5259.0 257 4229.67929232 0.285139419338 0.0904 1.0826875825 0.338362325693 -0.0182093491408 0.723551112085 0.212599695027 0.149458071877 0.956958111378 786.0 22.9511313938 7.88644403557 1.03938442037 284.252888565 298.248649464 312 313 29.8796776652 3.54390064662 0.132453767523 12585.3287749
FUNGI micro 5947.0 237 4423.55914325 0.256348970824 0.1251 0.899828533187 0.345566569394 -0.0213446367521 0.745299859337 0.245215065108 0.113838910375 0.96626252032 677.0 17.9418194047 5.73930794223 0.858830231658 264.371691212 271.31866391 284 292 27.1556457384 3.07326051888 0.100887107539 2343460.48757
FUNGI micro 4504.0 208 3946.33370494 0.28385458507 0.1067 0.805473862401 0.37103771007 -0.0230329813673 0.735634468041 0.240231629073 0.14920071048 0.954923628178 672.0 21.9360568384 6.79121982343 0.820033574773 246.434065233 237.409939703 251 271 24.605593817 3.09930376643 0.132225686924 12908.6128467
FUNGI micro 8025.0 218 14932.4206866 0.225506845306 0.0836 0.609504852253 0.289047414902 -0.024565460559 0.671429833247 0.166649252296 0.150654205607 0.945097566988 1209.0 24.4485981308 6.1304047731 1.01251720592 254.571721403 259.230492448 268 285 24.1370800668 2.43351469473 0.133513813442 11204.0656937
FUNGI micro 2307.0 157 3212.05977462 0.329380838776 0.0634 1.23146792883 0.342386367715 -0.0269064800712 0.649901677803 0.164983213005 0.237104464673 0.899482155006 547.0 39.8352839185 7.3934726826 1.20405493374 209.02254987 216.203729563 210 237 20.1454000494 3.26870596183 0.210127712432 128.092348325
FUNGI micro 6391.0 188 17181.994624 0.247486371963 0.0633 1.3389316586 0.296956824258 -0.0270614608797 0.658419673048 0.162729550878 0.251290877797 0.916016575002 1606.0 30.9341261148 9.60326231688 1.01981807887 207.203004695 209.979241319 221 227 21.340585865 2.3516540885 0.222698350422 89.6762612912
FUNGI micro 5729.0 196 7812.58804291 0.260014510899 0.099 0.911488336008 0.329786514012 -0.0255886047133 0.705209842181 0.206945552238 0.12689823704 0.948481512436 727.0 23.7214173503 5.62469501072 0.870874742271 217.640140934 219.665895236 231 239 22.5347652289 2.58950444137 0.112460634457 209943.153416
FUNGI micro 8174.0 224 12382.9505926 0.239280212655 0.0975 0.967355994317 0.310888837429 -0.0233797864346 0.701393203489 0.195107692087 0.138120871055 0.954206253765 1129.0 20.4795693663 5.99662990894 0.893978974775 255.840630049 248.350968297 264 280 24.7538115112 2.4775972006 0.122406434896 43880.6897439
FUNGI micro 4504.0 208 3946.33370494 0.28385458507 0.1067 0.950549233643 0.37103771007 -0.0230329813673 0.735634468041 0.240231629073 0.14920071048 0.954923628178 672.0 21.9360568384 6.79121982343 0.820033574773 246.434065233 237.409939703 251 271 24.605593817 3.09930376643 0.132225686924 12908.6128467
FUNGI micro 4299.0 152 6049.71414256 0.233533965891 0.1175 0.623910508692 0.344480356509 -0.035221599514 0.710925798204 0.228964822581 0.160037217958 0.943992611816 688.0 24.5173296115 5.51528883368 0.795633474962 178.814748077 182.29462622 188 201 18.0489498401 2.31824784843 0.141829291628 4898.3854803
FUNGI micro 2816.0 155 2137.24440721 0.278790397844 0.1345 0.688660742076 0.379389662757 -0.0312305261264 0.745240007424 0.271991674575 0.150568181818 0.952042508716 424.0 22.6207386364 5.68926324872 0.78341374863 221.912650484 194.397425274 198 228 19.3879630064 2.9208911506 0.133437576844 11297.1381412
FUNGI micro 14056.0 315 41085.6179759 0.2357513494 0.0464 1.20722037485 0.281055144501 -0.0167521231673 0.635884612465 0.12032684184 0.170887877063 0.931527983926 2402.0 29.2401821286 8.77128951141 0.94723753291 357.249919408 357.020843418 374 393 32.8768111346 2.65692735095 0.151445437872 2201.39420598
FUNGI micro 6376.0 206 26770.4269003 0.287436314455 0.0347 0.888700741002 0.287332046144 -0.0225232760938 0.593833717343 0.110546586743 0.346298619824 0.860152229424 2208.0 41.530740276 11.7477967146 1.07891797834 232.444825523 229.214226679 246 257 23.4010351752 2.57984174668 0.306475183618 20.7755453715
FUNGI micro 9579.0 249 14632.2823552 0.218826124282 0.0922 0.75580717449 0.325433270822 -0.0223773357866 0.706124985678 0.194378195006 0.119845495354 0.956436037566 1148.0 22.6224031736 6.29873080422 0.759094637922 301.041796541 293.066905093 303 330 27.0525923123 2.5441297735 0.106210304877 702530.113684
FUNGI micro 10485.0 254 26305.1903302 0.218408744791 0.0611 0.926093300205 0.276099339514 -0.0213170073155 0.647758539408 0.138815489667 0.166714353839 0.935525405983 1748.0 29.0605627086 7.56339969753 1.05904042773 289.405675644 295.003735298 310 323 27.3285993519 2.48055864614 0.147746749227 2942.62512081
FUNGI micro 4514.0 186 4509.624644 0.242038530269 0.1161 1.2963852991 0.32890505524 -0.0276670358779 0.71375237821 0.219862091275 0.110323438192 0.953679774184 498.0 21.7323881258 5.02056548865 0.966464189439 226.485159275 236.615787633 237 257 21.984710874 2.76842120336 0.0977716014345 5191702.78539
FUNGI micro 6704.0 235 12455.8144026 0.267684258873 0.0616 1.33217911089 0.342017468136 -0.0211209403488 0.681410819579 0.172108972987 0.215841288783 0.930893188479 1447.0 28.3860381862 9.6369195806 0.782123243614 283.046382509 275.192620311 285 310 26.5593407727 2.87012531638 0.191284304713 246.9207471
FUNGI micro 3885.0 198 4020.29741578 0.284220965755 0.0878 0.847008677839 0.368850668851 -0.0241631874713 0.717285966363 0.220295611639 0.171943371943 0.942475713441 668.0 28.5199485199 7.45938815544 0.819032282458 252.269288078 243.674120128 249 277 23.835801779 3.17665227734 0.15238084585 2052.04199826
FUNGI micro 6201.0 300 2945.51280936 0.274856541915 0.127 1.33391204931 0.369972585067 -0.0162595377047 0.763215038725 0.256614607195 0.0707950330592 0.973762808726 439.0 14.1590066118 5.21180708217 0.828429485428 344.233937479 353.401123215 366 384 34.2400422965 3.8096965888 0.0627404644854 5.04634609817e+14
FUNGI micro 6704.0 235 12455.8144026 0.267684258873 0.0616 0.531331224883 0.342017468136 -0.0211209403488 0.681410819579 0.172108972987 0.215841288783 0.930893188479 1447.0 28.3860381862 9.6369195806 0.782123243614 283.046382509 275.192620311 285 310 26.5593407727 2.87012531638 0.191284304713 246.9207471
FUNGI micro 2693.0 208 1974.5624071 0.352625983516 0.0786 0.805930802737 0.360659044817 -0.0194936275005 0.706601895124 0.205052244897 0.167842554772 0.938832629713 452.0 29.0011139993 7.35370734316 1.21107218081 262.481769345 254.734741344 268 296 26.2078027552 4.00816100264 0.148746591269 2715.11379937
FUNGI micro 7591.0 195 11352.1700767 0.209569460442 0.1183 1.3395811861 0.288865018966 -0.0284025298238 0.69760348229 0.198894322669 0.103675405085 0.956652503005 787.0 19.27282308 4.36244922225 1.02339955567 217.6116744 225.209477904 235 241 21.7130508952 2.23812900577 0.0918799354935 29145895.2767
FUNGI micro 5114.0 224 3281.25360346 0.261346708175 0.1376 1.19507398913 0.371534373429 -0.0225588314351 0.760295199805 0.270037865363 0.0997262416895 0.96755729248 510.0 17.1490027376 5.24081610674 0.74120666232 255.339461503 260.757527033 271 284 26.1132158906 3.13233105674 0.0883800805594 95615591.623
FUNGI micro 2099.0 144 1713.44866939 0.313734280076 0.111 0.857466207523 0.398351066645 -0.0311880989394 0.728997844114 0.254888943022 0.182467841829 0.937441795487 383.0 28.9185326346 6.3458295598 0.865291600333 178.910248869 184.193027687 185 203 18.6947255799 3.14308606233 0.161707914241 1083.19063416
FUNGI micro 9579.0 249 14632.2823552 0.218826124282 0.0922 0.947679179725 0.325433270822 -0.0223773357866 0.706124985678 0.194378195006 0.119845495354 0.956436037566 1148.0 22.6224031736 6.29873080422 0.759094637922 301.041796541 293.066905093 303 330 27.0525923123 2.5441297735 0.106210304877 702530.113684
FUNGI micro 8268.0 280 7435.58341014 0.259398218833 0.1053 1.06960643848 0.362654640957 -0.0181634692435 0.743929922389 0.233503938727 0.0995403967102 0.966081393071 823.0 19.6661828737 6.47734415086 0.736163615598 300.749497567 305.618168847 322 323 30.9307566184 3.0793410915 0.0882153797348 101461036.381
FUNGI micro 3164.0 144 6725.59362859 0.271222363121 0.0674 1.2013555105 0.308601980615 -0.0330079318041 0.634914533628 0.157080959614 0.260113780025 0.896984245966 823.0 37.2945638432 7.47154601778 1.15787996928 194.785281743 189.164249151 189 215 17.7428329082 2.56002528433 0.230514961779 73.7177003155
FUNGI micro 4189.0 284 2310.0114841 0.331301352329 0.0864 1.20190298986 0.394246836954 -0.0152933615502 0.744153803167 0.232982001994 0.139651468131 0.959224277614 585.0 21.6042014801 8.10031976703 0.897044870246 350.707282418 346.047163303 358 392 33.931969529 4.38796505092 0.123762891237 36440.9821854
FUNGI micro 8478.0 231 20307.6625635 0.2393770461 0.0625 0.834364803563 0.307282714926 -0.0227207481852 0.659376723564 0.152971793313 0.188959660297 0.930687817173 1602.0 32.1420146261 8.12635023028 0.887670884247 262.33702961 269.268710126 278 291 25.4277673166 2.50879556794 0.167461137974 767.021378229
FUNGI micro 6011.0 156 11184.250579 0.211330345174 0.1179 1.05413064729 0.30981555183 -0.0361771101976 0.69457454221 0.208805155356 0.137248377974 0.94561141318 825.0 23.0743636666 4.65231120095 0.824702493994 186.517897521 186.139366147 191 207 17.8133351806 2.01210775251 0.121633208035 48913.6773638
FUNGI micro 8268.0 280 7435.58341014 0.259398218833 0.1053 1.31435121378 0.362654640957 -0.0181634692435 0.743929922389 0.233503938727 0.0995403967102 0.966081393071 823.0 19.6661828737 6.47734415086 0.736163615598 300.749497567 305.618168847 322 323 30.9307566184 3.0793410915 0.0882153797348 101461036.381
FUNGI micro 12214.0 376 6710.39441135 0.223143510023 0.1362 0.620660434501 0.363581728675 -0.0148088048223 0.774746561436 0.261019083165 0.0664810872769 0.980472429759 812.0 11.3885704929 5.25233835073 0.617869059856 460.162734833 439.909788333 457 500 39.8497902483 3.40219253322 0.0589173295782 3.205640526e+16
FUNGI micro 6240.0 216 6719.47596899 0.233452383742 0.1109 1.22068013203 0.307727920228 -0.0244170170605 0.708859748398 0.205417774676 0.0935897435897 0.958267741206 584.0 17.6923076923 4.77963016427 0.94322978586 288.820180539 268.482054865 275 311 24.6031020106 2.73439629113 0.0829417507155 817689735.142
FUNGI micro 7507.0 203 21016.9798078 0.226637913952 0.0614 1.03338735629 0.322138089835 -0.0267827548549 0.667085392497 0.166423740559 0.241641134941 0.919740270299 1814.0 32.2365791928 9.75811587549 0.824830254299 235.49489465 234.327890937 245 261 22.6366263904 2.34294897173 0.214147872286 113.5929834
FUNGI micro 9791.0 298 18480.5616003 0.231872185259 0.0554 1.01142055629 0.326793062249 -0.0179907392936 0.683207712696 0.161695027865 0.204473496068 0.939388755581 2002.0 26.7082014095 11.0786646223 0.820423188754 380.844282164 366.181301766 373 415 32.3204838223 3.01163779532 0.181209906305 379.298687626
FUNGI micro 8817.0 224 5888.590627 0.203872775065 0.209 1.45310006253 0.360965626468 -0.0262102503597 0.783869753953 0.307392784688 0.0521719405694 0.97864396819 460.0 9.07338096858 2.70383095398 0.562617299225 249.121493279 251.617072433 263 273 24.547476206 2.38554491542 0.0462361784857 9.65614825462e+25
FUNGI micro 12214.0 376 6710.39441135 0.223143510023 0.1362 1.03029569123 0.363581728675 -0.0148088048223 0.774746561436 0.261019083165 0.0664810872769 0.980472429759 812.0 11.3885704929 5.25233835073 0.617869059856 460.162734833 439.909788333 457 500 39.8497902483 3.40219253322 0.0589173295782 3.205640526e+16
FUNGI micro 17910.0 341 42884.7502501 0.214934006401 0.0606 0.94753289345 0.304134880987 -0.0165476963733 0.685276346515 0.157072738291 0.166610831937 0.951611509997 2984.0 23.1099944165 9.80802749593 0.720542633065 382.456860187 382.769885717 398 417 34.7182706964 2.54804202208 0.14765500533 2964.66225521
FUNGI micro 4189.0 284 2310.0114841 0.331301352329 0.0864 0.990712248151 0.394246836954 -0.0152933615502 0.744153803167 0.232982001994 0.139651468131 0.959224277614 585.0 21.6042014801 8.10031976703 0.897044870246 350.707282418 346.047163303 358 392 33.931969529 4.38796505092 0.123762891237 36440.9821854
FUNGI micro 4476.0 210 7051.30745044 0.29351260409 0.0608 1.11228467779 0.286607940763 -0.0212711936533 0.651223863142 0.150861443605 0.222966934763 0.92167910117 998.0 33.3109919571 8.70590111875 1.33702379593 244.032294641 253.35720155 263 276 24.8617583061 3.13887669667 0.197599162381 194.43994306
FUNGI micro 333.0 30 1455.33448276 0.323682878823 0.0805 1.02008378141 0.265465465465 -0.11292526511 0.442217689087 0.120688452509 0.615615615616 0.586063541018 205.0 78.978978979 4.65538276701 2.15492175778 114.253012048 150.863322636 51 70 4.99299045263 1.64398987305 0.514591904313 5.42131108549
FUNGI micro 4514.0 186 4509.624644 0.242038530269 0.1161 1.14797285389 0.32890505524 -0.0276670358779 0.71375237821 0.219862091275 0.110323438192 0.953679774184 498.0 21.7323881258 5.02056548865 0.966464189439 226.485159275 236.615787633 237 257 21.984710874 2.76842120336 0.0977716014345 5191702.78539
FUNGI micro 5379.0 233 8737.84604854 0.29052843991 0.0577 1.02015361829 0.366303706913 -0.0203743760174 0.692075602652 0.183146494779 0.228481130322 0.925645064857 1229.0 32.3480200781 10.286582235 0.748041318283 283.009297136 269.826930231 284 310 27.0073385945 3.17691173509 0.202485868219 163.858627632
FUNGI micro 8025.0 218 14932.4206866 0.225506845306 0.0836 0.607145884233 0.289047414902 -0.024565460559 0.671429833247 0.166649252296 0.150654205607 0.945097566988 1209.0 24.4485981308 6.1304047731 1.01251720592 254.571721403 259.230492448 268 285 24.1370800668 2.43351469473 0.133513813442 11204.0656937
FUNGI micro 13365.0 302 16836.9081978 0.212732510961 0.1045 1.02229260935 0.329670261606 -0.0188372845856 0.733101422563 0.215217330003 0.112607557052 0.968316678864 1505.0 17.0669659559 6.61916170144 0.694496915772 342.803052978 339.206596999 354 374 31.6828944236 2.61229645708 0.0997958490689 3070994.58386
FUNGI micro 14056.0 315 41085.6179759 0.2357513494 0.0464 1.06571363003 0.281055144501 -0.0167521231673 0.635884612465 0.12032684184 0.170887877063 0.931527983926 2402.0 29.2401821286 8.77128951141 0.94723753291 357.249919408 357.020843418 374 393 32.8768111346 2.65692735095 0.151445437872 2201.39420598
FUNGI micro 2548.0 162 3067.57794648 0.324123553861 0.0751 0.883632102018 0.357045952284 -0.0266511651207 0.682687515399 0.194043391535 0.233516483516 0.917755545643 595.0 33.0847723705 7.97799370366 1.11760956531 193.696650342 201.28133694 205 220 20.527691685 3.20933684959 0.206948145756 141.490430653
FUNGI micro 30881.0 383 57972.1606086 0.186594811084 0.1011 1.26608741612 0.332875555394 -0.0161310469338 0.73640266867 0.206413396158 0.0672258022732 0.974167006236 2076.0 13.3447751044 5.79292661361 0.503594820124 416.5604088 408.964790847 428 444 36.9514247095 2.1794810449 0.0595773160597 1.47902504764e+16
FUNGI micro 9791.0 298 18480.5616003 0.231872185259 0.0554 1.31239247335 0.326793062249 -0.0179907392936 0.683207712696 0.161695027865 0.204473496068 0.939388755581 2002.0 26.7082014095 11.0786646223 0.820423188754 380.844282164 366.181301766 373 415 32.3204838223 3.01163779532 0.181209906305 379.298687626
FUNGI micro 13365.0 302 16836.9081978 0.212732510961 0.1045 1.41000954454 0.329670261606 -0.0188372845856 0.733101422563 0.215217330003 0.112607557052 0.968316678864 1505.0 17.0669659559 6.61916170144 0.694496915772 342.803052978 339.206596999 354 374 31.6828944236 2.61229645708 0.0997958490689 3070994.58386
FUNGI micro 2473.0 178 1425.73430458 0.325694484369 0.1198 0.987330813937 0.396198039955 -0.0245374658869 0.743557106694 0.26063271732 0.111605337647 0.9531187533 276.0 22.3210675293 5.44149969836 0.929716215814 226.058649026 223.139602164 228 253 22.6540071215 3.5793811292 0.0989076552466 3851727.16204
FUNGI micro 9628.0 278 9273.61218606 0.252598779808 0.1149 1.36438461844 0.352810149056 -0.0185773208919 0.742083105523 0.231463884023 0.0938928126298 0.968691600924 904.0 15.5276277524 5.25638544405 0.665617281139 309.687501708 304.476847719 321 336 30.1991921305 2.83319688162 0.083210338659 728302374.189
FUNGI micro 2693.0 208 1974.5624071 0.352625983516 0.0786 1.24236149593 0.360659044817 -0.0194936275005 0.706601895124 0.205052244897 0.167842554772 0.938832629713 452.0 29.0011139993 7.35370734316 1.21107218081 262.481769345 254.734741344 268 296 26.2078027552 4.00816100264 0.148746591269 2715.11379937
FUNGI micro 8817.0 224 5888.590627 0.203872775065 0.209 1.09437394899 0.360965626468 -0.0262102503597 0.783869753953 0.307392784688 0.0521719405694 0.97864396819 460.0 9.07338096858 2.70383095398 0.562617299225 249.121493279 251.617072433 263 273 24.547476206 2.38554491542 0.0462361784857 9.65614825462e+25
FUNGI micro 6573.0 217 8901.02180406 0.250057068496 0.0938 1.07049401319 0.32003356841 -0.0235513288755 0.705587485966 0.201491729999 0.13585881637 0.950891055385 893.0 25.2396166134 6.46985319096 0.901092308721 257.139440049 245.514545713 260 281 24.5713504361 2.67656575855 0.120401741127 58390.796725
FUNGI micro 4053.0 157 7898.33104687 0.254116287566 0.0783 0.774165116014 0.296015690194 -0.0314431722249 0.645556475706 0.161258692669 0.164816185542 0.918622722161 668.0 32.9632371083 5.84046901523 1.14966917251 195.62177408 197.145192916 201 221 18.7788620578 2.46610378945 0.146064541375 3381.1801152
FUNGI micro 7659.0 296 6235.68262712 0.267210686343 0.0973 1.26451677756 0.346650998825 -0.0166838914432 0.725405644668 0.206923567771 0.0830395613004 0.965262645094 636.0 16.5295730513 5.62361260341 0.878383588692 350.818751632 342.312143348 358 386 32.9843451496 3.38224977294 0.0735918951022 103209153043.0
FUNGI micro 6240.0 216 6719.47596899 0.233452383742 0.1109 0.679544743919 0.307727920228 -0.0244170170605 0.708859748398 0.205417774676 0.0935897435897 0.958267741206 584.0 17.6923076923 4.77963016427 0.94322978586 288.820180539 268.482054865 275 311 24.6031020106 2.73439629113 0.0829417507155 817689735.142
FUNGI micro 9628.0 278 9273.61218606 0.252598779808 0.1149 0.922811796408 0.352810149056 -0.0185773208919 0.742083105523 0.231463884023 0.0938928126298 0.968691600924 904.0 15.5276277524 5.25638544405 0.665617281139 309.687501708 304.476847719 321 336 30.1991921305 2.83319688162 0.083210338659 728302374.189
FUNGI micro 14056.0 315 41085.6179759 0.2357513494 0.0464 0.933467273898 0.281055144501 -0.0167521231673 0.635884612465 0.12032684184 0.170887877063 0.931527983926 2402.0 29.2401821286 8.77128951141 0.94723753291 357.249919408 357.020843418 374 393 32.8768111346 2.65692735095 0.151445437872 2201.39420598
FUNGI micro 2788.0 106 8678.99371069 0.253039966678 0.0745 0.638248117002 0.347466229934 -0.048346203124 0.645288143923 0.183546976024 0.311334289813 0.873326760105 868.0 42.8263988522 7.50107324438 0.74030634284 157.194833154 136.017355808 136 158 13.2357171514 2.00751815056 0.2758081955 31.1680778436
FUNGI micro 2307.0 157 3212.05977462 0.329380838776 0.0634 1.25130643586 0.342386367715 -0.0269064800712 0.649901677803 0.164983213005 0.237104464673 0.899482155006 547.0 39.8352839185 7.3934726826 1.20405493374 209.02254987 216.203729563 210 237 20.1454000494 3.26870596183 0.210127712432 128.092348325
FUNGI micro 12214.0 376 6710.39441135 0.223143510023 0.1362 0.981505649043 0.363581728675 -0.0148088048223 0.774746561436 0.261019083165 0.0664810872769 0.980472429759 812.0 11.3885704929 5.25233835073 0.617869059856 460.162734833 439.909788333 457 500 39.8497902483 3.40219253322 0.0589173295782 3.205640526e+16
FUNGI micro 5215.0 265 5588.92324185 0.29850863977 0.065 0.75260883283 0.35247743266 -0.017368985712 0.695556783375 0.179824170819 0.165675934803 0.941973454036 864.0 29.5877277085 8.54749991425 0.950506241998 329.286299793 323.729236356 334 367 30.843664053 3.66959991915 0.146826474319 3173.20620382
FUNGI micro 8478.0 231 20307.6625635 0.2393770461 0.0625 0.945917867982 0.307282714926 -0.0227207481852 0.659376723564 0.152971793313 0.188959660297 0.930687817173 1602.0 32.1420146261 8.12635023028 0.887670884247 262.33702961 269.268710126 278 291 25.4277673166 2.50879556794 0.167461137974 767.021378229
FUNGI micro 9099.0 288 6524.06783537 0.226979134673 0.1331 0.990543722408 0.340133531157 -0.0188991566309 0.751564954812 0.242275741034 0.0879217496428 0.973911921544 800.0 14.2323332234 5.04131430345 0.788259112346 320.736271055 334.316041462 346 354 31.4833836202 3.01922622587 0.0779186218664 8890024903.43
FUNGI micro 7564.0 263 7096.05308681 0.236699617346 0.1048 1.32821243623 0.322583661249 -0.0199129770066 0.717976345797 0.204713758645 0.0909571655209 0.963702825961 688.0 16.2744579588 5.17813354936 0.945710153681 298.762303719 310.832592517 323 334 29.3355100647 3.02398747756 0.0806086891475 2345686617.74
FUNGI micro 9579.0 249 14632.2823552 0.218826124282 0.0922 0.851599405842 0.325433270822 -0.0223773357866 0.706124985678 0.194378195006 0.119845495354 0.956436037566 1148.0 22.6224031736 6.29873080422 0.759094637922 301.041796541 293.066905093 303 330 27.0525923123 2.5441297735 0.106210304877 702530.113684
FUNGI micro 8478.0 231 20307.6625635 0.2393770461 0.0625 0.857944271712 0.307282714926 -0.0227207481852 0.659376723564 0.152971793313 0.188959660297 0.930687817173 1602.0 32.1420146261 8.12635023028 0.887670884247 262.33702961 269.268710126 278 291 25.4277673166 2.50879556794 0.167461137974 767.021378229
FUNGI micro 5379.0 233 8737.84604854 0.29052843991 0.0577 0.703394439908 0.366303706913 -0.0203743760174 0.692075602652 0.183146494779 0.228481130322 0.925645064857 1229.0 32.3480200781 10.286582235 0.748041318283 283.009297136 269.826930231 284 310 27.0073385945 3.17691173509 0.202485868219 163.858627632
FUNGI micro 7659.0 296 6235.68262712 0.267210686343 0.0973 1.1740528794 0.346650998825 -0.0166838914432 0.725405644668 0.206923567771 0.0830395613004 0.965262645094 636.0 16.5295730513 5.62361260341 0.878383588692 350.818751632 342.312143348 358 386 32.9843451496 3.38224977294 0.0735918951022 103209153043.0
FUNGI micro 8730.0 243 15447.1432507 0.251804897187 0.0774 1.15986903982 0.334058801069 -0.0211909531498 0.689152008108 0.177934245329 0.119931271478 0.946835220809 1047.0 22.8178694158 6.29074473327 0.758496970522 285.004811548 269.71511701 286 308 26.6680753028 2.60075326123 0.106286321987 691420.022359
FUNGI micro 4476.0 210 7051.30745044 0.29351260409 0.0608 0.702237900233 0.286607940763 -0.0212711936533 0.651223863142 0.150861443605 0.222966934763 0.92167910117 998.0 33.3109919571 8.70590111875 1.33702379593 244.032294641 253.35720155 263 276 24.8617583061 3.13887669667 0.197599162381 194.43994306
FUNGI micro 9791.0 298 18480.5616003 0.231872185259 0.0554 0.739126121496 0.326793062249 -0.0179907392936 0.683207712696 0.161695027865 0.204473496068 0.939388755581 2002.0 26.7082014095 11.0786646223 0.820423188754 380.844282164 366.181301766 373 415 32.3204838223 3.01163779532 0.181209906305 379.298687626
FUNGI micro 5130.0 213 4518.59659846 0.247616446354 0.1142 0.674516331247 0.348952584905 -0.0242785588848 0.735977207999 0.239231691158 0.139961013645 0.958904886214 718.0 21.7348927875 6.63437522929 0.807770036037 275.8693981 261.554971167 269 301 24.8160424868 2.97386274887 0.124037218806 35122.1511529
FUNGI micro 5379.0 233 8737.84604854 0.29052843991 0.0577 0.856893965226 0.366303706913 -0.0203743760174 0.692075602652 0.183146494779 0.228481130322 0.925645064857 1229.0 32.3480200781 10.286582235 0.748041318283 283.009297136 269.826930231 284 310 27.0073385945 3.17691173509 0.202485868219 163.858627632
FUNGI micro 30881.0 383 57972.1606086 0.186594811084 0.1011 1.26498682781 0.332875555394 -0.0161310469338 0.73640266867 0.206413396158 0.0672258022732 0.974167006236 2076.0 13.3447751044 5.79292661361 0.503594820124 416.5604088 408.964790847 428 444 36.9514247095 2.1794810449 0.0595773160597 1.47902504764e+16
