BIGN micro 13469205.0 4491 1286298566.55 0.0974379696896 0.0069 0.0738531012105 0.154191478755 -0.00191079440019 0.570222578486 0.0267175645989 0.109033829391 0.967942380332 1468599.0 19.5309745453 28.6508283932 0.665493082536 4491.0 4491.0 4491 4087 273.515036015 1.22369186705 0.0966287153914 7083778.03463
BIGN micro 7717659.0 4110 244061153.134 0.0983237148904 0.0142 0.0743435413722 0.182542972973 -0.00207402772879 0.651566515973 0.0548275330355 0.0869524035721 0.982919732984 671069.0 15.164831719 29.1056136404 0.691643281908 4110.0 4110.0 4110 3720 259.095428071 1.47944569713 0.0770595612784 14007227508.8
BIGN micro 296127.0 312 101474908.836 0.12509649549 0.0088 0.0843109010235 0.172685199256 -0.0240598165508 0.386271877319 0.0263416364741 0.596973595788 0.636910452358 176780.0 64.3909538813 17.1384159578 0.744256080339 312.0 312.0 312 272 24.6853928137 0.57334442055 0.502120004308 5.68417278933
BIGN micro 1240693.0 88 3902205294.88 0.0494028317852 0.049 0.0520052697733 0.210957779974 -0.138797787984 0.478556915991 0.0864606950707 0.445780704816 0.768089593192 553077.0 55.3418130029 7.58146498526 0.377085734175 88.0 88.0 88 70 6.20047607932 0.079004259382 0.390312999301 9.99019822608
BIGN micro 2344761.0 1154 1719723205.81 0.143391077337 0.0024 0.0929155025788 0.0926124469514 -0.005895042817 0.307634600549 0.00672216215424 0.592056077357 0.638479497251 1388230.0 65.1128622491 32.4841292371 1.11410619274 1154.0 1154.0 1154 1035 78.6081300301 0.75362711874 0.498786054706 5.75884813816
BIGN micro 1970440.0 1939 196498349.952 0.124732646537 0.0052 0.0846745347892 0.163876400314 -0.00385458721918 0.528951470331 0.0277728574092 0.295883153001 0.901402961922 583020.0 34.0449848765 37.4363748309 0.825644226762 1939.0 1939.0 1939 1703 133.71264648 1.38132604812 0.262171171025 38.8084580283
BIGN micro 2274526.0 804 191947650.037 0.081288016958 0.0401 0.0682115685597 0.188100429895 -0.0115637745988 0.634688525037 0.0856941685813 0.113769638158 0.968963061328 258772.0 17.7116902599 11.2388953936 0.782846964227 804.0 804.0 804 725 54.8599109451 0.533102348752 0.100825716634 2378839.09562
BIGN micro 2257579.0 297 971913535.336 0.0607066362788 0.0563 0.0591038132735 0.171354255012 -0.0361624535219 0.582324041522 0.0896582189188 0.127795306388 0.940186963263 288508.0 24.4287353842 6.43725764457 0.778878479953 297.0 297.0 297 254 20.2326708506 0.197667364114 0.113255641467 182532.725391
BIGN micro 74509389.0 1310 182651940253.0 0.0459250665617 0.0174 0.0498736984913 0.155714788503 -0.00972405710917 0.570049244795 0.0449510346128 0.142537110323 0.956169907774 10620353.0 22.3425318922 16.5081088377 0.369516982762 1310.0 1310.0 1310 1190 72.2149694238 0.151762962145 0.126320225045 26074.2300324
BIGN micro 10049617.0 1575 5265335150.08 0.123293533198 0.0077 0.0898450342928 0.0481867902694 -0.00446898300702 0.3997235562 0.0114156909797 0.144112059196 0.917305038901 1448271.0 28.6446637718 15.6231327819 1.61269047637 1575.0 1575.0 1575 1338 97.6242385955 0.496827701584 0.127715987142 21896.5514719
BIGN micro 6733431.0 815 1350080274.32 0.0627304336445 0.0482 0.0581968213164 0.22304988804 -0.0133847763705 0.666938944361 0.106155597768 0.0821551449774 0.974534203155 553186.0 15.4519441871 9.75418237868 0.360952065546 815.0 815.0 815 768 51.7726228019 0.314079363178 0.0728081015434 168602852598.0
BIGN micro 734144.0 684 38590221.9214 0.110327306714 0.029 0.0815596669809 0.163420685573 -0.0113491515641 0.581510438742 0.0637278274883 0.156534685293 0.949635015059 114919.0 24.2234493505 12.1747728814 1.05599541979 684.0 684.0 684 600 50.568392906 0.798298797069 0.138725252874 6561.62880041
BIGN micro 5500901.0 952 1652081356.5 0.087511984504 0.0198 0.0738413786547 0.0961536894539 -0.00901549608337 0.514063405151 0.0346780408378 0.125553432065 0.947028431489 690657.0 23.2861489418 11.4531998094 1.25342165059 952.0 952.0 952 838 61.2741053125 0.405900918327 0.111268832079 260350.054037
