39063 892 0.219097331564 0.0179417378233 -0.00590198718913 0.0732442664401 0.880498403512 0.617298444565 0.224278729232 0.937539739474 0.00112107623318 321 3.11208599697
90194 528 0.143318223353 0.0436315252774 -0.0128376181222 0.0819530794338 0.906751847698 0.60431071605 0.115506574717 0.95660301529 0.00189393939394 125 2.04931858706
38242 462 0.177763106671 0.0261647311426 -0.0124410114476 0.064458371003 0.890337804218 0.558181888163 0.221693426076 0.917298039561 0.0021645021645 166 2.52565483051
84834 512 0.144684757432 0.050300102515 -0.013255016499 0.0936916981866 0.906864351648 0.623451980811 0.109331164392 0.961181886424 0.001953125 108 1.98937668348
23573 1219 0.282762000277 0.0731151392021 -0.003797609362 0.176257912878 0.864560984617 0.756257737294 0.033809867221 0.988822047307 0.000820344544709 371 2.00179476498
26051 829 0.227590663812 0.0475859609516 -0.00639525655154 0.13693431784 0.881315236376 0.705265638636 0.0867145215155 0.974688076415 0.00120627261761 281 2.42454879875
2643 489 0.467382982666 0.114625249983 -0.00665371800979 0.336806664125 0.810171432418 0.824908896224 0.0938327657964 0.982531091369 0.00204498977505 230 2.35730523905
18310 1200 0.305550406347 0.0542269322746 -0.00372053489707 0.186712339035 0.859723756073 0.763815979583 0.0778263244129 0.984686261057 0.000833333333333 417 2.6434211573
31671 697 0.20759310347 0.040606751702 -0.00738359645872 0.0843422432203 0.877819778822 0.624637686365 0.0835464620631 0.964698398957 0.00143472022956 314 2.11504474712
45292 1579 0.240088488571 0.0473255538043 -0.00321681210196 0.133269422213 0.876247702243 0.72689805405 0.0541596749978 0.986639748857 0.000633312222926 524 2.42818813606
34226 1105 0.221076529525 0.071965682721 -0.00479324276992 0.157393024867 0.881202835347 0.736832013895 0.0484427043768 0.987453727099 0.000904977375566 381 2.08129615576
35852 1480 0.248707489093 0.0584856407036 -0.00329448753779 0.142323075942 0.871219680268 0.733473137644 0.0423407341292 0.988474723689 0.000675675675676 561 2.19652715785
1852 304 0.67269235513 0.0528106783655 -0.00576466350958 0.231197518755 0.669886049976 0.745741347328 0.197624190065 0.938218556778 0.00657894736842 0 2.40891632866
31512 641 0.198006308603 0.0373190989883 -0.00840408496975 0.0843129236245 0.883153379541 0.619927637286 0.114337395278 0.958227083892 0.0015600624025 278 2.23109960584
22427 590 0.21521966447 0.0428528146745 -0.00884849079529 0.10499162197 0.879515837091 0.648983280373 0.124448209747 0.960490810438 0.00169491525424 229 2.33821553713
7505 331 0.264100785958 0.0412612138855 -0.0141692143308 0.112296856634 0.866263129639 0.627203737683 0.185343104597 0.926903457397 0.00302114803625 138 2.25264890792
42856 1191 0.315052832612 0.0058437503772 -0.00318321780894 0.0188978543016 0.835819521286 0.445674129321 0.268153817435 0.856339894806 0.000839630562552 628 3.10262053377
44166 946 0.212762326373 0.0249325644301 -0.00561946645556 0.0780161546667 0.881628217305 0.629548388947 0.155141964407 0.957624019862 0.00105708245243 346 2.8029243394
76 41 0.778926835662 0.337028824834 -0.0363314838836 0.628640780752 0.623617102738 0.878852504317 0.223684210526 0.94 0.0243902439024 29 1.59418019184
19240 554 0.183585801006 0.114530496139 -0.0103580877995 0.200382572503 0.890162333103 0.746666457406 0.0638773388773 0.984290691152 0.00180505415162 228 1.78871614143
21524 436 0.173487975203 0.0734580132181 -0.0136078322861 0.144158738294 0.893697888963 0.683542478569 0.104209254785 0.96882203255 0.00229357798165 173 2.00334598913
48 42 0.958044747563 0.884792626728 -0.0117378087542 0.949400486834 0.291586029622 0.986447061757 0.0625 0.993794326241 0.0238095238095 37 1.09627081472
51 39 0.902060465746 0.623292595255 -0.0201867285876 0.837669569884 0.424585960945 0.953003399821 0.137254901961 0.978039215686 0.025641025641 33 1.53218348075
13 11 0.936707904696 0.808612440191 -0.0499369222122 0.908877525253 0.319780696963 0.963938446734 0.230769230769 0.961538461538 0.0909090909091 10 1.04593203084
15212 251 0.178353409275 0.0353575412459 -0.0222728083367 0.0842886042922 0.887315951009 0.560011408211 0.292203523534 0.887379012998 0.00398406374502 111 2.42932420101
12004 534 0.266239748186 0.0544447188292 -0.0089868890603 0.147016974089 0.869214714214 0.696452129731 0.105714761746 0.965684839481 0.00187265917603 178 2.23416517036
13192 1010 0.329109025928 0.0693404173567 -0.00423953017956 0.210153937007 0.853941773367 0.775040920629 0.055412371134 0.985795911531 0.000990099009901 337 2.27154930681
9112 952 0.360672222342 0.116361568189 -0.00425555530539 0.293596281443 0.845939500305 0.821679100604 0.0497146619842 0.991081557869 0.00105042016807 349 2.15293387121
37247 1027 0.241287984282 0.0128193352037 -0.00488413151509 0.0654163144286 0.874724722463 0.608737677103 0.251832362338 0.924068465214 0.000973709834469 353 3.23506683612
22307 746 0.218020884679 0.0552451516427 -0.00720167452676 0.151912105873 0.882843605848 0.71623955875 0.105482583942 0.975779485902 0.00134048257373 277 2.463409648
29085 1602 0.291220668621 0.0524742359096 -0.00288473395506 0.174248692042 0.864335203048 0.763610780442 0.0517448856799 0.988138236854 0.000624219725343 504 2.54291766658
25522 1557 0.306325347722 0.0348904013824 -0.00287699395314 0.16252633398 0.860173580096 0.753267500649 0.104850717028 0.981630512311 0.000642260757868 499 3.08052789274
12756 755 0.27993635434 0.0952819395396 -0.0061532887006 0.206335258246 0.865026211011 0.762601746151 0.0424898087175 0.986176425504 0.00132450331126 273 1.81761114349
8133 940 0.36608915921 0.129076067347 -0.00418284835821 0.293083469015 0.841449128708 0.821098940158 0.0323373908767 0.991880074915 0.00106382978723 400 1.83264457518
33575 1191 0.268379723634 0.00987467216322 -0.00392127240785 0.0618516121527 0.865713481535 0.608846700847 0.274787788533 0.914998549786 0.000839630562552 433 3.3849348608
3380 494 0.432344375082 0.133214570048 -0.00710635483 0.317843771138 0.82333390721 0.815904290144 0.0582840236686 0.985095727002 0.00202429149798 191 1.82663189082
37850 739 0.225096228322 0.0197790742091 -0.00686489351541 0.0537626499215 0.876100488023 0.561013117944 0.176538969617 0.931609885671 0.00135317997294 276 2.60263167732
29998 638 0.217169197423 0.0375408173703 -0.0079998735515 0.0767081645104 0.87682872032 0.605307603078 0.0985399026602 0.958280106963 0.00156739811912 257 2.10706481917
377768 1709 0.174456788841 0.0136189952177 -0.00333851903068 0.0268136865015 0.889542485018 0.516658980817 0.111592300036 0.957037725942 0.000585137507314 574 2.65098587437
431392 2282 0.152567696381 0.0156931744166 -0.00276125574754 0.0411428126804 0.899803852595 0.588694658907 0.0903215636822 0.972078515107 0.000438212094654 739 2.85211478865
477542 2267 0.158529544388 0.0147855950731 -0.00274469494368 0.0363136700637 0.898553614118 0.57237484774 0.103165794841 0.97016815618 0.000441111601235 705 2.88102522895
315046 2510 0.203055110959 0.0124340302636 -0.00205814652247 0.0283257628489 0.878271665192 0.546449656929 0.0912279476648 0.967961460348 0.000398406374502 914 2.80556121537
528017 3355 0.166098198223 0.0127137632185 -0.00176206404831 0.0349133200309 0.893322175212 0.587756084383 0.0872699174458 0.976557760739 0.000298062593145 1178 3.01135565354
303946 2917 0.173220919959 0.0200878802957 -0.00199455791967 0.0516013458794 0.891638693227 0.629254044599 0.0599942094977 0.9829373236 0.000342817963661 1037 2.67746951805
337262 2358 0.177221886384 0.0144873067308 -0.00249465916844 0.0386175143548 0.89280045096 0.582316890795 0.109621006814 0.970729789884 0.000424088210348 712 2.92816766142
457864 3672 0.173702374726 0.0147568052706 -0.00158180239703 0.0408912692879 0.89146035251 0.611320622584 0.054649415547 0.981547529107 0.000272331154684 1209 2.83376117684
362647 1576 0.136669394204 0.0208907051392 -0.00420263862108 0.0498425830616 0.904603142832 0.594322132499 0.0994962042978 0.969629464126 0.000634517766497 526 2.74855953321
485373 2794 0.155787946768 0.0126810013238 -0.00220002470425 0.0382229335717 0.897331308836 0.589759307238 0.0961920007911 0.971777905496 0.000357909806729 947 3.09485143516
20793 459 0.243738737153 0.0129299005152 -0.011276584772 0.0618229714889 0.878501277637 0.551161520593 0.398307122589 0.831543007702 0.00217864923747 107 2.98202130961
19291 558 0.218752535548 0.0588234009778 -0.00981464906502 0.154220486822 0.885022503346 0.705963623063 0.123736457415 0.969584244624 0.00179211469534 168 2.38179994562
13004 439 0.229885012604 0.104134411886 -0.0122804888161 0.20954578713 0.883240603893 0.744554672477 0.0681328821901 0.978200568106 0.00227790432802 120 1.70916159723
8426 258 0.19420788542 0.0987940166925 -0.0220241578 0.186987763432 0.88909871404 0.701060306934 0.111084737717 0.960881206327 0.00387596899225 103 1.74255564083
19831 596 0.217504458386 0.061963260846 -0.00925376580188 0.16818116936 0.88581143161 0.722318888659 0.116433866169 0.97297088283 0.00167785234899 179 2.42805178789
13673 367 0.226149945334 0.0519503947395 -0.0147953936139 0.149077233814 0.884056001408 0.680314675634 0.178307613545 0.947619355234 0.00272479564033 92 2.40555377618
13755 409 0.221524115195 0.0569850839764 -0.0130330099649 0.137261265728 0.881942562452 0.672312657494 0.120901490367 0.957163836467 0.00244498777506 139 2.15116796207
31404 843 0.22442312561 0.0443052680645 -0.00598563534363 0.0952720354753 0.875447901366 0.652689838117 0.0689721054643 0.973256757359 0.0011862396204 341 2.07647944374
9389 278 0.190926171037 0.0601455140475 -0.020018029484 0.145255253168 0.886811138903 0.660901726541 0.183938651614 0.940293155971 0.00359712230216 130 2.22134852465
14527 318 0.222026248095 0.0294155788711 -0.0170732708686 0.0909481482649 0.884043275113 0.589292466588 0.282508432574 0.893157107096 0.00314465408805 96 2.53535157558
8420 893 0.416375767188 0.0274810866392 -0.00382450558246 0.123352730548 0.818665467265 0.693170379685 0.147624703088 0.959365156124 0.00111982082867 401 2.79682439426
21999 1148 0.278943135019 0.0553742379064 -0.00414647036816 0.181980432116 0.868177421486 0.758728061863 0.0870494113369 0.984313960233 0.000871080139373 374 2.68777912935
27347 1156 0.25915907613 0.0291788239382 -0.00405862745644 0.110090734031 0.866311929423 0.688137083151 0.136907156178 0.970388919202 0.000865051903114 464 2.98001928839
46511 871 0.199666774516 0.0226591502757 -0.00638586107855 0.0841101529453 0.886752818638 0.636139756265 0.197888671497 0.9493518906 0.00114810562572 277 3.04947602919
49472 536 0.171230106374 0.0168039541422 -0.0110650168975 0.0549163208698 0.89365978764 0.543239853769 0.306921086675 0.888992217807 0.00186567164179 195 2.92423498978
39690 1612 0.293541761055 0.0370834038055 -0.00285890089612 0.129956531673 0.863969878134 0.724259034529 0.0713529856387 0.983296337134 0.000620347394541 372 2.63463985371
18042 1247 0.308290684639 0.0627041197181 -0.00342609637714 0.168893188111 0.853625562922 0.751062443774 0.0580866866201 0.987265694386 0.000801924619086 514 2.28014989347
21749 1288 0.276209189564 0.0790857251212 -0.00364693377477 0.201722068999 0.866463285058 0.776870399665 0.0435422318268 0.990228366062 0.000776397515528 480 2.18439525574
51878 925 0.231333928573 0.0338285123027 -0.00545121322056 0.0707418861026 0.875363196936 0.614246571118 0.068969505378 0.968060971172 0.00108108108108 242 2.13343419035
72979 647 0.197662034547 0.0145339212817 -0.00833846762093 0.0311666334926 0.883322156111 0.471369452848 0.195850861207 0.893668264178 0.0015455950541 203 2.5047459942
28989 1089 0.279759686046 0.0451757517602 -0.00446676508587 0.167671803938 0.870922603899 0.745288871117 0.0895857049226 0.979707102635 0.000918273645546 234 2.66245539329
21813 1038 0.27670056266 0.0435717445907 -0.00436794886634 0.120748798024 0.861800294821 0.696610963714 0.0750469903269 0.977934376751 0.000963391136802 418 2.39513355626
32760 1699 0.310795600675 0.0385073131759 -0.00262687783898 0.152257172703 0.859675797275 0.747383133757 0.0767704517705 0.984745131137 0.00058858151854 424 2.81996611503
4327 251 0.313337418357 0.0188257162624 -0.016732037311 0.078679913032 0.85118563562 0.548132859911 0.44996533395 0.788553440049 0.00398406374502 112 2.70076865602
41765 911 0.219937201147 0.0215542267038 -0.00574481053671 0.0686233713869 0.879806088865 0.609022380177 0.16046929247 0.949095597659 0.00109769484083 336 2.75282432113
27858 1637 0.340160898025 0.0251657616693 -0.00235980399532 0.0824022724075 0.838740532195 0.663627822169 0.0676645846794 0.975761032185 0.000610873549175 683 2.56974944358
37264 639 0.216382500104 0.0306496989887 -0.00776237103087 0.0587205571695 0.873350933397 0.564979771367 0.132165092314 0.948966392749 0.00156494522692 273 2.2258197923
3612 480 0.416394413453 0.0621715898642 -0.00686513886391 0.18481072752 0.812430689849 0.727999067512 0.0963455149502 0.966758241168 0.00208333333333 250 2.16751334386
4818 634 0.452697265708 0.0356163597149 -0.00460769814229 0.120005521872 0.790034703736 0.673170841338 0.123910336239 0.9559129391 0.00157728706625 370 2.36139465308
5689 1092 0.492015249589 0.0461870871579 -0.00266639571326 0.226046348954 0.789393356128 0.78788817759 0.113200914045 0.980345332951 0.000915750915751 610 2.98806790445
4870 776 0.453502076459 0.0708651734447 -0.00406180520739 0.22679235465 0.804418913988 0.777682194289 0.0796714579055 0.982016976193 0.00128865979381 387 2.34525536971
6462 466 0.298487957958 0.0922573257795 -0.0091683896853 0.192037423958 0.853629775797 0.732905702879 0.0694831321572 0.97689098666 0.00214592274678 206 1.76605082986
5084 728 0.416468411815 0.084808827202 -0.00464300566564 0.237766307751 0.816880293292 0.782699901085 0.0690401258851 0.983996809531 0.00137362637363 360 2.20269096395
6052 555 0.390071153223 0.0166222094872 -0.00594158382955 0.0796754955951 0.812554746061 0.602910740731 0.306179775281 0.891750097732 0.0018018018018 311 2.97326326328
3701 452 0.377828260968 0.100262980408 -0.00804153170214 0.23793784389 0.829081508906 0.766313499597 0.0772764117806 0.978198441619 0.00221238938053 216 1.91969039317
7445 497 0.385810485468 0.012638741308 -0.0066094617368 0.0456098221026 0.811872699027 0.509326342863 0.336467427804 0.840914151386 0.00201207243461 275 2.78516694371
8550 1194 0.438239116034 0.047771621431 -0.0026668394678 0.172997437596 0.806278929921 0.752933395546 0.0734502923977 0.982583154967 0.000837520938023 625 2.51682948614
69537 1349 0.28984214532 0.0077785957592 -0.00320009598538 0.0220633060831 0.855085446912 0.475308966914 0.202971080144 0.904714338745 0.000741289844329 490 2.93122084677
63603 2075 0.287227323334 0.0142139283989 -0.0021873362369 0.0575975563484 0.861941665585 0.627320435378 0.106803138217 0.966109875317 0.000481927710843 651 2.93320166019
31642 949 0.258068435457 0.0247527836056 -0.00481965076684 0.0672823961436 0.862969349393 0.608432601065 0.114215283484 0.957459661966 0.00105374077977 371 2.50520244289
85902 1276 0.194019121571 0.0384974187505 -0.00453784296372 0.096178717796 0.891127802067 0.673604944098 0.0658424716537 0.979654219738 0.000783699059561 320 2.34504689337
54968 2289 0.286557131799 0.0354321368341 -0.00197116452632 0.106443775056 0.861149485973 0.710895141248 0.0463724348712 0.987688144833 0.000436871996505 705 2.48010428696
50985 1216 0.240626149257 0.0119454195973 -0.00427524529748 0.0686233714596 0.879020138063 0.624397924044 0.242110424635 0.931174434948 0.000822368421053 330 3.34008609095
52415 2565 0.321155657396 0.0155266472098 -0.00160615205203 0.0660370534538 0.848404266138 0.654504525591 0.0894400457884 0.974909280173 0.000389863547758 1003 2.94838403376
49112 1166 0.229567410498 0.0415033777028 -0.00442342878818 0.0955949340092 0.878082142657 0.66868099247 0.0651775533475 0.979355769328 0.000857632933105 362 2.18412162985
25215 772 0.239726292534 0.0328550327658 -0.00636860000006 0.0909411288635 0.872257693117 0.64134708624 0.140590918104 0.96061227139 0.00129533678756 294 2.55039451056
36413 2283 0.312034107308 0.0634304874371 -0.00194685330298 0.194939823636 0.859113648969 0.78880057053 0.0355642215692 0.993121759353 0.000438020148927 691 2.45399020923
1209 277 0.742825856974 0.14453495617 -0.00593262340863 0.468696460359 0.65198592736 0.865982646695 0.112489660877 0.975829731758 0.0072202166065 0 2.25123692541
2584 430 0.676782816282 0.0608274726156 -0.00424376626736 0.258723087019 0.680858720796 0.77813265185 0.123839009288 0.962139926574 0.0046511627907 0 2.38390827674
2454 651 0.791713714937 0.245060988979 -0.0024128962574 0.63450878829 0.639092768282 0.929919112479 0.0423797881011 0.994136880111 0.00307219662058 0 2.47435952886
2515 430 0.656153921969 0.0738960699554 -0.00459816277303 0.305529042608 0.701904376076 0.805329798474 0.127236580517 0.968914278846 0.00232558139535 2 2.42873856928
1338 402 0.82000693908 0.279276513457 -0.00316954194943 0.653004662772 0.576377722469 0.929149765822 0.0627802690583 0.991834115376 0.00248756218905 2 2.33735026518
2439 470 0.685937917302 0.122089083443 -0.00416647142868 0.408706762438 0.699425728562 0.855075144656 0.0770807708077 0.982975916716 0.00212765957447 3 2.24847024684
1516 420 0.810518162374 0.16108443024 -0.00301052945713 0.531712176685 0.574004556772 0.895772903914 0.0745382585752 0.985869536822 0.0047619047619 0 2.35080365189
1851 585 0.65066225223 0.0542015996127 -0.00341503274447 0.258907810493 0.704551659845 0.788687347314 0.124797406807 0.968985646911 0.0017094017094 390 2.5800604158
2226 463 0.713677336558 0.109330132308 -0.00378919715334 0.406267004833 0.670189254224 0.853758043757 0.0822102425876 0.980685463925 0.00431965442765 0 2.35773489184
2297 402 0.676201656517 0.0731930136235 -0.00482781814453 0.305774089673 0.697110461429 0.803337563963 0.116673922508 0.966434403911 0.00248756218905 3 2.34236432966
24620 607 0.20952409433 0.0397789805477 -0.00883785526125 0.104551778093 0.882675573893 0.64983200485 0.124126726239 0.958623937335 0.00164744645799 222 2.40964301634
14093 860 0.299786819935 0.0407683399672 -0.00477800109788 0.112569249605 0.848024355124 0.678099237798 0.080465479316 0.971547033806 0.00116279069767 434 2.29915839858
34032 376 0.154467753189 0.140748419229 -0.0183194667035 0.278326479569 0.908218357385 0.785467747052 0.0656440996709 0.981132884151 0.00265957446809 73 1.73384215896
45560 1747 0.242753966503 0.0286743206802 -0.00280667115783 0.109381783843 0.871920337852 0.704210692656 0.0983538191396 0.980059056071 0.000572409845449 720 2.96971872628
28459 1395 0.251609338781 0.0855472827847 -0.0034720060542 0.181948570933 0.870381925266 0.765102099594 0.0289539337292 0.991655316739 0.000716845878136 561 1.93183643851
138539 1197 0.154163862077 0.0295716690537 -0.00521761433631 0.0676833407828 0.898925116002 0.621665558394 0.0917575556342 0.971756262336 0.000835421888053 453 2.4543102723
27987 2074 0.336196290452 0.0222423572045 -0.00186456871942 0.104952208063 0.838904948185 0.7053715287 0.105120234395 0.978357395574 0.000482160077146 1004 3.11980733223
95944 1262 0.196504005166 0.00886563404646 -0.00423947858168 0.0361952786085 0.882367866652 0.538132059794 0.267082881681 0.910631447614 0.000792393026941 522 3.29220798114
18018 892 0.266684935592 0.0546029982179 -0.00539200692001 0.16747420435 0.869496823072 0.737782093412 0.0997335997336 0.979522959264 0.00112107623318 323 2.59896722339
60773 1204 0.208355079975 0.0262616510768 -0.00447202700253 0.0766658995819 0.883096137535 0.639334691777 0.112303160943 0.968389408782 0.000830564784053 431 2.68539810356
26003 1265 0.24916332071 0.0929642478388 -0.00390746116698 0.198748884811 0.872921408779 0.774244682553 0.0336115063647 0.991534713814 0.000790513833992 472 1.9547999706
218356 868 0.140514462545 0.0138059145629 -0.00744085248306 0.0327189048968 0.902208109113 0.49952493678 0.181034640679 0.916556358747 0.00115207373272 335 2.68777863596
58703 3734 0.310736691691 0.035068914647 -0.00121588208656 0.209761458538 0.861982356752 0.810245442308 0.0712229357954 0.992380246756 0.000267809319764 1054 3.60471130153
16754 496 0.21808571471 0.0469116591507 -0.0106244251121 0.122186752994 0.880612299143 0.663610934378 0.14927778441 0.957079983558 0.00201612903226 191 2.42290343297
12872 263 0.188664925559 0.0536956388585 -0.0209838414734 0.102888854268 0.885882427583 0.597733533104 0.177672467371 0.929260457031 0.00380228136882 115 1.98707093756
86123 548 0.148707290816 0.0345852513733 -0.0121399227417 0.0737117418983 0.905017344027 0.590103395037 0.127097291084 0.947248117329 0.00182481751825 133 2.22595833758
66946 607 0.158802811137 0.0293683820151 -0.0102359189914 0.0705588219998 0.898408815643 0.589634429734 0.18489528874 0.943918177994 0.00164744645799 210 2.60625086901
20081 452 0.213983988002 0.0219472945974 -0.0113470313978 0.0673390539288 0.877412905772 0.56362911217 0.283352422688 0.899240129269 0.00221238938053 191 2.76343213718
17687 567 0.237844608084 0.0353437724639 -0.00829567691892 0.0830348521152 0.86663965665 0.610557455112 0.126929383163 0.950153319108 0.00176366843034 278 2.2499719591
18786 548 0.219963168689 0.0461064765934 -0.009105457897 0.102009872844 0.874083618926 0.640556522881 0.110667518365 0.96047279331 0.00182481751825 246 2.15535358335
16108 425 0.21475088029 0.0472121746824 -0.0120544573916 0.103680673249 0.877279545525 0.628838499541 0.138875093121 0.950221397015 0.00235294117647 171 2.18642244984
18977 610 0.210041853777 0.0643158951544 -0.00916584036984 0.182295275047 0.887329523909 0.735743070884 0.123096379828 0.974562410732 0.0016393442623 209 2.58433106971
44650 623 0.200483873984 0.0197882906559 -0.00847462404779 0.0497956761227 0.880832643642 0.538482236284 0.222642777156 0.918905113236 0.0016051364366 239 2.67118088267
22530 317 0.188098554299 0.0498167962302 -0.0182899154601 0.0973998909819 0.891268039673 0.600598146219 0.132356857523 0.936718071733 0.00315457413249 86 1.96289843805
36781 556 0.200297840882 0.0249930020305 -0.0097091333194 0.0597696374615 0.88339167652 0.558699636668 0.189255322041 0.928062642398 0.00179856115108 200 2.471764287
21403 430 0.204368014638 0.0368411122943 -0.0129305417399 0.0997431004752 0.886713893715 0.623274169102 0.172639349624 0.936919150208 0.00232558139535 129 2.42462691583
20434 595 0.22972149587 0.0410581202749 -0.00861395279359 0.105728991378 0.877329935774 0.650506471585 0.129441127533 0.959112957241 0.00168067226891 212 2.33946409972
34782 532 0.182992940943 0.0437558284699 -0.010512365758 0.0842978404046 0.887357458651 0.609156375992 0.107239376689 0.957068685032 0.00187969924812 211 2.06229512827
17 17 1.0 1.0 0.0 1.0 -0.0 1.0 0.0588235294118 1.0 0.0588235294118 17 -inf
1333 162 0.375050521036 0.116059663488 -0.0227908852829 0.254229602701 0.831613448721 0.73433982454 0.153038259565 0.947524043173 0.00617283950617 73 1.76444912979
64607 833 0.189616053218 0.0173077953615 -0.00659900789106 0.0486280066835 0.885440019186 0.553854919207 0.169610104168 0.930653740068 0.00120048019208 333 2.7541081414
29591 1542 0.280510341882 0.0717993344183 -0.00306769110666 0.193331394189 0.86737158621 0.776504015482 0.0448785103579 0.991001255382 0.00064850843061 463 2.29812066826
21571 526 0.200700395505 0.0808324667891 -0.0108563943762 0.167568607262 0.889636029827 0.7163803673 0.0831208567058 0.976525751974 0.00190114068441 148 1.95312647864
58203 1127 0.212997995171 0.019049033265 -0.00473508600537 0.0649600065111 0.88207100352 0.612755012775 0.155558991805 0.953435988713 0.000887311446318 397 2.87868201365
25529 753 0.221536022705 0.0719012496556 -0.00719691356078 0.163802415492 0.88383351126 0.727910619971 0.0533119197775 0.981568377286 0.00132802124834 215 1.99902140891
25172 1483 0.293315426937 0.0690032234982 -0.00310056683458 0.198381603234 0.863671298727 0.778844005867 0.0552598124901 0.990267204768 0.000674308833446 474 2.44757971961
17362 1158 0.297024794376 0.0672274475909 -0.00384024959559 0.183834555969 0.859185477949 0.76045013067 0.0551203778367 0.987211543727 0.000863557858377 466 2.25563931456
31301 1612 0.282676958841 0.0542187636916 -0.00288673393023 0.165519996382 0.865242431729 0.756874139179 0.0644068879589 0.988590020448 0.000620347394541 520 2.59617564335
34655 1527 0.264554077223 0.0679235072252 -0.00321191763507 0.179540285195 0.871954489056 0.766150132284 0.0386091473092 0.990387161623 0.000654878847413 437 2.22434317678
31230 1637 0.275000825426 0.0586635704093 -0.0028969233785 0.180407745042 0.867694447538 0.768970133321 0.0639449247518 0.989618521181 0.000610873549175 538 2.66480787415
24812 620 0.201693144777 0.0765156942253 -0.00918515125398 0.161794812699 0.88933842709 0.718011782239 0.0631549250363 0.978960077311 0.00161290322581 183 1.9117521503
31808 1702 0.281011342247 0.0489412469223 -0.00272524725685 0.160697952257 0.864818354399 0.754667620139 0.0712713782696 0.988025972352 0.000587544065805 594 2.74921157244
8023 286 0.248682588571 0.0456488550229 -0.0160546342483 0.098379459936 0.863483728991 0.595582606982 0.207403714321 0.92351946394 0.0034965034965 129 2.19316638331
43093 913 0.212722792695 0.0182774534522 -0.00589895501757 0.0753325684806 0.883126387316 0.622621702229 0.217947230409 0.940096057545 0.00109529025192 308 3.10829336309
15260 370 0.19596493498 0.0594176893145 -0.0142761719667 0.114182970372 0.880887579211 0.636560144857 0.103342070773 0.954576054507 0.0027027027027 167 1.94588839391
33592 802 0.216976332938 0.0320760706834 -0.00655631447821 0.085347791223 0.880356164784 0.633960386409 0.124374851155 0.961155933838 0.00124688279302 304 2.43705388016
14990 375 0.209667675915 0.042867271673 -0.0141877654937 0.104961789936 0.881723803413 0.623468527692 0.195263509006 0.937855045223 0.00266666666667 140 2.38595601513
43416 797 0.21618258419 0.0164084388696 -0.00659258061514 0.0538248846672 0.88026993882 0.565893427237 0.223581168233 0.923554208263 0.00125470514429 293 2.87201918805
10382 73 0.111031737757 0.163769742989 -0.106533057278 0.203489071953 0.918586529771 0.641084823488 0.132826045078 0.916442600678 0.013698630137 23 0.948604645887
11256 51 0.11055131669 0.140994555363 -0.154994663448 0.175475267306 0.919888971188 0.579807397599 0.215351812367 0.861008405962 0.0196078431373 13 1.09583315617
70025 1076 0.207808311208 0.027117345182 -0.00507448669219 0.0696820533491 0.884684106923 0.620186399079 0.0925383791503 0.965741703778 0.00092936802974 308 2.46206396564
9400 388 0.264668383826 0.0700048565433 -0.0122230478829 0.154302251121 0.867702009013 0.688841911044 0.102765957447 0.963286180286 0.00257731958763 110 1.93651562438
36463 3320 0.347006763734 0.0588225239976 -0.00124308425091 0.22886164572 0.848660989878 0.818244434518 0.0419329183007 0.994906715929 0.000301204819277 1217 2.97966466308
40380 3003 0.323860029154 0.0709559514709 -0.00144918034701 0.219652072531 0.856210218683 0.810858160462 0.0278107974245 0.995331592007 0.000333000333 990 2.42174914829
12263 51 0.108518306578 0.0844956455383 -0.158228003128 0.138752454055 0.921509305702 0.526883442 0.443447769714 0.768005188519 0.0196078431373 12 1.72872760275
10390 39 0.106057270148 0.125089379809 -0.212554678369 0.173068571046 0.923572198982 0.552758626195 0.334937439846 0.79509488964 0.025641025641 7 1.27861727634
30283 2632 0.352270756413 0.0556240295465 -0.00155207552977 0.207817660628 0.847164659545 0.800692386536 0.0508205924116 0.993202310373 0.000379939209726 913 2.83702835359
32680 2679 0.340574223579 0.0696851736581 -0.00157498661176 0.231675266189 0.851853793936 0.814880953502 0.0426560587515 0.994673865358 0.000373273609556 882 2.7415758271
33258 2571 0.329673662672 0.0732796318922 -0.00166507277418 0.216385526828 0.853908069989 0.805237356249 0.0227915088099 0.994722108107 0.000388953714508 879 2.27737685901
32101 2591 0.335198066724 0.0777402406638 -0.00162702867847 0.220845094589 0.85172645815 0.808018883896 0.0247967353042 0.995066370056 0.000385951370127 886 2.24157987305
36119 2642 0.328291932011 0.0439539569796 -0.00161007025084 0.177681978141 0.853010097919 0.780943529459 0.0617403582602 0.991416138918 0.000378501135503 917 2.99232306537
35069 2777 0.334075884761 0.0752322024424 -0.0015303584654 0.222407722192 0.852876614774 0.810573738728 0.019162223046 0.995241854395 0.000360100828232 925 2.25813115135
28698 2440 0.344918506454 0.0666479782353 -0.00170499648395 0.223575588662 0.849822566717 0.808124256471 0.0393407206077 0.99388536778 0.000409836065574 837 2.5961544733
24872 2355 0.351800619424 0.116471079042 -0.0017530598688 0.283378613019 0.848710974105 0.837731820807 0.0190173689289 0.996394276422 0.000424628450106 795 2.0065523193
20117 997 0.269342470007 0.0680290911743 -0.00484292587716 0.182625669531 0.869988997071 0.754395531933 0.0529402992494 0.985305153557 0.00100300902708 321 2.20806410716
21065 379 0.191679347193 0.077200911908 -0.0156463565275 0.155188662873 0.893644300036 0.688616232712 0.0977925468787 0.965868503878 0.00263852242744 98 1.8469568557
17722 664 0.234424882275 0.0655929360981 -0.00776961311162 0.157002801612 0.878112237329 0.716319207002 0.0766843471391 0.977094977799 0.00150602409639 240 2.12230422359
23682 1010 0.257194605441 0.0606870985159 -0.00491197125873 0.163788091397 0.873374199816 0.739199707793 0.060383413563 0.983726720302 0.000990099009901 324 2.22030143494
17327 480 0.214009673088 0.089759176752 -0.011581695786 0.184090941313 0.886695559789 0.727374061837 0.0685635135915 0.976846122637 0.00208333333333 124 1.83974457273
36491 334 0.157296840831 0.0368763206206 -0.0190756135994 0.0808466495457 0.900887967132 0.572936116945 0.210216217698 0.918834542361 0.00299401197605 103 2.28906567206
24365 608 0.205188835826 0.055751432742 -0.00915534919016 0.12974709296 0.886839809273 0.683129265731 0.0810178534784 0.970538585338 0.00164473684211 207 2.08338511052
26667 564 0.189069272832 0.0660951353858 -0.0104788350587 0.151566323456 0.893292736053 0.703734853692 0.087936400795 0.973210774189 0.00177304964539 172 2.1654251339
29194 439 0.230816939408 0.0203910026091 -0.0102468851964 0.0390529200905 0.860742553886 0.475996106384 0.21247516613 0.888319181192 0.00227790432802 204 2.39642883173
5673 1081 0.48919728437 0.0686270465133 -0.00271546558904 0.244434517748 0.790974667185 0.798736825456 0.0562312709325 0.986694266285 0.000925069380204 587 2.42837572421
21477 1022 0.258546238991 0.070717286605 -0.00483203603253 0.184301728953 0.872806221778 0.756568917075 0.0512641430367 0.986209506368 0.000978473581213 351 2.19127132311
21163 614 0.213638676079 0.0802878860086 -0.00874980698464 0.155120386066 0.882842162432 0.711102232983 0.067712517129 0.979760987956 0.00162866449511 206 1.83171482198
6558 1239 0.482807670094 0.0804904627722 -0.00240620223507 0.257670840474 0.793969048004 0.809921589496 0.0494053064959 0.990123673496 0.000807102502018 668 2.30696056149
45214 1715 0.319369565656 0.00311293959434 -0.00232427411903 0.0220771884598 0.843520636176 0.491389239097 0.424757818375 0.812706155286 0.000583090379009 789 3.67061470524
49741 2902 0.316203153211 0.0257686984386 -0.00146076675358 0.110967745397 0.852519718179 0.724606048662 0.0564122152751 0.986647412608 0.000344589937974 1079 2.93151792755
12534 603 0.26405621658 0.0436777746359 -0.00752519712401 0.118448924902 0.861911336309 0.668691968022 0.10467528323 0.962108369631 0.0016583747927 279 2.31208422654
4919 907 0.486001880708 0.0764004213394 -0.00333336542181 0.256932597638 0.796644180093 0.800920764143 0.0587517788168 0.985769382665 0.00110253583241 455 2.33277988187
19733 556 0.284635987691 0.0125223800439 -0.00731237263774 0.0325504435993 0.846463864782 0.466380047862 0.253838747276 0.8564156597 0.00179856115108 283 2.64125380237
10372 893 0.387516981222 0.0243921853168 -0.0038669270864 0.0893587077713 0.820550529218 0.646225821972 0.130640185114 0.954182996335 0.00111982082867 450 2.60448082581
32809 423 0.253634626844 0.00972131847373 -0.0104083576718 0.0182149496708 0.857815854177 0.357476613788 0.391447468682 0.756839368192 0.00236406619385 202 2.6446557835
21207 612 0.248684436526 0.0222434944699 -0.00777911265504 0.0672093767439 0.868195419589 0.582728746197 0.211345310511 0.92658459943 0.0016339869281 249 2.68111254395
16000 179 0.229959729778 0.0141238323529 -0.0260962189663 0.0215063147709 0.86574104262 0.303516655865 0.5918125 0.604494132446 0.00558659217877 85 2.44005326135
16783 606 0.276997285238 0.0159592206929 -0.00744276467946 0.058455979825 0.861099386418 0.56090181876 0.270809747959 0.896654579494 0.0016501650165 247 2.82461953322
17195 612 0.248145621333 0.0493043390933 -0.00814543663094 0.128746416009 0.873965918259 0.68225045905 0.1112532713 0.96691539814 0.0016339869281 200 2.26519090869
22974 338 0.175065106089 0.0355640535518 -0.0172267759886 0.0826400045575 0.89172128649 0.577378062035 0.203142683033 0.916849731937 0.00295857988166 130 2.3094940763
17632 481 0.219852205207 0.0497161268472 -0.0103075993739 0.0979077397046 0.873296212496 0.626812651243 0.093636569873 0.958236887809 0.002079002079 213 1.98013378039
23231 517 0.193722657618 0.0477527194253 -0.0108082579948 0.109930393893 0.887264500073 0.649111178528 0.121131247041 0.959536051226 0.00193423597679 208 2.19363089721
22314 789 0.247452196737 0.0392103375415 -0.00610759516767 0.0990309596371 0.8697396614 0.655083426327 0.0981894774581 0.967719567904 0.00126742712294 330 2.25120005363
13035 660 0.286257026442 0.0370730424963 -0.00627039384975 0.0949804953275 0.849063119708 0.639608222169 0.119831223629 0.959204226955 0.00151515151515 339 2.30921111797
7707 429 0.266505592434 0.0807705800539 -0.0109183517285 0.182306120266 0.866095795664 0.720914108785 0.0909562735176 0.971266477187 0.002331002331 172 1.959871635
31595 510 0.22872112181 0.0122887483091 -0.00956008204471 0.0342770469318 0.871214547984 0.467550631388 0.356607058079 0.840467282099 0.00196078431373 208 2.8432277574
15397 935 0.284858115823 0.104876748769 -0.00505566885558 0.242747789131 0.867280856976 0.793525055205 0.0390985256868 0.989866426558 0.00106951871658 303 1.96142423214
11166 44 0.105854064088 0.147452163713 -0.185775381576 0.195803303297 0.922502695853 0.592672854389 0.313003761419 0.84594256812 0.0227272727273 8 1.3141799922
31388 328 0.246995053523 0.00673323897437 -0.0129675477387 0.0118250485897 0.852995095337 0.273162618249 0.65799031477 0.547221907411 0.0030487804878 175 2.83229201691
41159 3360 0.310899826463 0.13384409881 -0.00133023399257 0.29451047799 0.859873965968 0.849535256298 0.0155494545543 0.99780061786 0.000297619047619 1188 1.9909958664
49138 486 0.164494693143 0.0231724259684 -0.0129414913721 0.0703738795448 0.899621777175 0.575327084208 0.26240384224 0.911222784424 0.00205761316872 142 2.76988138998
110605 3624 0.256119188204 0.00935506236656 -0.00138288237509 0.0809140487404 0.874616646314 0.693577041124 0.143429320555 0.970512638797 0.000275938189845 1021 3.6975117157
43569 3459 0.314339793752 0.100766325529 -0.00127407902531 0.258185756456 0.857950150197 0.833931806057 0.0219422066148 0.997153863867 0.000289100896213 1230 2.31103219905
14581 829 0.306053545151 0.0304306535282 -0.00487554821748 0.0921151897863 0.845592908543 0.646901962125 0.111652150058 0.960425818631 0.00120627261761 404 2.46834494249
36660 263 0.233610508736 0.00645531750643 -0.0163544872478 0.00889581390304 0.854574691999 0.215927890491 0.762629569013 0.410995819435 0.00380228136882 142 2.76242322781
56987 4194 0.303390088306 0.096621209684 -0.00108148077711 0.261136789153 0.861853417278 0.839111556313 0.020776668363 0.997549766555 0.000238435860753 1437 2.49103735549
81462 4404 0.262053663083 0.112537492533 -0.00112767070047 0.250817660323 0.87350259593 0.835243526591 0.0105202425671 0.997994556334 0.000227066303361 1438 2.0158522487
126550 4577 0.246429953268 0.0554282903233 -0.00112379860888 0.166942866524 0.877756269791 0.787749835154 0.0301856973528 0.996066134288 0.000218483722963 1262 2.67271095071
35922 3380 0.327982881557 0.143687603201 -0.00127508565664 0.312891654395 0.854853596401 0.857088168222 0.0133901230444 0.997968745266 0.000295857988166 1271 1.96531012932
67538 594 0.223477218465 0.0101655716251 -0.00848717569475 0.0194936179048 0.875339345463 0.396202022367 0.281026977405 0.834404187573 0.0016835016835 212 2.60763115603
10586 43 0.113157259758 0.0833465677762 -0.182925858701 0.127139328311 0.919496825382 0.491028218188 0.493387492915 0.721042658368 0.0232558139535 8 1.67107496273
63524 3111 0.344328987795 0.00405671312405 -0.00126748902051 0.0337090859516 0.841884273358 0.579641662678 0.228260185127 0.920777920522 0.00032144005143 1253 3.66481868588
67114 3564 0.265450628664 0.0865616849245 -0.00136177511306 0.210144233946 0.870639566888 0.809392841531 0.016717823405 0.996773422273 0.000280583613917 1220 2.17469507322
42340 494 0.173298566491 0.035266726434 -0.0115529768831 0.0697429068118 0.889573622442 0.574964644841 0.158597071327 0.942622790565 0.00202429149798 196 2.25908497742
45748 2252 0.354232861599 0.0058724274894 -0.00166067217735 0.0320301989813 0.833664595466 0.555966957567 0.192882748973 0.924404162755 0.00044404973357 1039 3.35019336339
58696 3634 0.276387400