AGSOIL micro 261062.0 400 0.106790814115 0.0347734438678 -0.0208250026811 0.100863548582 0.923939058156 0.620802993369 0.213543143008 0.928109611882 7.75 0.9975 0.845 0.555 0.27 0.065 0.213543143008 0.337582643204 0.393619140281 0.424872252568 0.454022416131 55748.0 5515.14 3588.36 1771.82 1352.16 1052.2 3.83050769549e-06 31 0.496 0.00011874573856
AGSOIL micro 326391.0 388 0.100842363245 0.0350667928133 -0.0220629195617 0.0915073671083 0.925967653279 0.603075369042 0.208957967591 0.92650539616 9.53608247423 0.997422680412 0.863402061856 0.579896907216 0.301546391753 0.0824742268041 0.208957967591 0.337138585316 0.396653093988 0.437221001805 0.471581630621 68202.0 7402.42 4357.68 2225.0 1562.28 1203.6 3.06380997025e-06 37 0.46 0.000113360968899
AGSOIL micro 286722.0 390 0.109826874582 0.0407517680823 -0.0210596515109 0.10948882345 0.922868462505 0.632712262442 0.195548301142 0.937083235962 5.64102564103 0.994871794872 0.841025641026 0.533333333333 0.253846153846 0.0641025641026 0.195548301142 0.298351713506 0.3603629997 0.409148931718 0.454959856586 56068.0 6374.8 3299.56 2259.72 1599.4 1126.2 3.48769888603e-06 22 0.488 7.67293754926e-05
AGSOIL micro 298910.0 376 0.0988743052765 0.0364563101714 -0.0230502170199 0.0970718124526 0.926869079338 0.610788068272 0.210909638353 0.927050724865 11.7021276596 0.997340425532 0.856382978723 0.561170212766 0.297872340426 0.0771276595745 0.210909638353 0.333193937975 0.397969288415 0.437359071292 0.474082499749 63043.0 6638.5 4084.0 2434.5 1663.0 1172.5 3.34548860861e-06 44 0.486 0.000147201498779
AGSOIL micro 312012.0 417 0.101971655456 0.0484846863454 -0.0204844623432 0.127449099373 0.92580969056 0.661242431575 0.180281527634 0.950542449436 9.59232613909 0.99520383693 0.836930455635 0.541966426859 0.26139088729 0.0743405275779 0.180281527634 0.244170096022 0.293049626296 0.330913554607 0.367312795662 56250.0 7034.16 4035.64 3051.68 2068.72 1499.2 3.20500493571e-06 40 0.462 0.000128200197428
AGSOIL micro 268057.0 407 0.106437563213 0.0480382438901 -0.0205521146734 0.125804885839 0.924251698587 0.657820290987 0.174750146424 0.948856739666 9.58230958231 0.995085995086 0.820638820639 0.528255528256 0.248157248157 0.0638820638821 0.174750146424 0.249872228668 0.314548771343 0.356830823295 0.396042632724 46843.0 6157.44 3605.6 1909.72 1529.52 1141.0 3.73054984574e-06 39 0.472 0.000145491443984
AGSOIL micro 357927.0 399 0.101211250724 0.0389858478386 -0.0215075370766 0.110482725401 0.926148004518 0.635509662192 0.205064161128 0.935716064065 7.7694235589 0.997493734336 0.839598997494 0.541353383459 0.273182957393 0.0827067669173 0.205064161128 0.309856479114 0.358134479936 0.392278313734 0.42508388582 73398.0 8166.12 4764.88 2798.8 1905.4 1520.8 2.79386578828e-06 31 0.463 8.66098394365e-05
AGSOIL micro 319525.0 363 0.104457948527 0.0410486234321 -0.0231784057164 0.10321246394 0.924689176267 0.618738023289 0.191775291448 0.932891754707 8.53994490358 0.994490358127 0.851239669421 0.539944903581 0.269972451791 0.0853994490358 0.191775291448 0.316159924889 0.384361161099 0.423312729833 0.460618105 61277.0 9197.0 4265.28 3156.84 1828.76 1209.4 3.12964556764e-06 31 0.452 9.70190125968e-05
CATLIN micro 20141.0 130 0.154781032117 0.0437474676034 -0.048770075362 0.0688201267008 0.900408975174 0.470523520302 0.335633781838 0.824206568124 23.8461538462 0.992307692308 0.923076923077 0.615384615385 0.153846153846 0.0153846153846 0.335633781838 0.488803932277 0.615262400079 0.738642569882 0.819720967181 6760.0 2511.04 406.16 328.68 204.76 123.5 4.96499677275e-05 31 0.436 0.00153914899955
CATLIN micro 19143.0 97 0.152495163476 0.0207323494687 -0.0631528518126 0.0299343967366 0.89698475276 0.296021031208 0.69524108029 0.502770592744 35.0515463918 0.989690721649 0.938144329897 0.742268041237 0.19587628866 0.0103092783505 0.69524108029 0.786344878023 0.834247505616 0.866269654704 0.896097790315 13309.0 983.16 577.72 394.8 155.52 86.4 5.22384161312e-05 34 0.278 0.00177610614846
CATLIN micro 27046.0 152 0.154895208295 0.0327183107264 -0.0428849858775 0.0652359829292 0.903092236953 0.474578057405 0.40556829106 0.798951085534 21.0526315789 0.993421052632 0.914473684211 0.565789473684 0.177631578947 0.0131578947368 0.40556829106 0.522147452488 0.616209420986 0.703874879834 0.759742660652 10969.0 2353.8 725.08 400.34 239.16 133.9 3.6974044221e-05 32 0.375 0.00118316941507
CATLIN micro 1085887.0 1326 0.127812173675 0.0045574681704 -0.00544374470907 0.0114548143927 0.912363832356 0.38715709297 0.311709229413 0.83452560012 20.6636500754 0.999245852187 0.976621417798 0.800904977376 0.43665158371 0.0814479638009 0.311709229413 0.545830275158 0.616288803531 0.682550762648 0.719927579942 338481.0 2614.5 1113.0 570.0 384.0 246.0 9.209061348e-07 274 0.399 0.000252328280935
CATLIN micro 86371.0 1055 0.181737580607 0.0246571616327 -0.00577383369083 0.0856910330346 0.896412646865 0.648492997634 0.157170809647 0.961569267207 24.5497630332 0.998104265403 0.861611374408 0.454028436019 0.0815165876777 0.00758293838863 0.157170809647 0.215037454701 0.256764423244 0.291394102187 0.325780643966 13575.0 664.92 391.76 225.6 154.68 113.2 1.1577960195e-05 259 0.499 0.0029986916905
CATLIN micro 37311.0 340 0.186618999368 0.0261169997262 -0.0174240164901 0.0623705885709 0.893542040925 0.531408260131 0.27278818579 0.887408380281 18.8235294118 0.997058823529 0.902941176471 0.491176470588 0.108823529412 0.00882352941176 0.27278818579 0.379753959958 0.484495189086 0.574307844871 0.61453726783 10178.0 1351.94 342.92 173.0 124.28 82.5 2.68017474739e-05 64 0.435 0.00171531183833
CATLIN micro 85268.0 1060 0.195982556276 0.0188362844552 -0.00528710411942 0.0519984842896 0.887588775981 0.57802506894 0.164399305718 0.949927153455 31.4150943396 0.998113207547 0.916981132075 0.520754716981 0.0801886792453 0.00754716981132 0.164399305718 0.234578036309 0.287012712858 0.335354411972 0.383332551485 14018.0 539.74 244.28 143.92 93.28 63.0 1.17277290425e-05 333 0.459 0.00390533377117
CATLIN micro 8787.0 229 0.276066647226 0.0232585855321 -0.0189868682159 0.0446974147049 0.856085727133 0.44446713049 0.278820985547 0.812341898099 41.0480349345 0.995633187773 0.930131004367 0.379912663755 0.0349344978166 0.0 0.278820985547 0.553089791738 0.727893479003 0.776715602595 0.799817912826 2450.0 194.6 76.52 42.32 27.76 18.6 0.000113804483897 94 0.408 0.0106976214863
CATLIN micro 235882.0 1618 0.156092953111 0.0103865283614 -0.00413333014425 0.0552892301122 0.90550785197 0.609596268506 0.216430249023 0.94049931437 22.9295426452 0.999381953028 0.877008652658 0.516069221261 0.145241038319 0.0142150803461 0.216430249023 0.283692693805 0.339440906894 0.37119831102 0.399691371109 51052.0 1126.6 525.0 365.9 239.28 169.3 4.23940783951e-06 371 0.466 0.00157282030846
CATLIN micro 27283.0 846 0.233552445688 0.0480380330013 -0.00622193300489 0.143491669765 0.880480282575 0.713012105226 0.0907524832313 0.975429559585 27.6595744681 0.996453900709 0.789598108747 0.299054373522 0.031914893617 0.00236406619385 0.0907524832313 0.171828611223 0.213942748231 0.25510391086 0.295238793388 2476.0 312.0 150.8 107.0 77.0 60.5 3.66528607558e-05 234 0.485 0.00857676941685
CATLIN micro 67892.0 448 0.171726548908 0.0274797662602 -0.0136734285204 0.0478589433414 0.896982593807 0.509230362919 0.144111235492 0.918784936112 27.0089285714 0.995535714286 0.946428571429 0.595982142857 0.149553571429 0.0133928571429 0.144111235492 0.275687857185 0.392446827314 0.485123431332 0.56174512461 9784.0 2753.32 260.6 124.36 101.72 75.9 1.47292759088e-05 121 0.451 0.00178224238496
CATLIN micro 21511.0 287 0.19029469847 0.0532405653897 -0.0209737667544 0.136888392934 0.895197049928 0.652466833817 0.20417460834 0.934598602326 14.9825783972 0.996515679443 0.811846689895 0.379790940767 0.0731707317073 0.00696864111498 0.20417460834 0.288038677886 0.350146436707 0.405513458231 0.449816373018 4392.0 786.32 296.68 195.88 173.36 138.8 4.64878434289e-05 43 0.441 0.00199897726744
CATLIN micro 22176.0 353 0.215850976265 0.0400050012668 -0.0156240828852 0.104847725136 0.885812583357 0.619643695005 0.206168831169 0.929229226554 16.9971671388 0.99716713881 0.835694050992 0.356940509915 0.0623229461756 0.0056657223796 0.206168831169 0.30772005772 0.376307720058 0.434884559885 0.482323232323 4572.0 743.76 245.0 154.88 112.72 82.2 4.50937950938e-05 60 0.468 0.00270562770563
CATLIN micro 350651.0 715 0.12872963434 0.0147430228713 -0.010234680522 0.0425581628292 0.913539435141 0.52438079802 0.260409923257 0.905137273776 12.7272727273 0.998601398601 0.931468531469 0.667132867133 0.274125874126 0.048951048951 0.260409923257 0.354554813761 0.43978200547 0.501433048815 0.547304870085 91313.0 4408.04 1596.32 797.72 485.64 377.2 2.85183843765e-06 91 0.456 0.000259517297826
CATLIN micro 81207.0 513 0.161711114762 0.0176784460137 -0.0124417208838 0.0486410750967 0.901061355973 0.52151641593 0.272316425924 0.889745736525 22.8070175439 0.998050682261 0.918128654971 0.586744639376 0.157894736842 0.0155945419103 0.272316425924 0.393722216065 0.509956038273 0.555284642949 0.595699878089 22114.0 1133.92 573.68 270.52 179.04 120.4 1.23142093662e-05 117 0.439 0.00144076249584
CATLIN micro 165909.0 985 0.165990831545 0.0100490925252 -0.00622258342701 0.0290205460734 0.89704120373 0.49129119118 0.255435208458 0.898978542311 30.8629441624 0.998984771574 0.94923857868 0.667005076142 0.167512690355 0.0162436548223 0.255435208458 0.379949249287 0.471059436197 0.553056193455 0.586851828412 42379.0 1445.16 305.12 185.88 122.56 96.6 6.02740056296e-06 304 0.467 0.00183232977114
CATLIN micro 12274.0 201 0.216955183274 0.0212086801026 -0.0256718033461 0.0434041036353 0.878135501837 0.42806263696 0.360599641519 0.76548273399 38.3084577114 0.995024875622 0.92039800995 0.492537313433 0.0597014925373 0.00497512437811 0.360599641519 0.674678181522 0.715740589865 0.753544076911 0.780430177611 4426.0 330.0 120.0 81.0 50.0 36.0 8.14730324263e-05 77 0.393 0.00627342349682
CATLIN micro 2089.0 109 0.281097444481 0.0933476628725 -0.0433056419831 0.204801958629 0.86709693125 0.669453228794 0.24557204404 0.902150747667 28.4403669725 0.990825688073 0.715596330275 0.183486238532 0.0183486238532 0.0 0.24557204404 0.391574916228 0.449976065103 0.502154140737 0.551460028722 513.0 119.92 98.52 84.52 40.32 32.8 0.000478697941599 31 0.425 0.0148396361896
CATLIN micro 14094.0 294 0.211142024633 0.0385936516367 -0.018478575469 0.101385177564 0.884114274372 0.602516997948 0.25081595005 0.911932059984 28.5714285714 0.996598639456 0.863945578231 0.380952380952 0.047619047619 0.00340136054422 0.25081595005 0.349723286505 0.406414076912 0.458492975734 0.506314743863 3535.0 422.96 273.36 123.72 97.8 82.2 7.09521782319e-05 84 0.448 0.00595998297148
CATLIN micro 141900.0 663 0.191589206591 0.0125428394002 -0.00844278560749 0.0227164148379 0.88745576079 0.427131543708 0.21882311487 0.879754670019 25.1885369532 0.998491704374 0.977375565611 0.69532428356 0.212669683258 0.0211161387632 0.21882311487 0.390845665962 0.553720930233 0.619612403101 0.682917547569 31051.0 768.72 237.6 125.24 91.0 66.0 7.04721634954e-06 167 0.464 0.00117688513037
CATLIN micro 24610.0 413 0.191413710531 0.0431987557498 -0.0141870007537 0.107045596966 0.892384460762 0.632352811002 0.145550589191 0.943987958671 29.0556900726 0.995157384988 0.849878934625 0.421307506053 0.0581113801453 0.00484261501211 0.145550589191 0.284315318976 0.342909386428 0.392320195043 0.437667614791 3582.0 569.12 263.28 168.28 128.48 83.8 4.06338886631e-05 120 0.483 0.00487606663958
CATLIN micro 26304.0 828 0.28320501243 0.0111530844158 -0.00569980414714 0.0576391364901 0.86707294188 0.578211817797 0.287446776156 0.891747312552 28.3816425121 0.998792270531 0.800724637681 0.300724637681 0.0314009661836 0.0024154589372 0.287446776156 0.427919708029 0.468788017032 0.509276155718 0.528664841849 7561.0 186.46 73.92 54.0 42.84 30.9 3.80170316302e-05 235 0.442 0.00893400243309
CATLIN micro 52258.0 221 0.129727332979 0.0303758068406 -0.0325242639151 0.0716957261916 0.911996158881 0.522358100268 0.35407019021 0.851052773235 22.1719457014 0.995475113122 0.909502262443 0.628959276018 0.226244343891 0.0226244343891 0.35407019021 0.430709173715 0.500478395652 0.549944506104 0.598300738643 18503.0 2297.0 1558.2 743.2 446.6 257.0 1.91358260936e-05 49 0.398 0.000937655478587
CATLIN micro 2535.0 238 0.363860723784 0.0532625007213 -0.015830498272 0.156810030628 0.834838441554 0.665517530872 0.221301775148 0.92147721948 45.3781512605 0.995798319328 0.701680672269 0.105042016807 0.00840336134454 0.0 0.221301775148 0.3258382643 0.428402366864 0.482445759369 0.511637080868 561.0 68.82 47.52 26.78 18.04 14.0 0.000394477317554 108 0.468 0.0426035502959
CATLIN micro 3064.0 209 0.361069084136 0.0277636015371 -0.0182399163556 0.0917448695975 0.836681801817 0.561528014207 0.376631853786 0.827933458298 37.7990430622 0.995215311005 0.760765550239 0.143540669856 0.0143540669856 0.0 0.376631853786 0.528394255875 0.585835509138 0.620104438642 0.64001305483 1154.0 60.84 36.0 32.56 21.88 15.6 0.00032637075718 79 0.435 0.0257832898172
CATLIN micro 108148.0 532 0.145840775639 0.0179444766383 -0.0126995322764 0.0510694109377 0.906451037037 0.531558765126 0.267836668269 0.895257424318 20.1127819549 0.998120300752 0.911654135338 0.622180451128 0.201127819549 0.0187969924812 0.267836668269 0.393312867552 0.475302363428 0.546649036506 0.589266560639 28966.0 1340.76 702.0 453.64 286.32 192.9 9.24658800902e-06 107 0.454 0.000989384916966
CATLIN micro 14946.0 284 0.203777755418 0.0354468845959 -0.0195751686849 0.0854927502032 0.886698232109 0.571187534047 0.198113207547 0.900724969654 31.338028169 0.992957746479 0.866197183099 0.419014084507 0.0492957746479 0.00352112676056 0.198113207547 0.393483206209 0.497189883581 0.578482537134 0.604977920514 2961.0 354.34 203.32 134.06 96.52 69.1 6.69075337883e-05 89 0.442 0.00595477050716
CATLIN micro 9452.0 231 0.245870001851 0.0169582068233 -0.0206595620951 0.0447500939072 0.868505187689 0.445416142262 0.473338975878 0.744803911643 42.4242424242 0.995670995671 0.904761904762 0.406926406926 0.038961038961 0.0 0.473338975878 0.629813796022 0.682183664833 0.719001269573 0.745662293694 4474.0 234.0 88.0 67.4 55.6 33.0 0.000105797714769 98 0.376 0.0103681760474
CATLIN micro 21082.0 148 0.163042401789 0.0297677521257 -0.0414331692751 0.0510117181712 0.897088463282 0.428221926391 0.338250640357 0.773054237458 29.0540540541 0.993243243243 0.932432432432 0.628378378378 0.141891891892 0.0135135135135 0.338250640357 0.659235366664 0.712835594346 0.759842519685 0.79797931885 7131.0 999.34 575.08 264.2 165.92 92.7 4.74338298074e-05 43 0.377 0.00203965468172
CATLIN micro 28256.0 246 0.180494557041 0.0235312679768 -0.0235089909192 0.0457799421046 0.890997181831 0.454605426833 0.350934314836 0.827278678465 32.1138211382 0.99593495935 0.934959349593 0.59756097561 0.113821138211 0.00813008130081 0.350934314836 0.489524348811 0.592900622877 0.69319790487 0.781603907135 9916.0 746.6 291.0 152.2 99.2 73.0 3.53907134768e-05 79 0.433 0.00279586636467
CATLIN micro 803770.0 723 0.0913056802312 0.0312726929938 -0.012409996631 0.0920863090583 0.929338712381 0.639778676447 0.162351170111 0.955773278689 7.19225449516 0.997233748271 0.858921161826 0.643153526971 0.331950207469 0.0912863070539 0.162351170111 0.252058424674 0.285554325242 0.318285081553 0.346783283775 130493.0 10750.24 6373.8 3093.36 1955.92 1520.8 1.24413700437e-06 52 0.458 6.46951242271e-05
CATLIN micro 121930.0 582 0.148118086115 0.0147007699398 -0.0116538112574 0.0491938018447 0.906809525006 0.532029879992 0.297596981875 0.883128122603 17.6975945017 0.998281786942 0.903780068729 0.594501718213 0.192439862543 0.020618556701 0.297596981875 0.430050028705 0.502977118019 0.533010743869 0.558845239072 36286.0 1508.06 797.08 454.98 292.08 212.0 8.20142704831e-06 103 0.428 0.000844746985976
CATLIN micro 4047.0 220 0.314229342856 0.0576640363874 -0.0199992663894 0.1628975616 0.857725330372 0.667840606173 0.227823078824 0.921401168499 24.5454545455 0.995454545455 0.709090909091 0.181818181818 0.0181818181818 0.0 0.227823078824 0.314059797381 0.394366197183 0.468495181616 0.521868050408 922.0 184.84 66.48 42.88 31.0 26.2 0.000247096614776 54 0.45 0.0133432171979
CATLIN micro 37416.0 801 0.241621122991 0.0287257472725 -0.00623090463708 0.0692455191695 0.874112218028 0.603124359081 0.0972845841351 0.956564922541 28.9637952559 0.996254681648 0.886392009988 0.378277153558 0.0461922596754 0.00374531835206 0.0972845841351 0.18935749412 0.274000427625 0.336941415437 0.3992944195 3640.0 501.0 139.0 76.0 54.0 37.0 2.67265341031e-05 232 0.504 0.00620055591191
CATLIN micro 53888.0 617 0.212132002117 0.0184977742772 -0.00916549546169 0.0720328908989 0.888577600219 0.593771002706 0.221756235154 0.912398522887 13.6142625608 0.998379254457 0.839546191248 0.376012965964 0.0858995137763 0.00810372771475 0.221756235154 0.398029245843 0.445943438242 0.475040825416 0.50161445962 11950.0 553.32 328.52 216.6 134.88 97.8 1.85570071259e-05 84 0.479 0.00155878859857
CATLIN micro 6169.0 72 0.210752858217 0.0228337443947 -0.0731060568248 0.0303292783519 0.880477638412 0.26854434487 0.776300859134 0.39180195568 33.3333333333 0.986111111111 0.930555555556 0.541666666667 0.0833333333333 0.0 0.776300859134 0.822661695575 0.858648079105 0.890095639488 0.918625384989 4789.0 259.12 198.48 147.4 55.8 42.0 0.000162100826714 24 0.182 0.00389041984114
CATLIN micro 39193.0 443 0.177876409806 0.0251247375566 -0.0136833058646 0.0669487888216 0.895914251393 0.561365159921 0.238282346337 0.910178051934 28.6681715576 0.997742663657 0.884875846501 0.510158013544 0.0880361173815 0.00677200902935 0.238282346337 0.344423749139 0.433010996862 0.511826091394 0.559717296456 9339.0 640.16 317.96 175.36 122.64 91.2 2.55147602888e-05 127 0.472 0.00324037455668
CATLIN micro 27174.0 118 0.177500127303 0.0128243376962 -0.050353448246 0.0156200750672 0.893850528083 0.21787442761 0.810738205638 0.339192682279 27.1186440678 0.991525423729 0.966101694915 0.669491525424 0.228813559322 0.0169491525424 0.810738205638 0.84658129094 0.876352395672 0.900971516891 0.915801869434 22031.0 761.4 398.92 175.16 89.6 62.1 3.67998822404e-05 32 0.166 0.00117759623169
CATLIN micro 18000.0 401 0.217943610933 0.0586566972412 -0.0137653918836 0.138038731965 0.885906138399 0.672208595288 0.118555555556 0.957538603997 21.4463840399 0.995012468828 0.795511221945 0.331670822943 0.0448877805486 0.00249376558603 0.118555555556 0.211388888889 0.286555555556 0.343111111111 0.391944444444 2134.0 477.0 178.0 120.0 82.0 62.0 5.55555555556e-05 86 0.47 0.00477777777778
CATLIN micro 41454.0 537 0.211708130151 0.0171028028037 -0.010500023461 0.0642521644981 0.888256291884 0.567581691023 0.293385439282 0.8911389113 17.1322160149 0.998137802607 0.843575418994 0.396648044693 0.0763500931099 0.00744878957169 0.293385439282 0.385487528345 0.464539007092 0.526993776234 0.553649828726 12162.0 464.48 244.04 154.0 118.0 74.4 2.41231244271e-05 92 0.437 0.00221932744729
CATLIN micro 38296.0 468 0.173593967379 0.0398848598075 -0.0133741509888 0.108505363072 0.899141365347 0.641609576079 0.180279924796 0.946451700518 23.5042735043 0.995726495726 0.846153846154 0.452991452991 0.0811965811966 0.00641025641026 0.180279924796 0.253081261751 0.319197827449 0.368889701274 0.409598913725 6904.0 791.38 388.28 251.78 173.64 116.5 2.61123877167e-05 110 0.493 0.00287236264884
CATLIN micro 23011.0 393 0.220140543747 0.0232461814664 -0.0131938364395 0.05388690192 0.878712247017 0.51837070082 0.226326539481 0.890578605992 33.3333333333 0.997455470738 0.910941475827 0.458015267176 0.058524173028 0.00508905852417 0.226326539481 0.37907957064 0.528703663465 0.610360262483 0.659293381426 5208.0 405.12 148.48 112.96 78.76 46.0 4.34574768589e-05 131 0.455 0.00569292946852
CATLIN micro 27728.0 171 0.156752594351 0.0463236889136 -0.0341668346293 0.0607116965352 0.89208266187 0.471959776783 0.216964800923 0.873790417851 37.4269005848 0.994152046784 0.947368421053 0.72514619883 0.157894736842 0.0116959064327 0.216964800923 0.378570398153 0.525678015003 0.630986728217 0.733482400462 6016.0 2888.8 1226.4 345.2 99.8 53.0 3.6064627813e-05 64 0.448 0.00230813618003
CATLIN micro 110190.0 572 0.157167294819 0.0154413372072 -0.0114192209854 0.0425272607626 0.903286192347 0.508751634485 0.26854524004 0.886789113163 19.5804195804 0.998251748252 0.91958041958 0.597902097902 0.192307692308 0.0192307692308 0.26854524004 0.412587349124 0.505363463109 0.590870314911 0.62827842817 29591.0 1205.2 625.76 285.48 211.32 159.5 9.07523368727e-06 112 0.441 0.00101642617297
CATLIN micro 84389.0 498 0.164945740021 0.0176749438326 -0.0127828714218 0.0484972316118 0.900805476803 0.518950224616 0.27943215348 0.886401535744 18.4738955823 0.997991967871 0.911646586345 0.562248995984 0.168674698795 0.0160642570281 0.27943215348 0.410835535437 0.487516145469 0.561755679058 0.618552180971 23581.0 1203.84 464.32 272.72 234.48 161.0 1.18498856486e-05 92 0.455 0.00109018947967
CATLIN micro 16758.0 600 0.270990657967 0.017369971523 -0.00789683611225 0.0745659284937 0.867581553381 0.597369699636 0.264232008593 0.904102920068 33.5 0.998333333333 0.816666666667 0.278333333333 0.0266666666667 0.00166666666667 0.264232008593 0.40410550185 0.442594581692 0.47052154195 0.495942236544 4428.0 202.3 102.04 61.06 39.16 31.1 5.96729920038e-05 201 0.444 0.0119942713928
CATLIN micro 8538.0 500 0.304472881166 0.0429257952444 -0.00872465372832 0.132721984712 0.856542739514 0.677129399387 0.145467322558 0.953519648107 37.6 0.996 0.756 0.17 0.016 0.0 0.145467322558 0.23787772312 0.310845631295 0.379597095338 0.429374560787 1242.0 142.28 67.0 47.24 32.0 25.1 0.000117123448114 188 0.468 0.0220192082455
CATLIN micro 52235.0 237 0.135364827513 0.0317402734382 -0.0295475501591 0.0731418104006 0.909700776672 0.531229202028 0.327002967359 0.867081094482 20.6751054852 0.995780590717 0.911392405063 0.620253164557 0.210970464135 0.0210970464135 0.327002967359 0.409591270221 0.480214415622 0.539427586867 0.592935771035 17081.0 2455.88 1289.44 709.0 435.12 245.4 1.91442519384e-05 49 0.408 0.000938068344979
CATLIN micro 36976.0 472 0.20221585064 0.0235165461586 -0.0115035850848 0.0493930509354 0.884051463262 0.517948658188 0.165539809606 0.909932974816 34.1101694915 0.995762711864 0.930084745763 0.531779661017 0.0762711864407 0.00635593220339 0.165539809606 0.326617265253 0.462164647339 0.54527260926 0.620131977499 6121.0 670.08 197.96 124.0 75.32 51.9 2.70445694505e-05 161 0.463 0.00435417568152
CATLIN micro 243717.0 708 0.128993847334 0.0151509656739 -0.010245029433 0.0440927603545 0.912782315509 0.528940988772 0.254996573895 0.906780000837 19.9152542373 0.998587570621 0.926553672316 0.673728813559 0.271186440678 0.0338983050847 0.254996573895 0.365862865537 0.433195058203 0.496530812377 0.544196752791 62147.0 2361.74 1260.0 572.02 388.0 289.8 4.10311960183e-06 141 0.431 0.000578539863858
CATLIN micro 745803.0 928 0.11502728443 0.0116373546225 -0.00836324111795 0.034681126606 0.918422331271 0.512367699357 0.255398543583 0.907404037867 12.5 0.998922413793 0.939655172414 0.71875 0.342672413793 0.0797413793103 0.255398543583 0.353365432963 0.433430812158 0.500062348904 0.548532253155 190477.0 6850.92 2238.72 1254.06 745.52 561.1 1.34083665526e-06 116 0.427 0.00015553705201
CATLIN micro 27675.0 431 0.219170586928 0.0320502526625 -0.0129460904746 0.108904885694 0.887104165248 0.637580834559 0.225365853659 0.927641402915 15.5452436195 0.997679814385 0.788863109049 0.338747099768 0.0626450116009 0.0046403712297 0.225365853659 0.328310749774 0.374959349593 0.416766034327 0.448419150858 6237.0 694.2 251.6 142.2 105.0 84.0 3.61336946703e-05 67 0.495 0.00242095754291
CATLIN micro 40870.0 213 0.12937999857 0.0563797090515 -0.0336481910438 0.098766787608 0.911744041139 0.576026390071 0.196501101052 0.916750704955 27.2300469484 0.990610328638 0.901408450704 0.615023474178 0.18779342723 0.018779342723 0.196501101052 0.341154881331 0.414656227061 0.473525813555 0.531514558356 8031.0 2286.24 1368.48 782.16 449.72 281.6 2.44678248104e-05 58 0.45 0.001419133839
CATLIN micro 5859.0 305 0.282767803112 0.105364862013 -0.0154355969173 0.217589044231 0.866755411954 0.735429368958 0.0698071343233 0.969047919146 25.9016393443 0.986885245902 0.718032786885 0.190163934426 0.016393442623 0.0 0.0698071343233 0.134323263356 0.196961938897 0.258747226489 0.31404676566 409.0 289.84 103.04 65.32 39.68 35.6 0.000170677590032 79 0.479 0.0134835296126
CATLIN micro 128084.0 851 0.170154741563 0.014901351994 -0.00714700236618 0.037601039224 0.896257115801 0.518100797646 0.203764716905 0.921149371873 28.9071680376 0.998824911868 0.94124559342 0.625146886016 0.150411280846 0.0141010575793 0.203764716905 0.305869585584 0.396497610943 0.48614971425 0.559015958277 26099.0 1100.0 385.0 175.0 128.0 97.0 7.80737640923e-06 246 0.46 0.00192061459667
CATLIN micro 9049.0 244 0.253002961646 0.0490724204915 -0.0190597493275 0.0828269702471 0.865162682025 0.554931108182 0.143662283125 0.916584712821 35.6557377049 0.991803278689 0.901639344262 0.360655737705 0.0368852459016 0.0 0.143662283125 0.26897999779 0.380152503039 0.47740081777 0.571775886838 1300.0 681.14 85.28 49.62 32.68 24.7 0.000110509448558 87 0.477 0.00961432202453
CATLIN micro 54003.0 420 0.164223016688 0.0236521438954 -0.0150114881301 0.063061808637 0.89986074025 0.548218330105 0.267244412347 0.899351259864 23.8095238095 0.997619047619 0.911904761905 0.557142857143 0.128571428571 0.0119047619048 0.267244412347 0.37768272133 0.449623169083 0.518397126086 0.559376330945 14432.0 972.16 616.96 362.32 187.96 119.1 1.85174897691e-05 100 0.443 0.00185174897691
CATLIN micro 30772.0 395 0.168336239242 0.0593725590548 -0.0159443577785 0.131369297054 0.899754339219 0.66329146675 0.146561809437 0.957391118281 23.5443037975 0.994936708861 0.848101265823 0.455696202532 0.0759493670886 0.00759493670886 0.146561809437 0.220460158586 0.274600285974 0.318763811257 0.357565319121 4510.0 831.8 458.24 325.16 199.48 129.0 3.24970752632e-05 93 0.473 0.00302222799948
CATLIN micro 38644.0 655 0.202053536599 0.0304991614843 -0.00876009045033 0.0906045656581 0.890152549139 0.632046647598 0.133966463099 0.949966892965 25.1908396947 0.996946564885 0.836641221374 0.407633587786 0.0580152671756 0.00458015267176 0.133966463099 0.267648276576 0.321990477176 0.374210744229 0.416985819273 5177.0 422.4 195.88 118.76 93.36 77.0 2.58772383811e-05 165 0.47 0.00426974433288
CATLIN micro 23279.0 342 0.192777930678 0.034068186376 -0.01698824332 0.0913376687756 0.891489682309 0.594756658754 0.245457279093 0.914212084809 24.5614035088 0.997076023392 0.865497076023 0.426900584795 0.0672514619883 0.00584795321637 0.245457279093 0.33459341037 0.40787834529 0.464324068903 0.510588942824 5714.0 697.46 332.2 159.8 125.6 94.0 4.29571716998e-05 84 0.437 0.00360840242278
CATLIN micro 867615.0 1001 0.121356673031 0.00994211132708 -0.00759353682632 0.0289747666366 0.916724937724 0.492180722031 0.238139036324 0.899519261208 9.89010989011 0.999000999001 0.944055944056 0.7002997003 0.31968031968 0.0859140859141 0.238139036324 0.391848919163 0.507009445434 0.550850319554 0.57886965993 206613.0 5079.0 1761.0 1114.0 782.0 529.0 1.15258495992e-06 99 0.461 0.000114105911032
CATLIN micro 4982.0 279 0.314990632264 0.0853256668019 -0.0160606648692 0.219957231413 0.860217263075 0.733327136778 0.129064632678 0.958185867436 21.8637992832 0.992831541219 0.655913978495 0.175627240143 0.0143369175627 0.0 0.129064632678 0.231633881975 0.293255720594 0.344239261341 0.389401846648 643.0 154.0 76.88 49.32 41.32 29.2 0.000200722601365 61 0.461 0.0122440786833
CATLIN micro 13604.0 150 0.181254935402 0.0295663280328 -0.0393983319691 0.0583586583199 0.893287186601 0.45336679838 0.334975007351 0.77457521164 29.3333333333 0.993333333333 0.906666666667 0.526666666667 0.0866666666667 0.00666666666667 0.334975007351 0.662378712143 0.702293443105 0.739047339018 0.76367244928 4557.0 500.86 296.12 180.22 160.24 78.7 7.35077918259e-05 44 0.381 0.00323434284034
CATLIN micro 53939.0 781 0.218820358635 0.0122153037526 -0.00683908986028 0.0453192714716 0.882176458852 0.539468061822 0.290142568457 0.895196466151 26.2483994878 0.998719590269 0.902688860435 0.444302176697 0.067861715749 0.00640204865557 0.290142568457 0.37890950889 0.445558872059 0.490720999648 0.524258885037 15650.0 445.4 176.0 121.0 75.0 56.0 1.85394612433e-05 205 0.459 0.00380058955487
CATLIN micro 196919.0 695 0.179125627646 0.00572472624657 -0.0089825453716 0.0188134206033 0.898883481097 0.403899987255 0.459788034674 0.748664461127 11.3669064748 0.998561151079 0.917985611511 0.528057553957 0.189928057554 0.0273381294964 0.459788034674 0.640694905012 0.718650815818 0.73490115225 0.749064336098 90541.0 779.48 513.24 365.52 279.76 198.2 5.07823013523e-06 79 0.364 0.000401180180683
CATLIN micro 62387.0 555 0.181787275178 0.026660381559 -0.0106183933003 0.0636546245608 0.892993259106 0.568264264677 0.171157452674 0.9324314495 20.5405405405 0.996396396396 0.917117117117 0.520720720721 0.111711711712 0.0108108108108 0.171157452674 0.307692307692 0.381345472614 0.445733886867 0.498244826647 10678.0 971.52 487.32 282.52 140.68 102.2 1.60289803966e-05 114 0.48 0.00182730376521
CATLIN micro 35419.0 249 0.194101705385 0.0172252001801 -0.0217037963728 0.0265738364348 0.883517575211 0.367356579383 0.388322651684 0.766871138492 36.546184739 0.995983935743 0.971887550201 0.682730923695 0.140562248996 0.0120481927711 0.388322651684 0.607781134419 0.761540416161 0.859171631045 0.882068946046 13754.0 383.8 160.36 116.12 66.12 54.6 2.82334340326e-05 91 0.359 0.00256924249696
CATLIN micro 37489.0 407 0.254723898113 0.011758087745 -0.0119907350958 0.0284488178347 0.871332333039 0.421004634441 0.393475419456 0.791058341974 14.9877149877 0.997542997543 0.933660933661 0.437346437346 0.0909090909091 0.00737100737101 0.393475419456 0.569847155166 0.706420550028 0.750646856411 0.790285150311 14751.0 300.76 146.28 89.92 71.04 52.8 2.66744911841e-05 61 0.4 0.00162714396223
CATLIN micro 174597.0 910 0.154740894369 0.0108293977292 -0.00701837642107 0.0315476883752 0.901124154242 0.497599589809 0.256052509493 0.898531257704 30.8791208791 0.998901098901 0.947252747253 0.678021978022 0.191208791209 0.0186813186813 0.256052509493 0.395316070723 0.477362153989 0.54697388844 0.576006460592 44706.0 1657.42 461.88 223.38 135.68 112.0 5.72747527163e-06 281 0.47 0.00160942055133
CATLIN micro 41085.0 475 0.204075330011 0.0291228330323 -0.0122850106381 0.10965061894 0.891952979741 0.644102853611 0.23814044055 0.92773348878 13.6842105263 0.997894736842 0.781052631579 0.345263157895 0.0863157894737 0.00842105263158 0.23814044055 0.299768772058 0.357113301692 0.396762808811 0.436071558963 9784.0 719.44 373.16 221.16 159.28 120.4 2.43397833759e-05 65 0.475 0.00158208591944
CATLIN micro 54143.0 755 0.191749562051 0.0136597400159 -0.00789120295291 0.0678489538823 0.894133008923 0.596717689731 0.295107400772 0.903052658504 25.8278145695 0.998675496689 0.838410596026 0.439735099338 0.0715231788079 0.00662251655629 0.295107400772 0.333708882035 0.36782224849 0.401215300223 0.432539755832 15978.0 621.8 243.28 134.84 102.68 82.6 1.84696082596e-05 195 0.445 0.00360157361062
CATLIN micro 13330.0 165 0.181353297635 0.0202628337874 -0.0357326525046 0.0487264619951 0.893040978065 0.430133779012 0.524606151538 0.700952955997 38.1818181818 0.993939393939 0.890909090909 0.539393939394 0.0787878787879 0.00606060606061 0.524606151538 0.657389347337 0.700375093773 0.740885221305 0.774493623406 6993.0 514.24 165.32 141.12 116.92 77.0 7.50187546887e-05 63 0.353 0.00472618154539
CATLIN micro 28141.0 587 0.212792776436 0.0338907947439 -0.00898385159099 0.0804120661555 0.880696460205 0.607641313515 0.12600831527 0.949767076833 37.3083475298 0.996592844974 0.890971039182 0.425894378194 0.0477001703578 0.00340715502555 0.12600831527 0.23485306137 0.335027184535 0.386482356704 0.427347997584 3546.0 595.84 225.0 105.52 64.12 52.0 3.55353398955e-05 219 0.456 0.00778223943712
CATLIN micro 79337.0 745 0.186524478051 0.0123788262749 -0.00776316909719 0.0369100039352 0.891003635548 0.506327188442 0.266924637937 0.891577542333 30.7382550336 0.998657718121 0.931543624161 0.571812080537 0.106040268456 0.00939597315436 0.266924637937 0.405838385621 0.492241955204 0.568120801139 0.607081185323 21177.0 781.44 311.92 146.16 100.92 63.6 1.26044594578e-05 229 0.422 0.00288642121583
CATLIN micro 14720.0 447 0.259545555247 0.0285091439436 -0.0106069916755 0.0804379236405 0.867669012373 0.591152427694 0.225679347826 0.921591768403 31.9910514541 0.997762863535 0.86129753915 0.324384787472 0.0313199105145 0.00223713646532 0.225679347826 0.309307065217 0.38722826087 0.456861413043 0.506589673913 3322.0 332.96 103.0 70.24 42.96 36.0 6.79347826087e-05 143 0.475 0.00971467391304
CATLIN micro 19768.0 419 0.223337377269 0.0257452094814 -0.0123719318321 0.0680332560621 0.87868168733 0.560178089226 0.247217725617 0.907343805025 35.0835322196 0.997613365155 0.885441527446 0.410501193317 0.0453460620525 0.00238663484487 0.247217725617 0.347784297855 0.423310400648 0.493373128288 0.549069202752 4887.0 391.04 143.28 113.72 60.0 41.4 5.05868069607e-05 147 0.451 0.00743626062323
CATLIN micro 38708.0 551 0.218506593822 0.0162336378286 -0.0101135222491 0.0761753280832 0.886961060838 0.595523850373 0.311718507802 0.888225329311 15.6079854809 0.998185117967 0.820326678766 0.355716878403 0.0689655172414 0.005444646098 0.311718507802 0.403999173298 0.435413867934 0.463392580345 0.490596259171 12066.0 496.0 271.0 163.0 127.0 89.0 2.58344528263e-05 86 0.441 0.00222176294306
CATLIN micro 55219.0 908 0.203795741127 0.0214980232243 -0.00633350095228 0.0861478566469 0.890395225119 0.641757803357 0.189318893859 0.948788212321 24.0088105727 0.997797356828 0.832599118943 0.399779735683 0.0605726872247 0.00550660792952 0.189318893859 0.260979010848 0.308915409551 0.351219688875 0.383291982832 10454.0 495.3 204.44 155.74 106.32 85.3 1.81097086148e-05 218 0.441 0.00394791647802
CATLIN micro 30182.0 488 0.222365234013 0.0377792657803 -0.011066567456 0.0898732873854 0.883438268008 0.61410442739 0.133423895037 0.945790464019 18.4426229508 0.995901639344 0.844262295082 0.364754098361 0.0614754098361 0.00614754098361 0.133423895037 0.230302829501 0.319892651249 0.387615134849 0.450235239547 4027.0 488.28 202.68 119.16 78.12 61.2 3.31323305281e-05 90 0.481 0.00298190974753
CATLIN micro 40855.0 300 0.179455110148 0.0298423726249 -0.0207239351083 0.07754303625 0.89847271609 0.558532487817 0.259013584629 0.888323743468 15.6666666667 0.996666666667 0.84 0.426666666667 0.133333333333 0.0133333333333 0.259013584629 0.416252600661 0.517146004161 0.569648757802 0.61336433729 10582.0 1495.54 335.04 243.26 167.16 107.8 2.44768082242e-05 47 0.44 0.00115040998654
CATLIN micro 102547.0 796 0.176969079725 0.0111464926997 -0.00748105311907 0.0350124781003 0.8940817013 0.50326180692 0.289457517041 0.887302221937 27.2613065327 0.998743718593 0.935929648241 0.608040201005 0.128140703518 0.0125628140704 0.289457517041 0.389050874233 0.478951115098 0.555052805055 0.594088564268 29683.0 965.4 402.0 177.9 109.0 81.5 9.75162608365e-06 217 0.418 0.00211610286015
CATLIN micro 110820.0 505 0.14423850598 0.0148326238833 -0.0135338182939 0.0443940482767 0.907509387988 0.506325069114 0.323028334236 0.866504938126 19.603960396 0.99801980198 0.912871287129 0.627722772277 0.205940594059 0.0217821782178 0.323028334236 0.425076700957 0.523145641581 0.592627684533 0.627260422306 35798.0 1320.72 621.84 450.72 258.2 188.8 9.02364194189e-06 99 0.437 0.000893340552247
CATLIN micro 35652.0 519 0.230216752107 0.019354452299 -0.0104199103121 0.0737312229306 0.883595255622 0.586780035059 0.251739032873 0.9004728523 16.7630057803 0.998073217726 0.811175337187 0.341040462428 0.0674373795761 0.00578034682081 0.251739032873 0.418742286548 0.469566924717 0.504235386514 0.537781891619 8975.0 473.2 206.0 114.92 90.68 77.2 2.80489173118e-05 87 0.445 0.00244025580613
CATLIN micro 29536.0 154 0.153946427645 0.0293898809668 -0.0413682187001 0.0494545142573 0.900879559428 0.426421323806 0.401814734561 0.779082764155 25.3246753247 0.993506493506 0.941558441558 0.655844155844 0.188311688312 0.012987012987 0.401814734561 0.567138407367 0.725961538462 0.777356446371 0.8255687974 11868.0 1512.36 622.04 296.48 171.04 123.1 3.38569880823e-05 39 0.388 0.00132042253521
CATLIN micro 86901.0 882 0.18345587036 0.0220634640923 -0.00679638275507 0.0625048291133 0.894766811041 0.593693453576 0.139699197938 0.948623389532 23.1292517007 0.997732426304 0.890022675737 0.492063492063 0.0975056689342 0.00907029478458 0.139699197938 0.253000540845 0.324254036202 0.390386761948 0.448406807747 12140.0 820.24 325.4 185.28 126.56 99.0 1.15073474413e-05 204 0.467 0.00234749887803
CATLIN micro 135245.0 546 0.143231781641 0.0183773526985 -0.0125162116866 0.0427768235648 0.9074996911 0.506301645314 0.19442493253 0.900345848458 21.0622710623 0.996336996337 0.932234432234 0.653846153846 0.228937728938 0.0238095238095 0.19442493253 0.385463418241 0.49033975378 0.565854560243 0.63576472328 26295.0 1499.4 869.2 320.7 219.6 158.5 7.3939886872e-06 115 0.447 0.000850308699028
CATLIN micro 57.0 19 0.61473924043 0.328214971209 -0.129194559764 0.525462482969 0.753720968649 0.797231085197 0.333333333333 0.854636591479 52.6315789474 0.947368421053 0.263157894737 0.0 0.0 0.0 0.333333333333 0.508771929825 0.578947368421 0.631578947368 0.684210526316 19.0 15.76 12.52 9.52 7.36 5.2 0.0175438596491 10 0.396 0.175438596491
CATLIN micro 302045.0 1278 0.148827606899 0.0105059676098 -0.005134561215 0.0321206149931 0.903724160012 0.522587965515 0.201734840835 0.925524192516 26.2128325509 0.999217527387 0.942879499218 0.69014084507 0.236306729264 0.0234741784038 0.201734840835 0.328911254945 0.412200168849 0.484580112235 0.52029002301 60933.0 1964.98 580.0 361.52 212.52 164.0 3.31076495224e-06 335 0.465 0.001109106259
CATLIN micro 34678.0 275 0.173789911425 0.0414392031411 -0.0219810313814 0.0717143283385 0.895628075138 0.539046722076 0.196003229713 0.912274531863 24.3636363636 0.992727272727 0.923636363636 0.530909090909 0.123636363636 0.0109090909091 0.196003229713 0.302266566699 0.407866658977 0.503518080627 0.570592306361 6797.0 1990.6 494.96 213.48 131.8 86.6 2.88367264548e-05 67 0.452 0.00193206067247
CATLIN micro 84814.0 746 0.203271506496 0.00821570334663 -0.00743715191976 0.0259913958885 0.886473671742 0.455612021015 0.374301412503 0.83684884253 28.0160857909 0.998659517426 0.945040214477 0.567024128686 0.112600536193 0.0107238605898 0.374301412503 0.453191690051 0.531327375197 0.58767420473 0.640990874148 31746.0 500.5 184.2 117.4 82.6 57.5 1.17905062843e-05 209 0.425 0.00246421581343
CATLIN micro 71635.0 791 0.191971515522 0.0135017421578 -0.00708601430756 0.039409967042 0.887602661336 0.51996939956 0.246122705381 0.906378624741 35.2718078382 0.998735777497 0.931731984829 0.570164348925 0.0897597977244 0.00884955752212 0.246122705381 0.362825434494 0.450631674461 0.528261324771 0.564012005305 17631.0 750.6 275.2 123.8 77.8 59.0 1.39596565924e-05 279 0.452 0.00389474418929
CATLIN micro 4117.0 162 0.27358493342 0.0285019309647 -0.0287834945952 0.0847807313458 0.86550918506 0.527640073375 0.440126305562 0.783614150056 35.8024691358 0.993827160494 0.802469135802 0.253086419753 0.0246913580247 0.0 0.440126305562 0.565460286616 0.612581977168 0.642700995871 0.669662375516 1812.0 121.14 98.2 50.42 35.36 28.8 0.00024289531212 58 0.403 0.014087928103
CATLIN micro 26182.0 100 0.171211088743 0.0181567715899 -0.0561517261726 0.0174653153068 0.887801358163 0.218007036546 0.712359636391 0.449258454489 38.0 0.99 0.98 0.81 0.26 0.02 0.712359636391 0.91857000993 0.939882361928 0.953670460622 0.960889160492 18651.0 654.82 195.88 108.66 69.76 52.9 3.81941792071e-05 38 0.224 0.00145137880987
CATLIN micro 489002.0 691 0.130403509579 0.00859040751617 -0.0105927389535 0.0248775804877 0.913560273918 0.443478718707 0.380115009755 0.831537282443 14.0376266281 0.998552821997 0.95513748191 0.661360347323 0.322720694645 0.0694645441389 0.380115009755 0.454488938696 0.526061243103 0.592754221864 0.656800994679 185877.0 4156.6 1316.0 805.6 480.6 322.0 2.04498141112e-06 97 0.432 0.000198363196879
CATLIN micro 35836.0 360 0.163704265492 0.0277331944623 -0.0175834753718 0.0740684269507 0.900253297017 0.56361115242 0.264343118652 0.899864352673 28.0555555556 0.997222222222 0.883333333333 0.541666666667 0.0972222222222 0.00833333333333 0.264343118652 0.379562451166 0.452003571827 0.518473043867 0.565995088738 9473.0 933.4 412.64 248.28 155.0 124.1 2.79049001005e-05 101 0.45 0.00281839491015
CATLIN micro 212739.0 915 0.136448646034 0.030783402525 -0.00778503326073 0.0726683662909 0.911208857756 0.617535135718 0.111606240511 0.96450175999 18.9071038251 0.996721311475 0.897267759563 0.589071038251 0.209836065574 0.0229508196721 0.111606240511 0.182604035931 0.239434236318 0.28854135819 0.335161865008 23743.0 2028.8 993.44 506.0 351.52 230.6 4.70059556546e-06 173 0.493 0.000813203032824
CATLIN micro 66325.0 554 0.185381073019 0.035177292566 -0.0109265404763 0.0877958629832 0.895772361863 0.617841215273 0.145179042593 0.948701254414 14.440433213 0.996389891697 0.862815884477 0.420577617329 0.119133574007 0.0108303249097 0.145179042593 0.242005277045 0.320723709009 0.385767056163 0.4410403317 9629.0 1282.14 463.4 269.3 181.28 132.5 1.50772710139e-05 80 0.48 0.00120618168112
CATLIN micro 103365.0 550 0.157198753383 0.0181925194237 -0.0117571159055 0.043184394911 0.902323537401 0.508269102494 0.190760895854 0.900067529872 21.4545454545 0.996363636364 0.929090909091 0.621818181818 0.187272727273 0.0181818181818 0.190760895854 0.360073525855 0.515948338412 0.582024863348 0.634112126929 19718.0 1297.0 585.04 301.08 178.6 135.1 9.67445460262e-06 118 0.465 0.00114158564311
CATLIN micro 103906.0 509 0.153810697361 0.0106154952417 -0.0130180266365 0.030545532129 0.904643096371 0.449967338068 0.384231901911 0.814935314828 26.1296660118 0.998035363458 0.927308447937 0.614931237721 0.202357563851 0.0196463654224 0.384231901911 0.545396800955 0.617837275999 0.668055742691 0.710218851654 39924.0 835.8 430.72 319.56 223.0 152.2 9.62408330607e-06 133 0.407 0.00128000307971
CATLIN micro 114682.0 655 0.174234320182 0.0216568198194 -0.00951442824258 0.0595596343968 0.898709294629 0.568679443323 0.195244240596 0.929512179595 13.7404580153 0.996946564885 0.902290076336 0.496183206107 0.15572519084 0.0167938931298 0.195244240596 0.317835405731 0.385788528278 0.436834028008 0.485359515879 22391.0 1148.2 559.04 357.04 230.8 171.2 8.71976421758e-06 90 0.44 0.000784778779582
CATLIN micro 131712.0 760 0.159738875436 0.0148833343772 -0.00853641656916 0.0469139989227 0.902638687936 0.542753875742 0.245915330418 0.911600019836 19.4736842105 0.998684210526 0.913157894737 0.577631578947 0.172368421053 0.0171052631579 0.245915330418 0.355510507775 0.433354591837 0.485741618076 0.53547133139 32390.0 1275.42 592.28 298.84 199.88 148.2 7.59232264334e-06 148 0.435 0.00112366375121
CATLIN micro 971014.0 920 0.109828786154 0.0153971358035 -0.00864642600144 0.0365833954205 0.920387107285 0.519378887547 0.178915031091 0.929406235144 10.652173913 0.997826086957 0.945652173913 0.73152173913 0.373913043478 0.105434782609 0.178915031091 0.293301641377 0.382697880772 0.469722372695 0.518320024222 173729.0 7301.96 3300.12 1479.64 963.92 673.6 1.02985126888e-06 98 0.457 0.00010092542435
CATLIN micro 5613.0 328 0.342778247036 0.0250746460479 -0.0114950323496 0.0750576926818 0.834951987986 0.559362951531 0.303402814894 0.878568347408 45.1219512195 0.996951219512 0.832317073171 0.170731707317 0.015243902439 0.0 0.303402814894 0.403171209692 0.502405130946 0.549973276323 0.597363263852 1703.0 153.84 40.2 21.14 17.0 13.0 0.000178157847853 148 0.432 0.0263673614823
CATLIN micro 215474.0 872 0.134855176469 0.0197592693504 -0.00819215238531 0.0585579613268 0.911457335876 0.583583403605 0.184133584562 0.941966345473 19.0366972477 0.997706422018 0.903669724771 0.618119266055 0.217889908257 0.0240825688073 0.184133584562 0.27578269304 0.350093282716 0.398614217957 0.434901658669 39676.0 1840.28 885.2 532.02 372.64 257.4 4.64093115643e-06 166 0.48 0.000770394571967
CATLIN micro 110364.0 528 0.150263553492 0.0196280606934 -0.0127110242613 0.0526489883671 0.905836575438 0.535723023222 0.244944003479 0.90351676946 17.0454545455 0.998106060606 0.907196969697 0.596590909091 0.189393939394 0.0208333333333 0.244944003479 0.380395781233 0.461309847414 0.525624297778 0.575368779675 27033.0 1686.74 606.8 379.9 240.68 174.3 9.06092566417e-06 90 0.46 0.000815483309775
CATLIN micro 77482.0 633 0.185711161582 0.0203766198211 -0.00937235468299 0.0492116992822 0.893692360345 0.53777657872 0.178092976433 0.92248291201 23.3807266983 0.996840442338 0.914691943128 0.516587677725 0.121642969984 0.0110584518167 0.178092976433 0.334116310885 0.41136005782 0.476278361426 0.528200098087 13799.0 978.56 259.92 146.16 116.88 96.6 1.29062233809e-05 148 0.446 0.00191012106038
CATLIN micro 43361.0 743 0.214553774306 0.0226198486316 -0.00738204284558 0.0753383638323 0.885192407974 0.611329585811 0.183298355665 0.940521070382 24.7644683715 0.99730820996 0.864064602961 0.401076716016 0.0578734858681 0.00538358008075 0.183298355665 0.30479001868 0.358640252762 0.393602546067 0.426835174466 7948.0 538.84 228.36 123.48 84.64 60.8 2.306219875e-05 184 0.481 0.00424344457001
CATLIN micro 273156.0 961 0.166122671259 0.00587065177213 -0.00680157711833 0.0261580116512 0.903352066343 0.475013877149 0.392006765365 0.822751359782 11.9667013528 0.998959417274 0.896982310094 0.503642039542 0.195629552549 0.0280957336108 0.392006765365 0.510129742711 0.590695426789 0.629376619953 0.649226083264 107079.0 1195.0 660.8 374.4 265.4 225.0 3.66091171345e-06 115 0.407 0.000421004847047
CATLIN micro 11140.0 401 0.30666341756 0.0190190589074 -0.0105677378147 0.0507868984652 0.852469959184 0.510413655273 0.247217235189 0.868958708973 38.1546134663 0.997506234414 0.86783042394 0.27680798005 0.0274314214464 0.00249376558603 0.247217235189 0.455116696589 0.590843806104 0.658886894075 0.7078994614 2754.0 117.0 55.0 38.0 26.0 20.0 8.97666068223e-05 153 0.436 0.0137342908438
CATLIN micro 84430.0 729 0.176881004818 0.0143708122429 -0.00813496405999 0.0411841653725 0.89365168726 0.520870550762 0.25744403648 0.904557367754 31.6872427984 0.998628257888 0.934156378601 0.598079561043 0.115226337449 0.0109739368999 0.25744403648 0.35898377354 0.440613525998 0.505839156698 0.556342532275 21736.0 899.96 361.24 154.96 90.0 77.2 1.1844131233e-05 231 0.435 0.00273599431482
CATLIN micro 21856.0 319 0.182566215414 0.0466443511008 -0.0189119718515 0.11262144314 0.89542648159 0.625455044201 0.193036237189 0.932836338465 24.4514106583 0.993730407524 0.846394984326 0.429467084639 0.0658307210031 0.00626959247649 0.193036237189 0.306460468521 0.366855783309 0.42093704246 0.468566983895 4219.0 827.92 316.16 226.84 134.28 104.4 4.57540263543e-05 78 0.48 0.00356881405564
CATLIN micro 84314.0 415 0.14033467173 0.0396349641236 -0.0165165162355 0.0700166711563 0.907772516113 0.564134631504 0.130761202173 0.93921535962 25.7831325301 0.995180722892 0.920481927711 0.628915662651 0.202409638554 0.0192771084337 0.130761202173 0.233401333112 0.32753753825 0.4069549541 0.470823350808 11025.0 3051.68 879.92 320.64 208.88 179.6 1.18604265009e-05 107 0.468 0.0012690656356
CATLIN micro 32212.0 308 0.182098166526 0.0319395030982 -0.0180349174002 0.053180298942 0.886606508738 0.497762460446 0.210573699243 0.898374672208 36.3636363636 0.996753246753 0.948051948052 0.62987012987 0.103896103896 0.00974025974026 0.210573699243 0.334906246119 0.45504780827 0.543958773128 0.625729541786 6783.0 1891.7 276.6 159.48 85.32 56.2 3.10443313051e-05 112 0.457 0.00347696510617
CATLIN micro 200522.0 633 0.130779153587 0.0150274570185 -0.0113084067591 0.0414527521989 0.911636404526 0.512078708993 0.256819700581 0.894878304072 21.8009478673 0.998420221169 0.928909952607 0.684044233807 0.266982622433 0.0315955766193 0.256819700581 0.409675746302 0.497461625158 0.547720449626 0.585746202412 51498.0 2549.12 904.16 505.52 355.2 247.6 4.98698397183e-06 138 0.435 0.000688203788113
CATLIN micro 514486.0 755 0.120142434604 0.0147150288576 -0.0100584850455 0.0391281877852 0.916649331988 0.515762676503 0.222835995537 0.909991526552 12.3178807947 0.998675496689 0.935099337748 0.695364238411 0.312582781457 0.0675496688742 0.222835995537 0.366375372702 0.452379656589 0.533213731763 0.572960197168 114646.0 6175.96 2025.08 1037.28 720.68 510.0 1.94368748615e-06 93 0.439 0.000180762936212
CATLIN micro 77504.0 419 0.170050446227 0.0499743260882 -0.0153017945589 0.108037196319 0.901499455729 0.634677998631 0.105607452519 0.952255067338 9.78520286396 0.99522673031 0.840095465394 0.420047732697 0.140811455847 0.0167064439141 0.105607452519 0.205679706854 0.294410611065 0.367826176713 0.423307184145 8185.0 2424.48 829.48 400.84 280.56 215.8 1.29025598679e-05 41 0.466 0.000529004954583
CATLIN micro 888135.0 975 0.111330317355 0.00961152655973 -0.00810725356154 0.030054130573 0.919887410679 0.495499900478 0.280292973478 0.893291523263 12.0 0.998974358974 0.942564102564 0.731282051282 0.369230769231 0.0902564102564 0.280292973478 0.398922461112 0.462559183007 0.513634751474 0.563435738936 248938.0 6940.64 2254.44 1427.28 870.96 647.4 1.12595495054e-06 117 0.44 0.000131736729213
CATLIN micro 134387.0 1210 0.170700165998 0.0335892149372 -0.00514209022107 0.0776896130869 0.898548896969 0.64142920739 0.0748584312471 0.975402745002 24.0495867769 0.996694214876 0.898347107438 0.513223140496 0.110743801653 0.0107438016529 0.0748584312471 0.135132118434 0.188254816314 0.237217885659 0.276142781668 10060.0 1309.98 467.28 259.3 151.56 97.0 7.44119594901e-06 291 0.478 0.00216538802116
CATLIN micro 26315.0 197 0.192132798134 0.0239435311644 -0.0277990242852 0.0341330072465 0.885019085369 0.386116060551 0.293178795364 0.788025204486 32.9949238579 0.994923857868 0.964467005076 0.654822335025 0.131979695431 0.010152284264 0.293178795364 0.5776933308 0.756298688961 0.867794033821 0.884628538856 7715.0 642.28 194.6 105.88 79.64 47.6 3.80011400342e-05 65 0.396 0.00247007410222
CATLIN micro 14827.0 404 0.269803550134 0.0262374680848 -0.0123732477971 0.126245789813 0.874304501111 0.657990930414 0.287178795441 0.905720903521 15.5940594059 0.997524752475 0.70297029703 0.259900990099 0.0346534653465 0.00247524752475 0.287178795441 0.35003709449 0.403655493357 0.438119646591 0.462467120793 4258.0 244.38 124.2 92.46 70.52 57.4 6.74445268766e-05 63 0.451 0.00424900519323
CATLIN micro 42075.0 424 0.228675444961 0.0164960411352 -0.0128530541017 0.0611026883606 0.884467746159 0.543847616244 0.304717765894 0.857047243615 11.7924528302 0.997641509434 0.801886792453 0.337264150943 0.0990566037736 0.00943396226415 0.304717765894 0.512418300654 0.576541889483 0.6005466429 0.62027332145 12821.0 433.82 251.0 190.48 127.48 92.7 2.37670825906e-05 50 0.403 0.00118835412953
CATLIN micro 85211.0 815 0.194723931374 0.00695842005416 -0.00717818143218 0.0294185310024 0.892221804931 0.479882238521 0.395911326003 0.823677416265 24.9079754601 0.998773006135 0.907975460123 0.512883435583 0.104294478528 0.00981595092025 0.395911326003 0.48736665454 0.571099975355 0.61445118588 0.63240661417 33736.0 458.32 265.16 149.16 110.0 79.6 1.17355740456e-05 203 0.427 0.00238232153126
CATLIN micro 220232.0 1003 0.151189762087 0.012010195331 -0.00642153960771 0.0319072071572 0.901941264379 0.505824786443 0.216644266047 0.916990611878 29.4117647059 0.999002991027 0.951146560319 0.699900299103 0.219341974078 0.0219341974078 0.216644266047 0.340114061535 0.428071306622 0.502792509717 0.543758400232 47712.0 1864.56 520.08 273.72 161.0 133.6 4.54066620655e-06 295 0.458 0.00133949653093
CATLIN micro 41753.0 650 0.223869190422 0.00741669060185 -0.00832458893918 0.032143130316 0.883659404285 0.476256357874 0.428304552966 0.792586635754 28.7692307692 0.998461538462 0.876923076923 0.441538461538 0.0630769230769 0.00615384615385 0.428304552966 0.571096687663 0.600244293823 0.627236366249 0.651953153067 17883.0 286.2 165.68 94.12 69.0 49.1 2.39503748234e-05 187 0.379 0.00447872009197
CATLIN micro 119064.0 913 0.178741139614 0.0120748977019 -0.00635661871049 0.0318325030252 0.891372579441 0.499100790268 0.222090640328 0.909299601358 34.282584885 0.998904709748 0.94852135816 0.644030668127 0.130339539978 0.0120481927711 0.222090640328 0.365433716321 0.449422159511 0.529824296177 0.579763824498 26443.0 1089.2 339.08 160.28 105.04 76.4 8.39884431902e-06 313 0.448 0.00262883827185
CATLIN micro 173664.0 849 0.142071363057 0.0219528602722 -0.00820503513005 0.0628676210233 0.909231519386 0.592334727181 0.158743320435 0.946351561543 19.0812720848 0.997644287397 0.889281507656 0.585394581861 0.196702002356 0.020023557126 0.158743320435 0.248767735397 0.336511885019 0.399271006081 0.461851621522 27568.0 1735.04 678.76 417.48 306.76 217.6 5.758245808e-06 162 0.502 0.000932835820896
CATLIN micro 94829.0 823 0.162119461551 0.0603399229456 -0.00789647928542 0.120888437908 0.902802788784 0.686562844853 0.0468843919054 0.979873303219 17.9829890644 0.993924665857 0.859052247874 0.471445929526 0.114216281896 0.0109356014581 0.0468843919054 0.091628088454 0.136213605543 0.179628594628 0.222706134199 4446.0 1162.36 692.48 341.68 244.4 177.8 1.05452973247e-05 148 0.491 0.00156070400405
CATLIN micro 19835.0 700 0.259162127606 0.0297570070576 -0.00710892934942 0.119109353419 0.873749901364 0.676816131678 0.181497353164 0.952040097671 27.1428571429 0.997142857143 0.772857142857 0.277142857143 0.0271428571429 0.00142857142857 0.181497353164 0.256970002521 0.299369800857 0.340105873456 0.371767078397 3600.0 214.22 113.4 72.0 49.0 44.2 5.04159314343e-05 190 0.499 0.00957902697252
CATLIN micro 22911.0 532 0.208535434258 0.0492191008359 -0.0101465885318 0.108162203483 0.883385487149 0.648101193685 0.0905678495046 0.961851539427 35.1503759398 0.994360902256 0.866541353383 0.390977443609 0.0413533834586 0.00375939849624 0.0905678495046 0.179127929815 0.252149622452 0.320675657981 0.373314128585 2075.0 434.34 194.6 133.42 95.04 69.0 4.36471563878e-05 187 0.479 0.00816201824451
CATLIN micro 10829.0 151 0.193217144075 0.0286975590185 -0.0374199555173 0.0629474394064 0.888486852679 0.467553597105 0.444085326438 0.769301707782 30.4635761589 0.993377483444 0.887417218543 0.483443708609 0.0662251655629 0.00662251655629 0.444085326438 0.570874503648 0.666635885123 0.738295318127 0.76886139071 4809.0 776.0 211.0 114.0 84.0 62.0 9.23446301598e-05 46 0.385 0.00424785298735
CHU micro 1847.0 152 0.359931893434 0.0356562096577 -0.0249781576447 0.114067561035 0.836045631895 0.57779050742 0.403898213319 0.815931195854 46.7105263158 0.993421052632 0.723684210526 0.118421052632 0.00657894736842 0.0 0.403898213319 0.512181916622 0.577152138603 0.619924201408 0.64753654575 746.0 78.44 34.96 23.76 13.0 11.9 0.000541418516513 71 0.415 0.0384407146724
CHU micro 684.0 162 0.555992998048 0.114430620493 -0.0164695650272 0.318967709788 0.771709554198 0.777975351541 0.168128654971 0.947441199387 49.3827160494 0.987654320988 0.41975308642 0.037037037037 0.0 0.0 0.168128654971 0.264619883041 0.355263157895 0.409356725146 0.441520467836 115.0 33.7 13.0 8.0 7.12 5.9 0.00146198830409 80 0.441 0.116959064327
CHU micro 1475.0 275 0.493045627977 0.0667913079584 -0.0108959449589 0.243470313967 0.794936838712 0.750475067678 0.194576271186 0.946197824437 51.2727272727 0.992727272727 0.523636363636 0.0509090909091 0.00363636363636 0.0 0.194576271186 0.265762711864 0.334915254237 0.377627118644 0.411525423729 287.0 33.04 18.04 12.56 10.0 8.0 0.000677966101695 141 0.44 0.095593220339
CHU micro 513.0 158 0.603663410378 0.277280935954 -0.016281229542 0.52405237204 0.763967350974 0.873497294238 0.0682261208577 0.97908290692 48.7341772152 0.974683544304 0.322784810127 0.0316455696203 0.0 0.0 0.0682261208577 0.136452241715 0.196881091618 0.243664717349 0.278752436647 35.0 23.16 11.72 8.0 7.0 7.0 0.00194931773879 77 0.477 0.150097465887
CHU micro 2445.0 398 0.448318893869 0.181317535419 -0.00888671633069 0.418213695094 0.824585359089 0.854960240767 0.0760736196319 0.98654624321 36.6834170854 0.984924623116 0.489949748744 0.0603015075377 0.00502512562814 0.0 0.0760736196319 0.112065439673 0.143967280164 0.168098159509 0.19100204499 186.0 31.18 28.0 21.0 17.24 14.0 0.00040899795501 146 0.494 0.0597137014315
CHU micro 1416.0 299 0.526991653015 0.111382136493 -0.0098041905651 0.331874514839 0.790711846566 0.8076837647 0.110875706215 0.970658401709 44.8160535117 0.989966555184 0.458193979933 0.0468227424749 0.00334448160535 0.0 0.110875706215 0.193502824859 0.257062146893 0.301553672316 0.330508474576 157.0 25.28 16.0 11.12 9.16 8.2 0.000706214689266 134 0.475 0.0946327683616
CHU micro 333.0 59 0.464709162255 0.150998198463 -0.054053793342 0.326665796969 0.806562426203 0.734036059093 0.285285285285 0.890426571149 40.6779661017 0.983050847458 0.474576271186 0.0508474576271 0.0 0.0 0.285285285285 0.387387387387 0.48048048048 0.531531531532 0.576576576577 95.0 33.52 26.52 16.04 14.36 12.4 0.003003003003 24 0.423 0.0720720720721
CHU micro 1606.0 294 0.48818964114 0.125102124242 -0.0108093647271 0.335676023782 0.805920916547 0.809116808003 0.100249066002 0.973417441603 41.8367346939 0.989795918367 0.479591836735 0.0544217687075 0.00340136054422 0.0 0.100249066002 0.178704856787 0.232876712329 0.268368617684 0.303237858032 161.0 48.14 18.28 16.0 10.56 9.7 0.000622665006227 123 0.456 0.0765877957659
CHU micro 374.0 73 0.512436996604 0.105477793077 -0.0395489186896 0.277302327141 0.787726190589 0.709222644546 0.320855614973 0.872460609884 45.2054794521 0.986301369863 0.479452054795 0.041095890411 0.0 0.0 0.320855614973 0.44385026738 0.502673796791 0.548128342246 0.590909090909 120.0 35.44 17.6 15.36 8.68 5.8 0.00267379679144 33 0.43 0.0882352941176
CHU micro 929.0 161 0.475924782014 0.0749437709619 -0.0194841200556 0.248056784362 0.803540804301 0.729318042948 0.250807319699 0.918110407928 49.0683229814 0.993788819876 0.527950310559 0.055900621118 0.0 0.0 0.250807319699 0.34983853606 0.413347685684 0.446716899892 0.472551130248 233.0 29.6 18.2 13.8 11.0 8.0 0.0010764262648 79 0.434 0.0850376749193
CHU micro 856.0 120 0.464890788004 0.0575182115046 -0.026197757801 0.179855815671 0.803938635402 0.649439831076 0.33761682243 0.85611848937 42.5 0.991666666667 0.566666666667 0.0666666666667 0.0 0.0 0.33761682243 0.492990654206 0.529205607477 0.560747663551 0.591121495327 289.0 29.48 20.68 16.86 13.44 9.2 0.00116822429907 51 0.415 0.0595794392523
CHU micro 2412.0 379 0.455284259479 0.0892695024315 -0.00887444738713 0.28738326352 0.816021124317 0.791088907273 0.115671641791 0.970845688604 40.3693931398 0.994722955145 0.519788918206 0.0633245382586 0.00527704485488 0.0 0.115671641791 0.205223880597 0.251243781095 0.281509121061 0.310945273632 279.0 38.0 25.0 16.32 14.0 12.2 0.000414593698176 153 0.479 0.0634328358209
CHU micro 5160.0 469 0.349256426729 0.0730044083908 -0.00877138246274 0.226630469447 0.848191384985 0.759830894599 0.0992248062016 0.970981771902 36.460554371 0.993603411514 0.643923240938 0.108742004264 0.0106609808102 0.0 0.0992248062016 0.197286821705 0.251162790698 0.287790697674 0.313759689922 512.0 75.96 48.0 29.84 23.0 20.0 0.000193798449612 171 0.476 0.0331395348837
CHU micro 4111.0 444 0.416876944323 0.0443973835863 -0.00800505684513 0.16798392508 0.825398411245 0.709179055695 0.157625881781 0.949501574613 36.7117117117 0.995495495495 0.619369369369 0.0923423423423 0.00900900900901 0.0 0.157625881781 0.277304792021 0.3393334955 0.39819995135 0.426416930187 648.0 58.0 28.56 20.42 15.56 12.7 0.000243249817563 163 0.485 0.0396497202627
CHU micro 524.0 146 0.589055627579 0.235494306818 -0.0184130909083 0.491263617939 0.773286318287 0.85879573559 0.0992366412214 0.972771590793 45.2054794521 0.979452054795 0.356164383562 0.0342465753425 0.0 0.0 0.0992366412214 0.18320610687 0.238549618321 0.282442748092 0.31679389313 52.0 23.6 11.6 8.3 7.4 6.0 0.00190839694656 66 0.462 0.125954198473
CHU micro 4415.0 388 0.378620334575 0.0406276658472 -0.00991221942864 0.151438035412 0.838055689661 0.685750930625 0.181200453001 0.936774629884 35.824742268 0.994845360825 0.659793814433 0.113402061856 0.0103092783505 0.0 0.181200453001 0.303510758777 0.407474518686 0.436013590034 0.463193657984 800.0 60.42 34.0 26.34 20.0 17.0 0.000226500566251 139 0.476 0.0314835787089
CHU micro 1088.0 254 0.529292241003 0.209024463976 -0.0118550017972 0.458182376369 0.795875993209 0.859888697066 0.0790441176471 0.982067482007 44.094488189 0.984251968504 0.425196850394 0.0393700787402 0.00393700787402 0.0 0.0790441176471 0.135110294118 0.181985294118 0.219669117647 0.244485294118 86.0 23.88 13.0 12.0 9.76 8.0 0.000919117647059 112 0.47 0.102941176471
CHU micro 4131.0 252 0.322819641355 0.0256034868712 -0.0164839192281 0.0934924186758 0.849605135316 0.578234886914 0.36552892762 0.84521579295 42.4603174603 0.996031746032 0.77380952381 0.162698412698 0.015873015873 0.0 0.36552892762 0.474703461632 0.542483660131 0.584604212055 0.605664488017 1510.0 73.0 52.88 27.0 24.0 21.9 0.000242072137497 107 0.386 0.0259017187122
CHU micro 378.0 81 0.497518339201 0.16748955564 -0.0356898264043 0.342204949868 0.787985361954 0.761314457103 0.187830687831 0.928746859781 50.6172839506 0.975308641975 0.456790123457 0.037037037037 0.0 0.0 0.187830687831 0.301587301587 0.410052910053 0.47619047619 0.521164021164 71.0 41.8 23.4 15.4 13.6 12.0 0.0026455026455 41 0.471 0.108465608466
CHU micro 4655.0 350 0.337900734251 0.0623227679457 -0.0120658064457 0.19600349726 0.851977038074 0.723798305109 0.152738990333 0.954360731468 32.5714285714 0.994285714286 0.654285714286 0.131428571429 0.0114285714286 0.0 0.152738990333 0.259291084855 0.314930182599 0.354242749731 0.386680988185 711.0 97.0 45.08 32.0 27.08 21.3 0.000214822771214 114 0.49 0.0244897959184
CHU micro 785.0 174 0.549858760085 0.12153893368 -0.0162796346373 0.348356477001 0.783951868869 0.797669228816 0.136305732484 0.953928896399 41.9540229885 0.988505747126 0.431034482759 0.0402298850575 0.0 0.0 0.136305732484 0.270063694268 0.342675159236 0.366878980892 0.389808917197 107.0 18.54 15.0 10.62 9.0 8.0 0.00127388535032 73 0.457 0.0929936305732
CHU micro 164.0 38 0.560962370029 0.201190868017 -0.0747543190524 0.428803276103 0.7845153781 0.776691769651 0.323170731707 0.874532395631 39.4736842105 0.973684210526 0.394736842105 0.0263157894737 0.0 0.0 0.323170731707 0.439024390244 0.481707317073 0.524390243902 0.55487804878 53.0 27.84 13.24 7.0 7.0 5.6 0.00609756097561 15 0.431 0.0914634146341
CHU micro 872.0 181 0.488398082383 0.216547246113 -0.0175590490518 0.428081814754 0.805934374219 0.838205769524 0.0802752293578 0.975605388723 43.6464088398 0.983425414365 0.458563535912 0.0441988950276 0.0 0.0 0.0802752293578 0.147935779817 0.205275229358 0.262614678899 0.293577981651 70.0 36.2 16.8 16.0 13.6 12.0 0.00114678899083 79 0.486 0.0905963302752
CHU micro 5680.0 449 0.355419438194 0.0489800951533 -0.0088122846922 0.153754382878 0.842404149445 0.69539735834 0.121126760563 0.954697129776 35.4120267261 0.995545657016 0.694877505568 0.124721603563 0.011135857461 0.0 0.121126760563 0.233450704225 0.319190140845 0.391725352113 0.42588028169 688.0 99.48 41.08 34.0 25.16 20.2 0.000176056338028 159 0.473 0.0279929577465
CHU micro 2032.0 306 0.479871104603 0.0689466173607 -0.0105933817305 0.248442917051 0.809504694425 0.758419794125 0.157480314961 0.953070420296 34.9673202614 0.993464052288 0.506535947712 0.0653594771242 0.00653594771242 0.0 0.157480314961 0.254921259843 0.346456692913 0.377460629921 0.404035433071 320.0 30.5 19.8 16.7 12.6 10.5 0.000492125984252 107 0.464 0.052657480315
CHU micro 48.0 22 0.768995485109 0.638580931264 -0.0891084549258 0.785190597857 0.699707856358 0.925762845751 0.145833333333 0.948581560284 45.4545454545 0.909090909091 0.181818181818 0.0 0.0 0.0 0.145833333333 0.270833333333 0.354166666667 0.4375 0.5 7.0 6.58 6.16 5.48 4.64 4.0 0.0208333333333 10 0.377 0.208333333333
CHU micro 2487.0 350 0.453429686609 0.059898490086 -0.00953612642532 0.222361597034 0.814679176287 0.745045220644 0.170888620828 0.952683317693 40.2857142857 0.994285714286 0.554285714286 0.0685714285714 0.00571428571429 0.0 0.170888620828 0.26618415762 0.32167269803 0.359469240048 0.392842782469 425.0 43.12 23.16 18.0 16.0 12.1 0.000402090872537 141 0.471 0.0566948130277
CHU micro 717.0 187 0.560121565761 0.218688969647 -0.0150478067092 0.466039511686 0.782623653223 0.855216809253 0.0850767085077 0.97690953149 47.0588235294 0.983957219251 0.379679144385 0.0374331550802 0.0 0.0 0.0850767085077 0.156206415621 0.217573221757 0.259414225941 0.287308228731 61.0 22.8 13.56 10.84 8.0 7.0 0.00139470013947 88 0.47 0.122733612273
CHU micro 1241.0 202 0.484321622094 0.0593481755057 -0.0152101780519 0.208385811519 0.799681717715 0.708053005173 0.24496373892 0.917324738114 46.5346534653 0.99504950495 0.539603960396 0.0594059405941 0.0049504950495 0.0 0.24496373892 0.356164383562 0.416599516519 0.471394037067 0.510878323932 304.0 48.5 14.0 11.94 10.0 8.9 0.000805801772764 94 0.47 0.0757453666398
CHU micro 1215.0 245 0.520911642594 0.114423140646 -0.0121649439265 0.33100480248 0.793912807323 0.800517120238 0.134156378601 0.965122948319 42.0408163265 0.991836734694 0.457142857143 0.0489795918367 0.00408163265306 0.0 0.134156378601 0.205761316872 0.267489711934 0.316049382716 0.362139917695 163.0 36.64 16.0 12.0 9.48 8.0 0.00082304526749 103 0.461 0.0847736625514
CHU micro 389.0 114 0.593452797803 0.218930759192 -0.0221925693714 0.451781339741 0.76036536786 0.834472974137 0.105398457584 0.962406911722 50.0 0.982456140351 0.333333333333 0.0263157894737 0.0 0.0 0.105398457584 0.200514138817 0.290488431877 0.354755784062 0.39588688946 41.0 32.4 13.92 8.44 6.0 6.0 0.0025706940874 57 0.437 0.146529562982
CHU micro 1736.0 272 0.451848788726 0.103518244131 -0.0123716076572 0.293535464246 0.816107004538 0.782912882728 0.132488479263 0.965040704392 40.8088235294 0.992647058824 0.522058823529 0.0625 0.00367647058824 0.0 0.132488479263 0.206797235023 0.273041474654 0.316244239631 0.346774193548 230.0 47.06 23.0 17.0 13.32 11.0 0.000576036866359 111 0.479 0.0639400921659
CHU micro 3155.0 438 0.423823930016 0.104095770294 -0.008202966081 0.30220034055 0.827185462461 0.804116370411 0.10618066561 0.978377368009 38.5844748858 0.990867579909 0.547945205479 0.0707762557078 0.00684931506849 0.0 0.10618066561 0.144849445325 0.182884310618 0.215847860539 0.246275752773 335.0 65.78 30.52 19.78 16.0 14.3 0.000316957210777 169 0.469 0.0535657686212
CHU micro 560.0 144 0.55470070243 0.308467107334 -0.0202507730333 0.533157406811 0.789688978559 0.874668067813 0.0660714285714 0.979235880399 43.0555555556 0.972222222222 0.388888888889 0.0347222222222 0.0 0.0 0.0660714285714 0.128571428571 0.1875 0.223214285714 0.258928571429 37.0 21.82 15.56 12.84 10.0 8.0 0.00178571428571 62 0.453 0.110714285714
CHU micro 1214.0 253 0.516749385991 0.188508207637 -0.0121790921929 0.420634052779 0.800220244107 0.844478199132 0.0683690280066 0.979839492809 40.3162055336 0.98418972332 0.438735177866 0.0474308300395 0.00395256916996 0.0 0.0683690280066 0.135914332784 0.185337726524 0.233937397035 0.267710049423 83.0 38.56 19.68 12.76 9.84 8.0 0.000823723228995 102 0.476 0.0840197693575
CHU micro 858.0 79 0.348442707944 0.0867421123503 -0.0516289417887 0.222249782708 0.846934820968 0.665722133608 0.350815850816 0.855067142115 36.7088607595 0.987341772152 0.645569620253 0.101265822785 0.0 0.0 0.350815850816 0.452214452214 0.506993006993 0.552447552448 0.59324009324 301.0 64.6 38.52 28.88 24.28 21.2 0.0011655011655 29 0.438 0.0337995337995
CHU micro 5525.0 312 0.295342295897 0.0495860293774 -0.0141785982767 0.136778916482 0.858468357355 0.657084730494 0.186968325792 0.935531600486 37.8205128205 0.99358974359 0.762820512821 0.176282051282 0.0160256410256 0.0 0.186968325792 0.296832579186 0.378280542986 0.426244343891 0.472398190045 1033.0 197.04 62.12 41.34 29.36 24.0 0.000180995475113 118 0.466 0.0213574660633
CHU micro 845.0 197 0.540339184929 0.159087582223 -0.0147324228252 0.402317354376 0.788759012055 0.829080746277 0.126627218935 0.969239182254 45.6852791878 0.984771573604 0.426395939086 0.0406091370558 0.0 0.0 0.126627218935 0.185798816568 0.244970414201 0.292307692308 0.32899408284 107.0 31.72 13.32 9.48 8.0 7.0 0.00118343195266 90 0.458 0.10650887574
CHU micro 154.0 37 0.529891448371 0.151817378724 -0.0727598840361 0.32600273239 0.773580346141 0.704651951136 0.383116883117 0.827349121467 56.7567567568 0.972972972973 0.405405405405 0.027027027027 0.0 0.0 0.383116883117 0.506493506494 0.603896103896 0.636363636364 0.662337662338 59.0 30.2 17.24 13.4 6.2 4.4 0.00649350649351 21 0.396 0.136363636364
CHU micro 1015.0 142 0.419527155553 0.0723679653856 -0.0240422948616 0.218532940231 0.818601220201 0.698143723642 0.273891625616 0.903578472809 49.2957746479 0.992957746479 0.598591549296 0.0704225352113 0.00704225352113 0.0 0.273891625616 0.375369458128 0.446305418719 0.474876847291 0.502463054187 278.0 36.74 24.36 22.16 17.0 13.9 0.000985221674877 70 0.438 0.0689655172414
CHU micro 1888.0 303 0.449264141671 0.104183315478 -0.0110319537133 0.286521016686 0.814942991334 0.782671203588 0.110169491525 0.968835048907 46.5346534653 0.990099009901 0.541254125413 0.0594059405941 0.003300330033 0.0 0.110169491525 0.182733050847 0.254766949153 0.303495762712 0.343220338983 208.0 40.92 21.92 16.0 14.0 9.0 0.000529661016949 141 0.494 0.0746822033898
CHU micro 1350.0 160 0.4127069039 0.0750706838373 -0.0220880823623 0.205815907527 0.824452377826 0.693223819196 0.216296296296 0.91742470417 41.875 0.99375 0.6 0.08125 0.00625 0.0 0.216296296296 0.338518518519 0.459259259259 0.497777777778 0.528148148148 292.0 50.02 32.48 23.84 13.56 11.0 0.000740740740741 67 0.472 0.0496296296296
CHU micro 1114.0 269 0.560364259396 0.1510598569 -0.010559898025 0.419170141448 0.784511759147 0.845507593847 0.10592459605 0.976267096385 42.750929368 0.988847583643 0.412639405204 0.0408921933086 0.00371747211896 0.0 0.10592459605 0.185816876122 0.221723518851 0.249551166966 0.271095152603 118.0 22.56 14.0 11.0 10.0 8.0 0.000897666068223 115 0.474 0.103231597846
CHU micro 20.0 12 0.826041270861 0.694444444444 -0.126026760102 0.818181818182 0.628065756119 0.926628408029 0.2 0.926315789474 66.6666666667 0.916666666667 0.166666666667 0.0 0.0 0.0 0.2 0.4 0.5 0.6 0.65 4.0 4.0 4.0 4.0 4.0 3.8 0.05 8 0.32 0.4
