BIGN micro 13469935.0 5221 1107495210.26 0.0841450563105 0.006 0.0685443642825 0.142326369659 -0.0017720334371 0.560269906983 0.0229970549485 0.109027920328 0.967945854944 1468599.0 19.5299160686 30.8842114646 0.640825410443 5878.81216256 5822.38438673 5951 6277 317.983023248 1.42256114744 0.0966234786206 7094047.31931
BIGN micro 7718358.0 4809 209016532.475 0.0856182464468 0.0122 0.0693600288606 0.166572799188 -0.00190104727463 0.639617905893 0.0469053330453 0.0869445288752 0.982922826523 671069.0 15.1634583418 31.4409872145 0.682484964875 5433.71454957 5382.5298038 5508 5817 303.169555636 1.73098106737 0.07705258251 14059920246.6
BIGN micro 296215.0 400 79249122.7054 0.106054095475 0.0069 0.0781288270777 0.151314881083 -0.0202684615866 0.370817767753 0.020609973647 0.59679624597 0.637126153693 176780.0 64.3718245194 19.4187887367 0.795209118634 494.518837607 490.950814425 488 536 31.6695802153 0.734947755397 0.502000089744 5.68682492197
BIGN micro 1240763.0 158 2211722917.19 0.0481061307396 0.0273 0.0571104279504 0.145205721057 -0.0703623617217 0.423377263188 0.0479508242125 0.445755555251 0.76811575974 553077.0 55.3386907895 10.2106276661 1.1196047557 288.540645751 347.223451935 228 280 11.1893198872 0.141844555233 0.390292733582 9.99153503435
BIGN micro 2345013.0 1406 1411881790.13 0.12176586499 0.002 0.0846363464598 0.0843048443242 -0.00531824824851 0.299451982122 0.00552552013056 0.591992453773 0.638557192529 1388230.0 65.1058650848 35.8618473324 0.965127554196 1670.65283252 1624.81630179 1658 1791 95.7880429224 0.918148001749 0.498742796995 5.75983000352
BIGN micro 1970909.0 2408 158372677.759 0.106808924769 0.0042 0.0784327662083 0.14692740057 -0.00335367481423 0.514587018936 0.0224237214418 0.295812744272 0.90144988077 583020.0 34.0368834888 41.7020937376 0.821500667984 2872.04251874 2871.91512799 2877 3110 166.06865604 1.71523328674 0.262108955133 38.8498903159
BIGN micro 2274658.0 936 165819009.564 0.0733313704473 0.0344 0.0648831364215 0.169255738139 -0.0104463618538 0.620682785307 0.0736455428817 0.113763036026 0.968966663388 258772.0 17.710662438 12.1117104979 0.801267650451 1044.75476479 1042.01010536 1068 1121 63.8777252419 0.620608607004 0.100819865647 2382241.99025
BIGN micro 2257650.0 368 792905692.402 0.0565400407268 0.0454 0.0579679176956 0.145955191961 -0.0297606223453 0.561262326635 0.0723419610434 0.127791287401 0.940190725266 288508.0 24.427967134 7.19636214283 0.922178027278 425.126462085 435.900863587 439 467 25.0857237842 0.244917327182 0.113252079733 182646.014824
BIGN micro 74509634.0 1555 154285118427.0 0.0401440937673 0.0147 0.0470377314345 0.140843508032 -0.00868784465309 0.556757432177 0.0378660635266 0.142536641638 0.956170196015 10620353.0 22.3424584262 17.9786003799 0.490174478787 1803.04979586 1825.33403197 1800 1925 85.7311246197 0.180145815378 0.126319809683 26075.6065562
BIGN micro 10050053.0 2011 4130117247.87 0.113376770123 0.006 0.0854230154921 0.0422957352964 -0.00368362726647 0.386962176565 0.00894525877796 0.144105807203 0.917312213828 1448271.0 28.6434210844 17.6736917373 1.50723884819 2410.28425026 2419.96709474 2447 2646 124.665941282 0.634348466857 0.127710446458 21911.4976473
BIGN micro 6733547.0 931 1189134523.02 0.054370487405 0.0422 0.0543250183451 0.204985028601 -0.012556673886 0.653987522985 0.0929345247816 0.0821537296762 0.974535080552 553186.0 15.4516779938 10.4153276348 0.406411851541 1071.42107349 1024.05695749 1047 1116 59.1504747533 0.358779593162 0.0728068472654 168737439913.0
BIGN micro 734238.0 778 34043948.6945 0.101999486486 0.0255 0.078088438418 0.150760103557 -0.0104262471747 0.5704676093 0.0560967850041 0.156514645115 0.949647909901 114919.0 24.2203481705 12.9804340056 1.02516682896 829.727881102 837.207640492 872 882 57.5274799903 0.907948401369 0.138707492728 6572.96676234
BIGN micro 5501151.0 1202 1313686984.34 0.0812034627615 0.0157 0.0713178839191 0.0835055942888 -0.00739528812009 0.497244229127 0.0274761771704 0.125547726285 0.947033245961 690657.0 23.2850907019 12.8873838689 1.27114706363 1473.83411055 1439.08937286 1452 1588 77.3816876951 0.512480900786 0.111263775463 260591.585046
