8583 122 0.200302886412 0.266194654524 -0.0495693419374 0.384637889341 0.895673438552 0.803825866674 0.068973552371 0 0.00819672131148 10 2.47010468665
244414 227 0.0989605052905 0.0521402841402 -0.0380749720867 0.105165792294 0.926668947437 0.591624079529 0.211452699109 0 0.00440528634361 18 7.78225745966
112 17 0.356195932839 0.370051330462 -0.235065176452 0.462504252411 0.843895857163 0.751175272456 0.232142857143 0 0.0588235294118 9 1.36401353343
20 1 1.0 1.0 nan nan nan nan 1.0 0 20.0 0 0.0
5 2 0.973849334762 0.961538461538 -0.405465108108 0.960131704208 0.433773782538 0.970950594455 0.6 0 1.0 0 0.0
173 25 0.452134824246 0.198435272667 -0.13938029017 0.37283386957 0.822081499483 0.713718995274 0.416184971098 0 0.04 7 4.07984847278
3123 189 0.311749324487 0.134997101815 -0.0243822777174 0.316509804381 0.863961353855 0.782698378153 0.152737752161 0 0.00529100529101 36 7.75933342736
578 7 0.14325100192 0.306322595789 -0.957735579546 0.230987802192 0.905735925244 0.446879651755 0.487889273356 0 0.142857142857 1 0.948499393366
1794 626 0.677860027423 0.549398543011 -0.00390766137685 0.727810108748 0.752948390255 0.950753128064 0.00947603121516 0 0.00159744408946 252 2.11138257583
137 44 0.585905340526 0.291970008089 -0.0588105787017 0.526855688723 0.765233770551 0.83599558494 0.226277372263 0 0.0227272727273 26 4.40707120226
55349 583 0.166661710585 0.221361842471 -0.0114418187357 0.357471566721 0.905268509411 0.838946138941 0.0267574843267 0 0.00171526586621 67 3.78058651084
7 1 1.0 1.0 nan nan nan nan 1.0 0 7.0 0 0.0
26720 63 0.105561993668 0.0380864331084 -0.116843333881 0.0481085365085 0.914042229275 0.333555971541 0.61620508982 0 0.015873015873 23 6.87833141516
17618 312 0.25928494314 0.374609358307 -0.0166787517421 0.525513889342 0.879135245942 0.888474913089 0.0258826200477 0 0.00320512820513 17 2.32472426657
82 28 0.621115544969 0.469029017857 -0.0920237025523 0.641275178913 0.764320315928 0.87260228344 0.158536585366 0 0.0357142857143 14 1.90800954935
16149 92 0.135125640001 0.263269103919 -0.0807634969542 0.377747881624 0.914832207947 0.788627533762 0.103907362685 0 0.0108695652174 10 3.01875717816
177 61 0.652800577409 0.450913225579 -0.0405327380061 0.65532482822 0.755323979381 0.899282023582 0.0960451977401 0 0.016393442623 27 2.58501401479
104 18 0.420637330424 0.183309606128 -0.183611692305 0.292504957565 0.812952357973 0.618321745757 0.509615384615 0 0.0555555555556 10 3.25849308447
17 3 0.508121770849 0.703163017032 -1.1512925465 0.665579804019 0.820585581554 0.770395378202 0.588235294118 0 0.333333333333 1 -0.135061522785
1 1 1.0 1.0 nan nan nan nan 1.0 0 1.0 1 0.0
5918 478 0.347736917168 0.24313041987 -0.00911259567419 0.430137721784 0.856335658585 0.863705818146 0.0353159851301 0 0.00209205020921 104 4.28919264185
211390 1462 0.328557187443 0.49484975973 -0.00293611443688 0.650547480597 0.854292390529 0.941053850213 0.00565305832821 0 0.000683994528044 25 2.01150207011
11 1 1.0 1.0 nan nan nan nan 1.0 0 11.0 0 0.0
86 5 0.302294088146 0.296908871939 -0.919013766466 0.257447906235 0.863582926993 0.439863591197 0.813953488372 0 0.2 1 1.48063496655
1 1 1.0 1.0 nan nan nan nan 1.0 0 1.0 1 0.0
1983 167 0.359333525556 0.324866388689 -0.0257371946867 0.491465372373 0.854472810399 0.862409580628 0.0519415027736 0 0.0059880239521 33 2.69028524842
77433 1803 0.347887981975 0.390566691908 -0.00239783562001 0.587713667402 0.855291621266 0.929156765836 0.00994408068911 0 0.000554631170272 60 4.07940908439
11 2 0.849742553054 0.828767123288 -0.980829253012 0.796701741627 0.699875038096 0.845350936622 0.727272727273 0 1.5 0 0.0
399 8 0.28369836693 0.327331606218 -0.565592376074 0.425732214256 0.861528308117 0.664271307331 0.591478696742 0 0.125 1 2.12243658812
213425 1038 0.129327182918 0.181318226388 -0.00732572086362 0.279448006162 0.916757070851 0.816782049714 0.0149560735621 0 0.000963391136802 119 3.44609338022
8 4 0.796900215376 0.727272727273 -0.485203026392 0.787861887005 0.69711436279 0.875 0.5 0 0.25 2 0.816496580928
165 22 0.393369623202 0.151413189771 -0.151176256905 0.222278313274 0.814060128626 0.561237487613 0.430303030303 0 0.0454545454545 11 2.91797865401
2627554 919 0.119019758004 0.00185397509565 -0.00845249749999 0.00311590539131 0.91849252443 0.197964892359 0.761164185398 0 0.00108813928183 105 29.7180151238
8704 259 0.258064696962 0.270615885943 -0.020293642094 0.436810411362 0.880309238167 0.851841683813 0.0517003676471 0 0.003861003861 25 3.66188078918
1 1 1.0 1.0 nan nan nan nan 1.0 0 1.0 1 0.0
72 3 0.690906876828 0.790484903934 -0.8188043947 0.779285640487 0.753876420675 0.855123339708 0.5 0 2.33333333333 0 -0.540734198033
150 3 0.654965544563 0.655021834061 -0.948559992443 0.658340551399 0.784866910939 0.764724380911 0.666666666667 0 5.0 0 0.549434019627
9 2 0.475227312538 0.623076923077 -2.07944154168 0.417411181132 0.849777056669 0.503258334776 0.888888888889 0 0.5 1 0.0
39 28 0.873910839418 0.639075630252 -0.0348546917958 0.822303814374 0.49224577936 0.943593714295 0.128205128205 0 0.0357142857143 23 2.90059949524
6 4 0.923898109345 0.9 -0.277258872224 0.926587716562 0.532883469188 0.959147917027 0.333333333333 0 0.25 2 0.0
1 1 1.0 1.0 nan nan nan nan 1.0 0 1.0 1 0.0
2448 146 0.357561151738 0.298793915851 -0.0294777177269 0.4953384019 0.854656805203 0.860430373871 0.0731209150327 0 0.00684931506849 18 3.65344923385
48 1 1.0 1.0 nan nan nan nan 1.0 0 48.0 0 0.0
15 1 1.0 1.0 nan nan nan nan 1.0 0 15.0 0 0.0
246 11 0.297669177022 0.568919808217 -0.425295230521 0.631749871728 0.865936719643 0.830006458942 0.223577235772 0 0.0909090909091 2 0.566565861124
22208 1202 0.310583684127 0.150948967179 -0.00389718690637 0.370821886925 0.866108165544 0.860313188827 0.0457492795389 0 0.000831946755408 203 11.8605680977
2193 42 0.297420427249 0.422062316657 -0.10897616082 0.586500536046 0.863060779096 0.861696004092 0.149110807114 0 0.0238095238095 3 2.50085649601
1217749 226 0.0979658148265 0.0065500914616 -0.038326661954 0.00965032931557 0.926826766926 0.212921639051 0.821233275494 0 0.00442477876106 5 14.9011261168
3398 79 0.246452944662 0.230924939421 -0.0677378457368 0.364782060744 0.882390809498 0.774192967112 0.123307828134 0 0.0126582278481 8 3.06602913947
22 2 0.672323781186 0.711764705882 -1.50407739678 0.606630796086 0.795685118499 0.684038435639 0.818181818182 0 2.0 0 0.0
5 4 0.942804531917 0.892857142857 -0.207944154168 0.929763805425 0.441698801228 0.960964047444 0.4 0 0.25 3 1.15470053838
1 1 1.0 1.0 nan nan nan nan 1.0 0 1.0 1 0.0
9593 67 0.188493980822 0.0905352553628 -0.0911044640612 0.209565171085 0.89662280695 0.641364338288 0.374231210257 0 0.0149253731343 6 6.63749002415
48 6 0.320695568639 0.375733855186 -0.732283986028 0.38509453228 0.85753324186 0.599107234931 0.604166666667 0 0.166666666667 3 1.25126693636
1 1 1.0 1.0 nan nan nan nan 1.0 0 1.0 1 0.0
1 1 1.0 1.0 nan nan nan nan 1.0 0 1.0 1 0.0
86 31 0.594385254653 0.358229196939 -0.07601150488 0.541648869753 0.744493448703 0.829292895479 0.174418604651 0 0.0322580645161 21 2.2802162713
205 35 0.409176598554 0.33399562885 -0.106065533026 0.47277474189 0.83248659917 0.798115057748 0.156097560976 0 0.0285714285714 16 1.97703979127
8 8 1.0 1.0 0.0 1.0 -0.0 1.0 0.125 0 0.125 8 0.0
2191 23 0.147073038664 0.356240307802 -0.305368398608 0.431621686956 0.909963420092 0.749790402076 0.222272934733 0 0.0434782608696 5 1.57976832935
43 7 0.406892332573 0.495577593139 -0.556054077165 0.547559761505 0.839906857247 0.747827040888 0.395348837209 0 0.142857142857 3 0.795664457607
3 1 1.0 1.0 nan nan nan nan 1.0 0 3.0 0 0.0
3 1 1.0 1.0 nan nan nan nan 1.0 0 3.0 0 0.0
4 4 1.0 1.0 0.0 1.0 -0.0 1.0 0.25 0 0.25 4 0.0
6 4 0.8583175682 0.75 -0.3295836866 0.821367205046 0.586872155251 0.89624062518 0.5 0 0.25 3 1.15470053838
12510 164 0.145018974849 0.0952295555589 -0.0422040482422 0.183113471933 0.908654460956 0.672381448852 0.182653876898 0 0.00609756097561 53 6.31868172842
7 2 0.569438385813 0.662162162162 -1.79175946923 0.506993065773 0.826755082102 0.591672778582 0.857142857143 0 0.5 1 0.0
1 1 1.0 1.0 nan nan nan nan 1.0 0 1.0 1 0.0
26 15 0.805503798943 0.609009009009 -0.104206602207 0.774198489194 0.637674749839 0.912605122813 0.230769230769 0 0.0666666666667 10 2.12600351707
1 1 1.0 1.0 nan nan nan nan 1.0 0 1.0 1 0.0
5 5 1.0 1.0 0.0 1.0 -0.0 1.0 0.2 0 0.2 5 0.0
5834 93 0.252418202814 0.331099655876 -0.0571250983263 0.489270850072 0.881554607899 0.844751933946 0.109358930408 0 0.010752688172 2 3.35648039819
55 8 0.393403200792 0.469720496894 -0.50131122872 0.54156619433 0.844433597486 0.753438593421 0.418181818182 0 0.125 3 1.18628557689
99 5 0.330800718025 0.575682819383 -0.861086566728 0.613642101029 0.854711766688 0.770267383802 0.515151515152 0 0.2 1 0.91473987429
37085 594 0.228277383427 0.238202156367 -0.00937236087186 0.427237283569 0.88685433795 0.867202543527 0.0330591883511 0 0.0016835016835 52 5.10588967593
31570 150 0.183341691274 0.310572755656 -0.0416068855935 0.446616010194 0.898854229333 0.840772761267 0.0521697814381 0 0.00666666666667 7 2.55405051197
2386 74 0.237830096775 0.387272105886 -0.074244824633 0.509367476146 0.885381734659 0.846272520887 0.0771165129925 0 0.0135135135135 11 1.80251713658
66392 1460 0.292021947124 0.342258798825 -0.00328769002531 0.548434275177 0.869241960661 0.917635431294 0.0158151584528 0 0.000684931506849 88 5.42305944095
284972 1614 0.236909060248 0.258502768017 -0.00334376169888 0.436869714995 0.88336111178 0.887994963399 0.00847100767795 0 0.000619578686493 31 3.73437325932
1308 23 0.19814147126 0.497674329308 -0.256431693532 0.567391713039 0.893077304488 0.829662279023 0.136085626911 0 0.0434782608696 2 0.791821773566
5744 170 0.2468961436 0.136260293281 -0.0315469196864 0.320000504594 0.882641320216 0.7805579349 0.165912256267 0 0.00588235294118 25 7.93463111691
2 1 1.0 1.0 nan nan nan nan 1.0 0 2.0 0 0.0
4024 101 0.253402790438 0.169036002511 -0.0517627440844 0.304249093479 0.879682961676 0.747022934109 0.142395626243 0 0.00990099009901 11 4.06094379096
1 1 1.0 1.0 nan nan nan nan 1.0 0 1.0 1 0.0
2 1 1.0 1.0 nan nan nan nan 1.0 0 2.0 0 0.0
27 7 0.547293559672 0.439421338156 -0.436952146514 0.548114370017 0.798837333528 0.748225936508 0.518518518519 0 0.142857142857 3 1.67235588125
1867 205 0.463233183757 0.385362758099 -0.0176218268236 0.582162189 0.828076929764 0.899021198834 0.0391001606856 0 0.00487804878049 30 2.92352708539
5 3 0.932286320469 0.925925925926 -0.34657359028 0.935872943746 0.512395732156 0.960229717861 0.4 0 0.333333333333 1 -0.707106781187
40 1 1.0 1.0 nan nan nan nan 1.0 0 40.0 0 0.0
208 23 0.417835494214 0.448722203784 -0.169668375339 0.583450447704 0.840299854662 0.837911727618 0.201923076923 0 0.0434782608696 4 1.72554961749
10 7 0.852865131571 0.649350649351 -0.148531538691 0.790581962498 0.512395732156 0.898328912769 0.4 0 0.142857142857 6 2.04124145232
43490 429 0.209558324615 0.139918168709 -0.0135765289711 0.280124795078 0.891751932101 0.791048972446 0.0573235226489 0 0.002331002331 28 5.30836402525
13614 274 0.200625065949 0.231151354594 -0.0220316149959 0.368743701182 0.895490171106 0.823373879638 0.0576612310856 0 0.0036496350365 41 3.63869402596
214 29 0.553534470538 0.616864224138 -0.106176259355 0.738978076487 0.800086773278 0.913764452277 0.107476635514 0 0.0344827586207 4 1.20707168082
4063076 800 0.0693016749684 0.00813964940357 -0.0129084842998 0.0202943666405 0.938544197761 0.425722954331 0.246472130967 0 0.00125 119 16.2824439563
54601 242 0.208562563587 0.319927080987 -0.0241792698505 0.442863619679 0.892242863706 0.85255646153 0.0266112342265 0 0.00413223140496 6 1.90714509457
319 16 0.459797419968 0.477159764423 -0.227391352954 0.592611958645 0.829237676598 0.826462702188 0.222570532915 0 0.1875 0 1.20293773164
2 2 1.0 1.0 0.0 1.0 -0.0 1.0 0.5 0 0.5 2 0.0
1701 16 0.262768364724 0.419700381551 -0.324922535781 0.494240559408 0.879021552978 0.768181167465 0.20811287478 0 0.1875 0 0.997245754358
58 9 0.374632751239 0.262116253701 -0.418550534062 0.327629949258 0.834808950772 0.585630243974 0.620689655172 0 0.111111111111 5 2.19737585612
45810 49 0.250585273421 0.123301533583 -0.100738810257 0.260245203574 0.872752557958 0.668602261581 0.35570836062 0 0.0612244897959 0 5.11993732842
6 6 1.0 1.0 0.0 1.0 -0.0 1.0 0.166666666667 0 0.166666666667 6 0.0
1 1 1.0 1.0 nan nan nan nan 1.0 0 1.0 1 0.0
13 8 0.849911069683 0.728448275862 -0.18153854729 0.83656849959 0.616114395637 0.925787598355 0.307692307692 0 0.125 5 1.57185225283
33 5 0.376738323911 0.294722598106 -0.728482091257 0.261504733653 0.829422998374 0.44481114581 0.818181818182 0 0.2 2 1.49280989882
327 5 0.548756916683 0.702209817764 -0.597109553723 0.722880669388 0.794243171888 0.844270228979 0.360856269113 0 3.0 0 -0.202323274049
192 10 0.25505323807 0.358878504673 -0.506953014487 0.382245579093 0.87601408776 0.647403531303 0.364583333333 0 0.1 2 1.02647358654
556366 1783 0.230372275188 0.296117153091 -0.0030637352464 0.480851001512 0.884735575878 0.902272596345 0.0102810020742 0 0.000560852495794 19 4.21542797949
3721 29 0.22718606733 0.449350733309 -0.186236017957 0.563788456927 0.883445856715 0.837630526969 0.132491265789 0 0.0344827586207 2 1.37278431173
41 6 0.429874113351 0.541908446164 -0.636991368024 0.595479259157 0.837082737647 0.770542827811 0.463414634146 0 0.166666666667 2 0.913635251873
3 1 1.0 1.0 nan nan nan nan 1.0 0 3.0 0 0.0
8 1 1.0 1.0 nan nan nan nan 1.0 0 8.0 0 0.0
89 18 0.528165687952 0.261470918334 -0.170936788802 0.451848192564 0.799950057302 0.747718704413 0.426966292135 0 0.0555555555556 6 3.45837495782
80 35 0.74301079937 0.667361835245 -0.0604001812278 0.793641888911 0.718713218922 0.937074677161 0.075 0 0.0285714285714 17 1.04067530143
20716 200 0.183002998916 0.227785228972 -0.0315837685689 0.348966316786 0.900046750159 0.8030516087 0.0545954817532 0 0.005 17 2.94140751643
7 1 1.0 1.0 nan nan nan nan 1.0 0 7.0 0 0.0
7 1 1.0 1.0 nan nan nan nan 1.0 0 7.0 0 0.0
11 3 0.661362668579 0.761006289308 -0.895879734614 0.750217711039 0.773234301108 0.834202288644 0.545454545455 0 0.333333333333 1 -0.23906314693
547 13 0.21495335131 0.278271051288 -0.447474696353 0.356995543155 0.891621256326 0.649008238795 0.460694698355 0 0.0769230769231 2 2.26367519081
9 2 0.99207560014 0.987804878049 -0.223143551314 0.987666975002 0.267228783393 0.991076059838 0.555555555556 0 2.0 0 0.0
75 4 0.239918657436 0.319820332045 -1.36675765147 0.199341009571 0.884826139121 0.338144099368 0.88 0 0.25 1 1.13873333344
87189 126 0.208542887595 0.0863497127436 -0.0447470231087 0.25493081546 0.888248765067 0.722135198898 0.269059170308 0 0.00793650793651 2 8.59610933428
32 12 0.629013502797 0.298368298368 -0.180216812819 0.475881578017 0.72426551286 0.736498507469 0.5 0 0.0833333333333 8 2.84323783828
51 18 0.581087495175 0.301670146138 -0.124070034127 0.467084677878 0.73198134476 0.757890311426 0.333333333333 0 0.0555555555556 13 2.45658330053
62 1 1.0 1.0 nan nan nan nan 1.0 0 62.0 0 0.0
1844 33 0.226767858709 0.450355706118 -0.166772234401 0.559420266641 0.885572632486 0.840621251175 0.124728850325 0 0.030303030303 2 1.40730473967
320 84 0.557356943282 0.327173274033 -0.0344911273377 0.541106120712 0.788418490598 0.86366070028 0.103125 0 0.0119047619048 37 3.27180172195
8 8 1.0 1.0 0.0 1.0 -0.0 1.0 0.125 0 0.125 8 0.0
59489 1029 0.244150885947 0.437190735059 -0.00514689389064 0.577344049855 0.881194520262 0.920908502842 0.00813595790818 0 0.000971817298348 88 2.01256510686
7 2 0.986830060839 0.98 -0.287682072452 0.979626330053 0.332384213283 0.985228136034 0.571428571429 0 1.5 0 0.0
1472 59 0.25047015195 0.240909137404 -0.0890754731887 0.361530474028 0.880295884666 0.757717575328 0.146739130435 0 0.0169491525424 8 2.85486740716
549 9 0.312452928029 0.174495490285 -0.473145362767 0.177620155351 0.853160065555 0.402400682295 0.792349726776 0 0.333333333333 0 2.44353148073
14856 931 0.316523472446 0.220979267107 -0.00497740570828 0.412981606932 0.864693653804 0.870861155366 0.0226844372644 0 0.00107411385607 188 5.18328550152
234 14 0.516185396703 0.535040062537 -0.223149363798 0.670670616225 0.802783220016 0.861691670118 0.230769230769 0 0.0714285714286 1 1.43602424284
175 41 0.571416971055 0.377057657502 -0.0714591393533 0.583256907581 0.790603740972 0.859474774122 0.16 0 0.0243902439024 13 2.90430418049
14832 65 0.268103627035 0.337046230096 -0.0769315128408 0.498924771494 0.874347508386 0.837109704164 0.129314994606 0 0.0153846153846 1 2.90708661322
3 3 1.0 1.0 0.0 1.0 -0.0 1.0 0.333333333333 0 0.333333333333 3 0.0
17 6 0.636590538523 0.60970464135 -0.429349226697 0.684668141595 0.764272946076 0.829852026695 0.352941176471 0 0.166666666667 3 0.635861294784
83 11 0.48597539065 0.532998065764 -0.319919105281 0.64309173376 0.823742503609 0.836420730242 0.301204819277 0 0.0909090909091 2 1.29123308564
9814 361 0.21269023939 0.171338080613 -0.0157841263809 0.299898845396 0.889400774176 0.79658871707 0.0580802934583 0 0.00277008310249 105 4.71538311608
157525 1540 0.205759403086 0.276195370165 -0.00384746234543 0.436378199617 0.893558377433 0.887130815008 0.00997302015553 0 0.000649350649351 91 3.73527594879
39620 361 0.262302209961 0.298072518495 -0.014220854795 0.497533864995 0.877526354993 0.881930306422 0.0440686521959 0 0.00277008310249 9 4.95530058364
216576 1310 0.289053907889 0.450985791675 -0.00351806784811 0.624925840036 0.863973331465 0.934566944258 0.00916537381797 0 0.000763358778626 27 3.0017154726
14470 977 0.368771550284 0.32354544326 -0.00434132605795 0.516068948617 0.852597883932 0.90405158819 0.0138908085695 0 0.00102354145343 127 3.56464325563
1904 6 0.2591461696 0.460741565437 -0.786650988809 0.531478043331 0.867085745198 0.723729864293 0.553571428571 0 1.16666666667 0 1.48129669893
2057 9 0.0865121614253 0.177951226906 -0.996063709689 0.145032781762 0.929277311427 0.350546610576 0.777831793875 0 0.111111111111 4 2.35781286843
1347 122 0.408523916511 0.299293733635 -0.0321082928733 0.48582635083 0.840879899908 0.851527202336 0.075723830735 0 0.00819672131148 18 3.04645924644
833 100 0.387691269619 0.176011211729 -0.0393383835276 0.368086549204 0.841524935905 0.786671216489 0.183673469388 0 0.01 33 5.72367525788
969 22 0.202308755959 0.186534583836 -0.26975865798 0.273216638279 0.893727347716 0.617169222896 0.443756449948 0 0.0454545454545 3 3.36911369911
300 6 0.517465299395 0.609508329947 -0.550104909689 0.676335468984 0.812718154982 0.824570279613 0.406666666667 0 1.0 0 0.753509834333
24775 160 0.192417987685 0.287408304295 -0.0382145787791 0.422051774295 0.896794471757 0.831709193967 0.0650655903128 0 0.00625 9 2.75007998502
739 26 0.272809120774 0.248637576749 -0.193453742694 0.362934286844 0.875059524682 0.708970408838 0.289580514208 0 0.0384615384615 2 2.62869584122
19 1 1.0 1.0 nan nan nan nan 1.0 0 19.0 0 0.0
1 1 1.0 1.0 nan nan nan nan 1.0 0 1.0 1 0.0
140755 307 0.14142801517 0.0697754670812 -0.0233725451253 0.177469106272 0.911844909969 0.700712395211 0.158040566943 0 0.00325732899023 17 8.98387457211
315230 1068 0.135051194625 0.182623270731 -0.00695926846701 0.297997119305 0.914857763234 0.826706720156 0.0169749072106 0 0.000936329588015 67 3.79877700128
115 58 0.77255616671 0.539047851961 -0.0313765674754 0.750565392467 0.68012519867 0.930742768074 0.104347826087 0 0.0172413793103 34 3.34845827917
3190 31 0.247302088022 0.500114706786 -0.164398795435 0.619667532807 0.876650620721 0.866345848485 0.149843260188 0 0.0645161290323 0 1.67065306492
28243 434 0.187317475807 0.258572954704 -0.0144661184259 0.393279650595 0.899444579633 0.846915993372 0.0342739793931 0 0.00230414746544 52 3.38664368383
20 1 1.0 1.0 nan nan nan nan 1.0 0 20.0 0 0.0
44 15 0.671933311501 0.393495934959 -0.156192640749 0.604969966537 0.743178652217 0.830148756196 0.363636363636 0 0.0666666666667 6 3.018502847
16 3 0.365193465324 0.430976430976 -1.31952866481 0.294745277179 0.842475600306 0.421817199395 0.875 0 0.333333333333 2 0.707106781187
8 6 0.932286320469 0.888888888889 -0.158433641271 0.931370849898 0.483881323454 0.967132018086 0.25 0 0.166666666667 4 0.707106781187
10 5 0.832677472767 0.769230769231 -0.34657359028 0.83818820412 0.666796673144 0.913864688385 0.4 0 0.2 2 0.912870929175
18 2 0.294307015389 0.558620689655 -2.83321334406 0.239315430729 0.888795610226 0.30954342915 0.944444444444 0 0.5 1 0.0
164902 1447 0.190450796505 0.143013134593 -0.00426659748254 0.312710327995 0.89777094405 0.84046712672 0.0368400625826 0 0.000691085003455 101 9.29535396685
1012 13 0.180803736126 0.295681918706 -0.4923231982 0.347922394885 0.901329067677 0.640890868705 0.385375494071 0 0.0769230769231 1 1.73025571904
3377302 211 0.0858614762503 0.0161846567642 -0.0435439800566 0.0275572411576 0.930981840649 0.357821902509 0.444141507037 0 0.00473933649289 8 10.357173137
98 11 0.494747345753 0.396139250949 -0.308918098601 0.540637990691 0.81779759634 0.774551906146 0.418367346939 0 0.0909090909091 1 2.16701276789
3135 52 0.208833614539 0.453579541207 -0.108756197486 0.571752084533 0.888581684005 0.862132392498 0.0803827751196 0 0.0192307692308 8 1.45297736789
10234 1269 0.458222937275 0.302215715689 -0.00285418249014 0.529505863194 0.828505573454 0.91112336036 0.0113347664647 0 0.000788022064618 246 4.50270424092
342 3 0.901653168876 0.900706926027 -0.439779361303 0.911129393138 0.587105330752 0.944407379267 0.429824561404 0 20.3333333333 0 -0.6450629086
8561 351 0.313652175128 0.291710461115 -0.0132671535586 0.474289872713 0.865336669993 0.87326210725 0.0308375189814 0 0.002849002849 41 3.35513511351
1 1 1.0 1.0 nan nan nan nan 1.0 0 1.0 1 0.0
11 3 0.963125436382 0.937984496124 -0.255412811883 0.953453339337 0.41623026032 0.971306738318 0.454545454545 0 1.0 0 0.707106781187
215 30 0.404553290126 0.223471114334 -0.122923938242 0.358866124216 0.831421564833 0.715700160413 0.274418604651 0 0.0333333333333 11 2.84351936853
26 3 0.390137296481 0.691206543967 -1.35402510055 0.624122860315 0.846332874663 0.73743052098 0.576923076923 0 0.333333333333 1 -0.333066546427
574 17 0.23156154548 0.128919214392 -0.317236829677 0.181643779523 0.8832806436 0.480934751421 0.662020905923 0 0.0588235294118 3 3.58439359357
3 1 1.0 1.0 nan nan nan nan 1.0 0 3.0 0 0.0
3779 12 0.141010371748 0.126264341785 -0.587067963159 0.117469600813 0.910232580871 0.333814170252 0.807091823234 0 0.0833333333333 1 2.96778833542
1439 175 0.446641552626 0.336299315861 -0.0212146721452 0.561197474953 0.832498398165 0.889012949924 0.0701876302988 0 0.00571428571429 36 4.68353999056
23 1 1.0 1.0 nan nan nan nan 1.0 0 23.0 0 0.0
6609 44 0.17824596624 0.111885863434 -0.144098526674 0.217717550849 0.900412457813 0.617868413265 0.417007111515 0 0.0227272727273 3 5.34609628259
1390 46 0.3062722175 0.35814196962 -0.103003687091 0.502348284048 0.867583397788 0.825746453604 0.121582733813 0 0.0217391304348 3 2.04959905032
1191 24 0.285078203687 0.318659522847 -0.200535286842 0.443896269969 0.869580570799 0.760456540585 0.248530646516 0 0.0416666666667 2 2.14686865933
207 7 0.211402975214 0.521537506542 -0.816864635096 0.534358465668 0.88977959351 0.738239599322 0.381642512077 0 0.142857142857 2 0.521615938986
86 6 0.401092946019 0.614489863742 -0.647227726684 0.666169945807 0.839550844708 0.818058333278 0.418604651163 0 0.166666666667 1 0.767056411741
132 4 0.307084941185 0.443133265514 -1.2093176113 0.420334878838 0.870220927032 0.588481975272 0.727272727273 0 0.5 0 1.03963925839
29817 92 0.130989430589 0.225085805775 -0.0815592701523 0.306780065153 0.915653452045 0.744048314851 0.123889056578 0 0.0108695652174 5 2.83441407601
1746 175 0.362920526424 0.237298616382 -0.0240795587587 0.433215503518 0.851668492917 0.839476084041 0.0841924398625 0 0.00571428571429 50 4.59804087516
50379 710 0.233472658678 0.190293667152 -0.00778119433811 0.355751159739 0.886001661496 0.842964999092 0.0350542884932 0 0.00140845070423 38 5.15225019276
3 1 1.0 1.0 nan nan nan nan 1.0 0 3.0 0 0.0
2469 42 0.243908175556 0.454342328564 -0.126581018089 0.569774122851 0.881636647518 0.854268329361 0.105305791819 0 0.0238095238095 3 1.43187162844
388 37 0.389508735177 0.15298378541 -0.106907072495 0.32303273837 0.842360022984 0.702317238578 0.389175257732 0 0.027027027027 9 5.01084294193
213 22 0.423272581112 0.279396731165 -0.171182745706 0.469133148499 0.834769780393 0.771367796831 0.356807511737 0 0.0454545454545 5 3.51555644859
6 3 0.743046193508 0.666666666667 -0.69314718056 0.690550788976 0.714635285596 0.789690082143 0.666666666667 0 0.333333333333 2 0.707106781187
99 11 0.327973745211 0.533213644524 -0.395435107802 0.575857228546 0.856143061559 0.796870359206 0.222222222222 0 0.0909090909091 4 0.303280000847
128 6 0.283487551023 0.265732451019 -0.802208806244 0.247317975796 0.869591265319 0.449252449474 0.78125 0 0.166666666667 1 1.72826379746
1 1 1.0 1.0 nan nan nan nan 1.0 0 1.0 1 0.0
2627 22 0.209156027513 0.343940329238 -0.262686584078 0.455186389423 0.890921225746 0.762516362843 0.238294632661 0 0.0909090909091 0 1.90257188702
28 24 0.957581512908 0.907407407407 -0.0241094671499 0.955190868183 0.333942691302 0.986189229603 0.0714285714286 0 0.0416666666667 20 1.788854382
16204 64 0.13956572415 0.191386627321 -0.113603595206 0.300345799173 0.912985480512 0.719379173223 0.188533695384 0 0.015625 4 3.49381000852
1075 133 0.437022381013 0.388088336881 -0.028391462539 0.574906754792 0.835189883563 0.887941881664 0.0651162790698 0 0.00751879699248 30 2.94235635069
2 1 1.0 1.0 nan nan nan nan 1.0 0 2.0 0 0.0
145 49 0.59290745756 0.372143653645 -0.0520521476474 0.571990359551 0.762125222139 0.86035390033 0.144827586207 0 0.0204081632653 29 2.76752038233
466862 1671 0.235403650077 0.346524301724 -0.00311529514747 0.557271079905 0.879178028234 0.921275545482 0.01645239921 0 0.000598444045482 38 6.55188176814
5035 201 0.306617688302 0.437393569473 -0.0235134989865 0.580914207698 0.867258025782 0.898257887443 0.0341608738828 0 0.00497512437811 22 1.88853491565
275 36 0.418633993642 0.245609078036 -0.104778716507 0.427359170449 0.835021546385 0.77296462859 0.276363636364 0 0.0277777777778 10 3.8415909615
4 4 1.0 1.0 0.0 1.0 -0.0 1.0 0.25 0 0.25 4 0.0
210468 1141 0.135420753726 0.22577627184 -0.0065060909973 0.350530826133 0.914755213564 0.851316109092 0.0153990155273 0 0.000876424189308 118 3.52379966439
216 16 0.382186033811 0.432384341637 -0.256886095863 0.568317317193 0.848063379586 0.812920676026 0.287037037037 0 0.0625 2 1.97235662855
37 11 0.583120104062 0.578858350951 -0.258379163724 0.678552863625 0.784621088598 0.855861692846 0.243243243243 0 0.0909090909091 5 0.741762782391
121 36 0.594550161454 0.500239169058 -0.0781710974224 0.663629790219 0.782639331789 0.889480292751 0.132231404959 0 0.0277777777778 16 1.86605740258
2 1 1.0 1.0 nan nan nan nan 1.0 0 2.0 0 0.0
13 9 0.89611812495 0.816425120773 -0.131003084291 0.89388189783 0.552187127495 0.954908028418 0.230769230769 0 0.111111111111 6 1.23800558231
87374 997 0.314415908496 0.4253823341 -0.00458417403885 0.587688396436 0.862869746885 0.923117432959 0.00920182205233 0 0.00100300902708 20 2.2970365111
2 1 1.0 1.0 nan nan nan nan 1.0 0 2.0 0 0.0
57 12 0.537330575482 0.374481327801 -0.258568338263 0.540037460653 0.801516885097 0.779651480508 0.421052631579 0 0.0833333333333 4 2.49403956887
11 1 1.0 1.0 nan nan nan nan 1.0 0 11.0 0 0.0
1 1 1.0 1.0 nan nan nan nan 1.0 0 1.0 1 0.0
27 3 0.576099110181 0.680672268908 -1.07003308175 0.663391625538 0.807747872774 0.768684952347 0.62962962963 0 0.666666666667 0 0.23906314693
572 25 0.245707266435 0.45300657667 -0.213936019627 0.529308337726 0.882328711334 0.813216827035 0.134615384615 0 0.04 6 0.856202798739
2159 23 0.127665508956 0.204718743899 -0.325703463775 0.251756924799 0.915516878148 0.598862875055 0.369615562761 0 0.0434782608696 6 2.63090011616
1052739 1703 0.120472969251 0.0528505749004 -0.00459122667133 0.205598120378 0.919018579944 0.787696980756 0.0840455231544 0 0.000587199060482 100 23.4884353002
4 2 1.0 1.0 0.0 1.0 -0.0 1.0 0.5 0 1.0 0 0.0
30 1 1.0 1.0 nan nan nan nan 1.0 0 30.0 0 0.0
178403 967 0.183080056592 0.158689979422 -0.00651146170086 0.319623058217 0.899731824257 0.834393200686 0.0343660140244 0 0.00103412616339 38 6.96732157776
25803 269 0.130621576248 0.146383875199 -0.0273505401629 0.236719125297 0.913997969783 0.744586366547 0.0891369220633 0 0.00371747211896 68 4.8558854047
36 4 0.350590132954 0.354485776805 -1.06090572531 0.28576961737 0.852669836389 0.446606870576 0.833333333333 0 0.25 1 1.14297275949
51029 381 0.168445976386 0.141956418912 -0.0173490239562 0.281218293192 0.904412920857 0.787652612419 0.0603774324404 0 0.00262467191601 30 5.46931934917
1 1 1.0 1.0 nan nan nan nan 1.0 0 1.0 1 0.0
7554 112 0.234815258588 0.213001187908 -0.0492300730333 0.376320161819 0.885781510915 0.795988932695 0.136483981996 0 0.00892857142857 7 4.61676925105
680 2 0.280277427237 0.554104254044 -2.91390225531 0.224855336678 0.891815216508 0.292611367691 0.948529411765 0 17.5 0 0.0
35 1 1.0 1.0 nan nan nan nan 1.0 0 35.0 0 0.0
2289 241 0.393307163955 0.397011578265 -0.0168558289809 0.58191376462 0.846339403493 0.901827495029 0.0498034076016 0 0.00414937759336 57 3.75931071049
513 2 0.983042365566 0.974490664968 -0.326455458378 0.973879554303 0.368232869079 0.981033959546 0.58089668616 0 107.5 0 0.0
184 12 0.305304354871 0.342145686798 -0.392834806917 0.422531200338 0.866924514173 0.696715805631 0.342391304348 0 0.0833333333333 2 1.58163259018
42 5 0.832742303779 0.824299065421 -0.342181666886 0.867578532203 0.663270679349 0.930423391601 0.333333333333 0 0.8 0 0.0460847790882
12678 303 0.235435565739 0.290031811932 -0.0181745662519 0.450780029024 0.885641970465 0.861253082193 0.0399116579902 0 0.003300330033 39 3.22958879736
508 91 0.54430684558 0.532857597119 -0.0350962487378 0.68684840616 0.806823371592 0.917832951407 0.0551181102362 0 0.010989010989 19 1.72125234468
167962 600 0.141996911145 0.181607280489 -0.0119863979007 0.318872331461 0.912044199779 0.821881626167 0.0293756921208 0 0.00166666666667 44 4.43748007532
31 3 0.590847306258 0.568975725281 -1.01844096363 0.549801949996 0.79863166645 0.675168770218 0.741935483871 0 1.0 0 0.680971899702
2396 11 0.161236201366 0.30072971594 -0.61140190712 0.329414205528 0.906029755717 0.607721195214 0.437813021703 0 0.363636363636 0 1.61647273543
205 2 0.644633801737 0.697510373444 -1.58045037556 0.579399218128 0.804938051446 0.659375881279 0.829268292683 0 17.5 0 0.0
985 22 0.373279596852 0.49806467179 -0.190711949161 0.609561115891 0.851046197073 0.849139214591 0.164467005076 0 0.0909090909091 0 1.17906067657
2296 135 0.34680303593 0.453109856201 -0.0326601130224 0.596094716051 0.858014834044 0.895551395506 0.0400696864111 0 0.00740740740741 18 1.780179396
104 38 0.63971192664 0.37849944009 -0.0621818166159 0.588774717543 0.745128568154 0.859385198012 0.163461538462 0 0.0263157894737 21 2.72695503477
16 1 1.0 1.0 nan nan nan nan 1.0 0 16.0 0 0.0
96604 986 0.346703395732 0.388040166305 -0.0043352417942 0.584219530518 0.853698478677 0.922137556512 0.0158896111962 0 0.00101419878296 16 3.88287336789
18163 529 0.23480775013 0.225050504187 -0.0104072371404 0.410814853349 0.885612187766 0.858570113017 0.0328690194351 0 0.00189035916824 92 4.86179225164
4 1 1.0 1.0 nan nan nan nan 1.0 0 4.0 0 0.0
1 1 1.0 1.0 nan nan nan nan 1.0 0 1.0 1 0.0
6 2 0.634155692747 0.692307692308 -1.60943791243 0.569192583214 0.808240892005 0.650022421648 0.833333333333 0 0.5 1 0.0
1456804 1673 0.187442157701 0.0286194305096 -0.00356876421934 0.134498075056 0.894353810631 0.730225607457 0.111202330581 0 0.000597728631201 29 21.7444884999
19 6 0.657361310335 0.633333333333 -0.431566547227 0.710594404738 0.765377109881 0.845973043691 0.368421052632 0 0.166666666667 2 0.661927716618
1 1 1.0 1.0 nan nan nan nan 1.0 0 1.0 1 0.0
5220 96 0.209933525992 0.267603595484 -0.060637027319 0.422818165535 0.891693999485 0.814498464458 0.101724137931 0 0.0104166666667 14 3.28774245572
6 6 1.0 1.0 0.0 1.0 -0.0 1.0 0.166666666667 0 0.166666666667 6 0.0
202 13 0.395534154076 0.432933687003 -0.31111872771 0.561743998596 0.845692507495 0.797879914832 0.336633663366 0 0.0769230769231 1 1.91403019604
287 92 0.591864369957 0.274552351239 -0.027688663302 0.513699306002 0.761853647279 0.854951213669 0.121951219512 0 0.0108695652174 54 4.33358537314
40822 1218 0.282554523934 0.136881111484 -0.00406531901807 0.334139794819 0.873136824998 0.845944209063 0.031159668806 0 0.000821018062397 110 8.2268775672
4 1 1.0 1.0 nan nan nan nan 1.0 0 4.0 0 0.0
435 80 0.463712339024 0.324771728683 -0.0433151098173 0.505532550908 0.821141827946 0.847104857219 0.101149425287 0 0.0125 29 2.76405098528
736 150 0.533516452308 0.381744890768 -0.0209490532677 0.577588155289 0.803858291033 0.891424853205 0.0448369565217 0 0.00666666666667 42 2.53573996296
16876109 1262 0.0811243697962 0.00570072998835 -0.00751096850342 0.0130212348883 0.933085330965 0.400199562109 0.296282810214 0 0.000792393026941 96 21.8415097948
70 28 0.713226016595 0.629496402878 -0.0809118159069 0.766447277034 0.735371657893 0.923424489887 0.114285714286 0 0.0357142857143 13 1.30599912081
4 4 1.0 1.0 0.0 1.0 -0.0 1.0 0.25 0 0.25 4 0.0
84 33 0.62482247139 0.289726533629 -0.0604963686508 0.490453566519 0.704371204826 0.80511199266 0.202380952381 0 0.030303030303 25 2.85807286909
96 51 0.768177403464 0.426193118757 -0.0319131421736 0.680898196445 0.649254463735 0.904574797811 0.145833333333 0 0.0196078431373 35 3.92170836244
1 1 1.0 1.0 nan nan nan nan 1.0 0 1.0 1 0.0
14444 198 0.197046590507 0.365073776496 -0.0306816714299 0.485452170321 0.896137536328 0.864353373644 0.0385627250069 0 0.00505050505051 20 1.88067181842
1 1 1.0 1.0 nan nan nan nan 1.0 0 1.0 1 0.0
1 1 1.0 1.0 nan nan nan nan 1.0 0 1.0 1 0.0
4768 438 0.381407882197 0.15927245539 -0.00937722523352 0.411689394487 0.847958250212 0.854620683395 0.0847315436242 0 0.00228310502283 98 10.293135631
614156 1746 0.239413400334 0.22904169963 -0.00305696439805 0.460316194021 0.882092983009 0.896160510062 0.0270354763285 0 0.00057273768614 16 11.1046545676
3779 107 0.4225814809 0.401547040392 -0.0357451125712 0.583088524758 0.837196009057 0.885988506505 0.0547763958719 0 0.00934579439252 2 2.42126780517
6 6 1.0 1.0 0.0 1.0 -0.0 1.0 0.166666666667 0 0.166666666667 6 0.0
192 5 0.223036543266 0.457937888199 -1.15161986736 0.446985005554 0.89053109079 0.637056559878 0.588541666667 0 0.2 1 0.891977529954
140 49 0.609104327955 0.311526479751 -0.0482290755435 0.52245476103 0.745159090529 0.837933209112 0.142857142857 0 0.0204081632653 30 3.02017909431
883 6 0.142171837488 0.227004712518 -1.19025174701 0.147894574088 0.911432290069 0.308960063454 0.849377123443 0 0.333333333333 0 1.73347046847
112 35 0.63072639533 0.461855670103 -0.07530234813 0.662350548537 0.769134580167 0.888196488688 0.169642857143 0 0.0285714285714 15 2.92564888438
4 1 1.0 1.0 nan nan nan nan 1.0 0 4.0 0 0.0
729 6 0.349377620199 0.426459471822 -0.738483096136 0.458020929271 0.858690109412 0.664664756697 0.548696844993 0 1.66666666667 0 1.12637325556
7 6 0.957581512908 0.907407407407 -0.0990210257943 0.948469498411 0.341285049491 0.975503759006 0.285714285714 0 0.166666666667 5 1.788854382
170 4 0.164364768199 0.281632493958 -1.64782844142 0.103707601715 0.904146317382 0.195401410315 0.941176470588 0 0.25 1 1.15084481439
658226 1747 0.197173338404 0.378403362916 -0.00332517145538 0.539994351771 0.891473108812 0.917527789195 0.00738044379894 0 0.000572409845449 35 2.97636649399
1439 71 0.316260472413 0.408068790237 -0.0656631127773 0.554635094599 0.865485524399 0.864357943322 0.0854760250174 0 0.0140845070423 10 2.05739331548
7284 403 0.282600739865 0.239720016844 -0.0123087313411 0.410167739874 0.873357488491 0.852035920304 0.0376166941241 0 0.00248138957816 90 4.1428861252
19422 737 0.246833412235 0.105069830468 -0.00709127726403 0.233461631036 0.879643271556 0.780344855427 0.0497888991865 0 0.00135685210312 180 6.98736544515
43017 200 0.146658614475 0.0257255635955 -0.0354256457482 0.0985545670795 0.910736660545 0.571104113001 0.430109026664 0 0.005 21 13.2156014234
2 2 1.0 1.0 0.0 1.0 -0.0 1.0 0.5 0 0.5 2 0.0
55 2 0.156786467424 0.518512170038 -3.98898404656 0.0951333331977 0.920616781164 0.131106529582 0.981818181818 0 0.5 1 0.0
1787 71 0.280923014289 0.443591058249 -0.0699639716632 0.57334632959 0.873531866076 0.871949347964 0.0828203693341 0 0.0140845070423 9 1.85266247121
16 10 0.83486300782 0.64 -0.138198226537 0.792937634532 0.601228504316 0.910434357385 0.3125 0 0.1 7 2.19444444444
379 46 0.460118199147 0.256943177387 -0.0778106482865 0.481885509333 0.826560358291 0.815353773264 0.242744063325 0 0.0217391304348 9 4.72096346863
20 4 0.434709436715 0.423728813559 -0.922276289197 0.408441523549 0.831482025988 0.577007886536 0.75 0 0.25 2 1.08952042326
2 2 1.0 1.0 0.0 1.0 -0.0 1.0 0.5 0 0.5 2 0.0
1 1 1.0 1.0 nan nan nan nan 1.0 0 1.0 1 0.0
32 3 0.236177792486 0.378418329638 -1.70059869083 0.159657958451 0.876778729665 0.252239448211 0.9375 0 0.333333333333 2 0.707106781187
55 5 0.260230331149 0.241324291982 -0.851719319142 0.132681940145 0.853169658587 0.264529174772 0.909090909091 0 0.2 3 1.49853160629
17865 371 0.192889114133 0.230806438326 -0.0166049148757 0.37777619903 0.897553320453 0.836208500195 0.0436607892527 0 0.00269541778976 62 3.94889408449
34768 248 0.192427220203 0.311183366518 -0.0247974881374 0.440181252068 0.897379020763 0.852096825583 0.033191440405 0 0.00403225806452 11 2.37034940839
209186 1344 0.227643948934 0.263360741886 -0.00413171726224 0.43829628366 0.886571993522 0.885622562885 0.0165833277562 0 0.000744047619048 36 4.34298724739
73 14 0.465704111067 0.458053979715 -0.250650223387 0.569703664007 0.823265261092 0.806713547009 0.246575342466 0 0.0714285714286 5 1.21964897077
578536 448 0.120815880709 0.0136214346204 -0.0171888407424 0.0630541865728 0.917788623537 0.552625180937 0.389050983863 0 0.00223214285714 27 19.0199240632
2828 33 0.272624072595 0.282036367586 -0.151450812636 0.439695541634 0.874282075453 0.775837901278 0.247171145686 0 0.030303030303 1 3.10838418288
376 4 0.613053276933 0.549195102244 -0.724566957009 0.597909738149 0.788487127213 0.741096096289 0.635638297872 0 6.25 0 1.04089623851
360 26 0.410832174412 0.446250258247 -0.151461588979 0.585968039199 0.841685638652 0.844179976865 0.147222222222 0 0.0384615384615 3 1.59523716522
1 1 1.0 1.0 nan nan nan nan 1.0 0 1.0 1 0.0
1342 83 0.279832726488 0.202644490323 -0.0594103173361 0.368346314014 0.872623293902 0.778611256606 0.184053651267 0 0.0120481927711 25 4.87537642408
6 1 1.0 1.0 nan nan nan nan 1.0 0 6.0 0 0.0
715 26 0.261971239182 0.486635317411 -0.196518689163 0.584373999536 0.87695959224 0.843397382759 0.13986013986 0 0.0384615384615 4 1.13155875972
26 1 1.0 1.0 nan nan nan nan 1.0 0 26.0 0 0.0
623 13 0.222032221322 0.248632813876 -0.436449223075 0.339233292878 0.88893797344 0.632955381994 0.516853932584 0 0.0769230769231 2 2.67115082978
349 48 0.401345045628 0.265625545204 -0.080179734846 0.437887440483 0.838163909515 0.793500476387 0.203438395415 0 0.0208333333333 17 3.47717869048
35 1 1.0 1.0 nan nan nan nan 1.0 0 35.0 0 0.0
1 1 1.0 1.0 nan nan nan nan 1.0 0 1.0 1 0.0
1 1 1.0 1.0 nan nan nan nan 1.0 0 1.0 1 0.0
1 1 1.0 1.0 nan nan nan nan 1.0 0 1.0 1 0.0
15181 629 0.262178884973 0.367663558098 -0.00829668389151 0.504233812069 0.879470861294 0.893988301643 0.0116593109808 0 0.00158982511924 108 2.03497319594
2 2 1.0 1.0 0.0 1.0 -0.0 1.0 0.5 0 0.5 2 0.0
21331 654 0.272981762981 0.309427245612 -0.00778159085823 0.472084019538 0.876480400524 0.88448596746 0.0158923632272 0 0.00152905198777 67 2.95460227597
151 4 0.409132776783 0.521380225007 -1.02285419114 0.529821348703 0.847393017492 0.686326763621 0.649006622517 0 1.0 0 0.904265043875
7 2 0.986830060839 0.98 -0.287682072452 0.979626330053 0.332384213283 0.985228136034 0.571428571429 0 1.5 0 0.0
219 3 0.216119741552 0.490624520485 -2.03593585319 0.362286514813 0.896686140694 0.496061719325 0.803652968037 0 1.0 0 0.578159207353
17 14 0.933934800519 0.825714285714 -0.0481463268986 0.915946965342 0.377576487603 0.969207387579 0.176470588235 0 0.0714285714286 12 2.49357071082
166 2 0.93335355204 0.910641110377 -0.648296614395 0.902650244438 0.581763618502 0.928010381901 0.656626506024 0 28.5 0 0.0
92 3 0.36617227463 0.455053763441 -1.48520723278 0.33891603391 0.859448903698 0.471051097464 0.847826086957 0 1.33333333333 0 0.690192313035
41 2 0.999621134867 0.999405469679 -0.0487901641694 0.999405145488 0.0619255130791 0.999570839347 0.512195121951 0 10.0 0 0.0
8898 89 0.306808949681 0.471543118918 -0.0508217432108 0.624295789494 0.861480742175 0.896540537035 0.0721510451787 0 0.0112359550562 3 2.17847260854
822 7 0.137746654178 0.502395674402 -0.995134295029 0.515358389541 0.909229787118 0.724119038799 0.367396593674 0 0.142857142857 1 0.650588953007
7 1 1.0 1.0 nan nan nan nan 1.0 0 7.0 0 0.0
2646 45 0.207656502233 0.106437935012 -0.128159669063 0.182685775091 0.890700179224 0.578316880016 0.381330309902 0 0.0222222222222 5 4.5014580656
13 1 1.0 1.0 nan nan nan nan 1.0 0 13.0 0 0.0
155 24 0.454115416547 0.341302988976 -0.149924971577 0.510620173527 0.827427722913 0.800830137936 0.251612903226 0 0.0416666666667 7 2.56865374961
225 4 0.649156348006 0.783038421085 -0.63427122666 0.797057768235 0.760977384314 0.880892257332 0.422222222222 0 3.0 0 -0.271143623629
55923 220 0.287689814928 0.33455108632 -0.021885413011 0.519858522487 0.869631767695 0.879485712414 0.0453838313395 0 0.00454545454545 2 3.35185153829
10218 250 0.210145231364 0.100095365602 -0.023064862669 0.225006138573 0.890682162349 0.732327301067 0.149246427872 0 0.004 51 8.06961960912
9726 843 0.380786083487 0.400324030504 -0.00494323224905 0.566768834042 0.850063983631 0.915852723368 0.0113098910138 0 0.0011862396204 152 2.35686166741
67368 1619 0.286830928462 0.358115276286 -0.00302545374095 0.532580766779 0.871791958537 0.914815166976 0.00742192138701 0 0.000617665225448 114 3.1213377973
36 27 0.905748241363 0.774193548387 -0.0351311153967 0.890029976003 0.483191125295 0.96603765 0.111111111111 0 0.037037037037 21 2.38068025656
7 4 0.779821023558 0.644736842105 -0.415888308336 0.723344274975 0.655432872776 0.8322488896 0.571428571429 0 0.25 3 1.15470053838
35 4 0.424515829314 0.514705882353 -0.996609843572 0.526215597923 0.843532292523 0.683307087848 0.657142857143 0 0.25 1 0.943876635877
11 8 0.898523539705 0.796052631579 -0.132809784803 0.883829566644 0.519279110939 0.948450312207 0.272727272727 0 0.125 6 1.56430424346
29 15 0.826080113093 0.747555555556 -0.11394333143 0.850384838261 0.662985421495 0.944459920669 0.172413793103 0 0.0666666666667 7 1.2594929288
48 7 0.456704849571 0.393711551606 -0.511931276922 0.48988583658 0.826755082102 0.704558150302 0.5625 0 0.142857142857 2 1.7779381039
29 1 1.0 1.0 nan nan nan nan 1.0 0 29.0 0 0.0
1780 27 0.175931283588 0.077056322033 -0.226404657973 0.101710363587 0.896771133968 0.392377066214 0.674157303371 0 0.037037037037 8 4.56006299503
2270 133 0.329877061882 0.249958767887 -0.0339599544561 0.425291383428 0.861288795354 0.827236948681 0.0881057268722 0 0.00751879699248 18 3.83456096865
324991 1179 0.242440105486 0.356388381038 -0.00444459108401 0.533336412944 0.879955038662 0.911224044031 0.0115049339828 0 0.000848176420696 16 3.41568259592
937 36 0.479647849055 0.513594351433 -0.0959385158142 0.67395672585 0.820581097272 0.893612763146 0.140875133404 0 0.0277777777778 1 2.19972103473
24420 216 0.246895258495 0.377579488655 -0.0245679713374 0.526078692858 0.88142480128 0.881281960714 0.0321457821458 0 0.00462962962963 7 2.23558073274
4 2 0.813438684068 0.8 -1.09861228867 0.754765350603 0.728097636328 0.811278124459 0.75 0 0.5 1 0.0
196 28 0.482958419109 0.379424778761 -0.123516501442 0.547500009473 0.820811035128 0.827950907287 0.183673469388 0 0.0357142857143 5 2.22630865972
21 3 0.991204310768 0.986577181208 -0.143841036226 0.989795790986 0.259347932513 0.993786661006 0.380952380952 0 2.0 0 0.0
93316 775 0.164275626444 0.096650106672 -0.00862311985051 0.241902178886 0.905440833188 0.787281617448 0.0638261391401 0 0.00129032258065 89 9.1938549868
3874 275 0.302968908694 0.275401411701 -0.0172417072372 0.430984288915 0.867672922273 0.851000844959 0.0376871450697 0 0.00363636363636 71 2.95816206404
33090 251 0.165888144529 0.353649906008 -0.0265801517688 0.459377858583 0.905283028395 0.860064961503 0.0261710486552 0 0.00398406374502 15 1.69337914752
1 1 1.0 1.0 nan nan nan nan 1.0 0 1.0 1 0.0
66 23 0.605399102922 0.198940445744 -0.0908256214066 0.39220298723 0.715772703026 0.722286100407 0.439393939394 0 0.0434782608696 17 4.05429903654
10 2 0.440477251561 0.609756097561 -2.19722457734 0.384145488462 0.85755660387 0.468995593589 0.9 0 0.5 1 0.0
1 1 1.0 1.0 nan nan nan nan 1.0 0 1.0 1 0.0
21 19 0.971212324254 0.928421052632 -0.0206728106483 0.966813610137 0.238267512288 0.989150878635 0.0952380952381 0 0.0526315789474 17 2.57247877714
551 97 0.448372013911 0.2878605 -0.0362602962841 0.474213961795 0.82365392142 0.839392901652 0.101633393829 0 0.0103092783505 36 3.30097116245
60691 962 0.240910721821 0.394956784153 -0.00557528617791 0.550307290943 0.882650922934 0.913171042898 0.0126872188628 0 0.0010395010395 67 2.72575266696
1 1 1.0 1.0 nan nan nan nan 1.0 0 1.0 1 0.0
38 12 0.552513449132 0.305414551607 -0.211410148957 0.451842418211 0.760963419887 0.719057829891 0.473684210526 0 0.0833333333333 8 2.47693936845
263 2 0.337822893503 0.573074947389 -2.61088645265 0.283496083758 0.879542043064 0.360078893925 0.931558935361 0 9.0 0 0.0
28394 829 0.238001557391 0.193074667259 -0.00660277099814 0.347403735062 0.884963376835 0.843010461639 0.0260618440516 0 0.00120627261761 126 4.76304043049
35 7 0.697692759276 0.799086757991 -0.320400709505 0.84094573758 0.732992553423 0.924679408352 0.257142857143 0 0.142857142857 1 -0.217561100514
6094 187 0.353744518535 0.39244157797 -0.0230105315198 0.579690213377 0.854631450056 0.896505378195 0.0584181161798 0 0.00534759358289 10 3.54928777888
639 15 0.268703358912 0.519641118641 -0.328098155408 0.608893543859 0.872381828226 0.832284584192 0.222222222222 0 0.0666666666667 2 1.06201079584
19680 358 0.247416550612 0.262150434917 -0.0149853164827 0.430926436427 0.882679104578 0.857472800902 0.0321646341463 0 0.00279329608939 22 3.5818182671
61006 292 0.128728861528 0.0389207472953 -0.0253005233861 0.0978012615239 0.914348258885 0.595946063731 0.233747500246 0 0.00342465753425 57 10.5615678707
1941 87 0.287186616535 0.158237490492 -0.0550496818101 0.303058930983 0.868957866919 0.738521686687 0.187017001546 0 0.0114942528736 19 4.58884976918
7 1 1.0 1.0 nan nan nan nan 1.0 0 7.0 0 0.0
21 6 0.660630717681 0.7 -0.431566547227 0.761392337868 0.765377109881 0.876270083167 0.333333333333 0 0.166666666667 2 0.374087811833
78075 286 0.123757451006 0.104079068434 -0.0269085360239 0.187343418283 0.917738345319 0.706548610778 0.0999039385207 0 0.0034965034965 27 5.55518681672
678 77 0.385134546171 0.37405526804 -0.0532428019162 0.535080954676 0.847689557 0.858622508992 0.0899705014749 0 0.012987012987 21 2.4078169904
4343 93 0.384347335458 0.562515927487 -0.042109265969 0.694861321555 0.840838992316 0.920722708677 0.046511627907 0 0.010752688172 4 1.40347455115
104 6 0.710428147136 0.73518216422 -0.39300084641 0.80222564729 0.744653511721 0.899485178853 0.355769230769 0 0.666666666667 0 0.691108562066
2204 441 0.540087387714 0.357839070482 -0.00715661639268 0.595751137005 0.804657737246 0.915192812977 0.0349364791289 0 0.00226757369615 124 4.93946275203
1629 48 0.236087886885 0.101089237225 -0.112312203734 0.208351125326 0.883237452697 0.614499662909 0.420503376304 0 0.0208333333333 8 5.63666606398
5913 16 0.156714692596 0.0911593912351 -0.400037293 0.0727125361289 0.901335061603 0.265994452243 0.819719262642 0 0.0625 1 3.50962588647
3 2 0.923898109345 0.9 -0.69314718056 0.889881574842 0.602169971904 0.918295834054 0.666666666667 0 0.5 1 0.0
3975 442 0.401095786821 0.344078351817 -0.00902792858648 0.539465780975 0.8436793322 0.898996048027 0.0254088050314 0 0.00226244343891 113 3.42902355407
8 6 0.894265363295 0.761904761905 -0.156944612667 0.859740451425 0.480880175749 0.930628224417 0.375 0 0.166666666667 5 1.788854382
1741 63 0.277266637503 0.0457568784782 -0.0741132626826 0.096622133555 0.865682778559 0.469345689343 0.571510626077 0 0.015873015873 20 7.18447934148
1691 25 0.165632885947 0.183619338112 -0.259897666669 0.228836035325 0.902782747351 0.5811285493 0.361324659965 0 0.04 5 2.62195754539
506 65 0.396524032719 0.270425331911 -0.0605173029686 0.470375365281 0.841516679377 0.823435143326 0.177865612648 0 0.0153846153846 23 4.37126437447
8812 55 0.166706271306 0.217538084684 -0.118614464459 0.384775518786 0.90316943043 0.7688142069 0.226963231956 0 0.0181818181818 3 4.47669775492
5 2 0.714865583331 0.735294117647 -1.38629436112 0.649384888466 0.779632848843 0.721928094887 0.8 0 0.5 1 0.0
77694 1118 0.271389969541 0.367894876392 -0.00444419600126 0.54678408361 0.873560848208 0.914099631923 0.0109017427343 0 0.000894454382826 63 3.21678991298
356 11 0.212655723313 0.485400006128 -0.508554569291 0.554433050508 0.88738746384 0.783436676485 0.311797752809 0 0.0909090909091 3 1.15151671464
79 27 0.592198613888 0.329740582237 -0.0894147013574 0.515058514535 0.749998449961 0.809093213163 0.215189873418 0 0.037037037037 17 2.43386963314
459 9 0.222309082415 0.278443220611 -0.635992454837 0.31915523444 0.889890566782 0.577028130952 0.583877995643 0 0.111111111111 1 1.9763259025
2 1 1.0 1.0 nan nan nan nan 1.0 0 2.0 0 0.0
1715 44 0.279666642372 0.389747728876 -0.113100790497 0.525559531549 0.873754453807 0.835372214521 0.137609329446 0 0.0227272727273 4 2.00931123177
1 1 1.0 1.0 nan nan nan nan 1.0 0 1.0 1 0.0
70517 612 0.136485216617 0.210207488911 -0.0120762766777 0.31990521574 0.914381789858 0.822921891985 0.0245898152219 0 0.0016339869281 104 3.29888189998
9014 416 0.255153954575 0.188881819721 -0.012443792818 0.324735129548 0.878516518666 0.814323052547 0.0399378744176 0 0.00240384615385 95 3.96261776334
59612 986 0.191794381993 0.258469513681 -0.00628066632922 0.40816187736 0.898078774408 0.870225340139 0.0235858551969 0 0.00101419878296 124 4.30253912759
61157 496 0.168756325437 0.20789372575 -0.0133263432113 0.344157295194 0.904411326931 0.828758752904 0.0344032571905 0 0.00201612903226 45 3.88535094065
2769 125 0.359890725336 0.317247684215 -0.0343937501311 0.504016131674 0.854508998957 0.859722180526 0.0736728060672 0 0.008 8 3.31072929302
12 4 0.759053200604 0.782608695652 -0.552146091786 0.814725540572 0.729333269234 0.892079563926 0.416666666667 0 0.25 1 0.0
411 53 0.49865444255 0.40227043787 -0.0636187891664 0.584804387705 0.816453435323 0.868228562973 0.102189781022 0 0.0188679245283 8 2.34480026077
9659 353 0.229592764801 0.193486226659 -0.0157505819939 0.343115605746 0.886710352874 0.818582652715 0.0542499223522 0 0.0028328611898 81 4.79346917588
1 1 1.0 1.0 nan nan nan nan 1.0 0 1.0 1 0.0
40 24 0.826210920503 0.606060606061 -0.060781006623 0.790572352641 0.617428193448 0.929510065852 0.175 0 0.0416666666667 16 2.78601096154
7776 432 0.284547099893 0.260154864707 -0.0114578644369 0.427157761475 0.873092873486 0.860342296328 0.0360082304527 0 0.00231481481481 92 3.95707288459
2 2 1.0 1.0 0.0 1.0 -0.0 1.0 0.5 0 0.5 2 0.0
15689 126 0.231760897298 0.402944707116 -0.043691677848 0.535984444789 0.88560655448 0.872463431994 0.0476129772452 0 0.00793650793651 2 1.83753877485
9511 158 0.177322123427 0.278101188411 -0.0406955091051 0.412180337025 0.901777450831 0.826707704603 0.0688676269583 0 0.00632911392405 27 3.00103516168
70 6 0.593010096736 0.602261553589 -0.49690638291 0.676466344867 0.793978944981 0.824653624143 0.414285714286 0 0.5 0 0.80446489715
59386 1146 0.354933207792 0.468643471173 -0.00362191781208 0.646109566508 0.849492417923 0.938059864654 0.00983396760179 0 0.00087260034904 49 3.10421751854
60 3 0.454823376523 0.486618004866 -1.2527629685 0.407950875915 0.834444975542 0.543032499685 0.816666666667 0 1.33333333333 0 0.695813188943
144 22 0.382467956453 0.281021304277 -0.172659275624 0.401239920227 0.836120932213 0.725799120589 0.298611111111 0 0.0454545454545 10 2.30588776407
5 1 1.0 1.0 nan nan nan nan 1.0 0 5.0 0 0.0
1017 6 0.205674619573 0.251537623065 -0.981900635747 0.210851042832 0.892961098328 0.401791294212 0.805309734513 0 0.666666666667 0 1.73721953135
23403 1608 0.424992181901 0.413102103522 -0.00239568367476 0.600795020373 0.838310014956 0.931043503448 0.00683673033372 0 0.000621890547264 140 2.96149609766
3196 228 0.359167177165 0.272536349329 -0.0188802473671 0.508138238833 0.854687765538 0.876087230054 0.0863579474343 0 0.00438596491228 39 7.02914403279
4467 104 0.198593959243 0.191632640196 -0.0579051732345 0.307910617978 0.89524262937 0.750976275812 0.116633087083 0 0.00961538461538 19 3.4471990079
188 27 0.393598651595 0.369367109773 -0.146526354786 0.513024054325 0.8423848735 0.807975965429 0.212765957447 0 0.037037037037 10 2.18743234076
1 1 1.0 1.0 nan nan nan nan 1.0 0 1.0 1 0.0
3 3 1.0 1.0 0.0 1.0 -0.0 1.0 0.333333333333 0 0.333333333333 3 0.0
5637 216 0.268748830111 0.239039684487 -0.0237371398166 0.403387633988 0.877374750946 0.832374561804 0.0645733546213 0 0.00462962962963 30 3.86562911154
50 26 0.78438607269 0.616370808679 -0.0685818444783 0.779257676928 0.674619530586 0.92677401325 0.14 0 0.0384615384615 15 1.98050663834
342 8 0.237987514468 0.517943176987 -0.67678638311 0.549414065034 0.883728920259 0.758921391247 0.359649122807 0 0.125 1 0.655840399794
7523 785 0.384297596118 0.167097872778 -0.00510464382798 0.37358889013 0.844308872816 0.852608426001 0.0437325535026 0 0.00127388535032 210 7.15987312965
43 4 0.806957606818 0.798359240069 -0.48751045496 0.839356076137 0.698342413572 0.907391731149 0.441860465116 0 1.0 0 0.394175346389
1610 8 0.165447088278 0.216815174871 -0.826721064755 0.219476228395 0.904466883443 0.447581504228 0.747826086957 0 0.25 0 2.18713758982
167 29 0.481548857555 0.283433438011 -0.115886891985 0.473685601588 0.815881641142 0.789263167446 0.263473053892 0 0.0344827586207 10 3.18149459707
63806 372 0.196276795676 0.00436983671303 -0.0158661346309 0.00928072669555 0.893153269347 0.251966589021 0.783625364386 0 0.00268817204301 94 19.1639094845
13063 202 0.157441072246 0.236147642142 -0.0337475213673 0.359781344688 0.907274238173 0.809073655807 0.0546581949016 0 0.0049504950495 48 3.11769888352
5 4 0.942804531917 0.892857142857 -0.207944154168 0.929763805425 0.441698801228 0.960964047444 0.4 0 0.25 3 1.15470053838
92 49 0.792612306515 0.621347819703 -0.0355163014019 0.790270504701 0.667974697009 0.940907219343 0.0869565217391 0 0.0204081632653 29 2.23452684919
14957 103 0.27855353335 0.468538157344 -0.0475929369847 0.599667326742 0.871890281798 0.891057345535 0.0518820619108 0 0.00970873786408 1 1.54726229701
12 6 0.802271559629 0.75 -0.312013024348 0.823464064114 0.687671050712 0.911188669681 0.333333333333 0 0.166666666667 3 0.649519052838
1 1 1.0 1.0 nan nan nan nan 1.0 0 1.0 1 0.0
957 19 0.298567046614 0.255946068079 -0.250188684747 0.377724881458 0.868000590652 0.697586763505 0.366771159875 0 0.105263157895 0 2.61198552347
236 5 0.61549629029 0.681379985319 -0.567279334443 0.723586142732 0.784215425697 0.844720619657 0.368644067797 0 2.4 0 0.186625775608
1332 98 0.353775937652 0.267254089496 -0.0441701665272 0.464079988277 0.855465312933 0.835116920591 0.127627627628 0 0.0102040816327 18 4.37750241765
366 20 0.324971706086 0.504048765804 -0.228694725986 0.596312058834 0.862970683662 0.838536070323 0.158469945355 0 0.05 2 0.933011222723
2529 85 0.288017755706 0.157485570543 -0.0566973697008 0.304183629549 0.869749749027 0.738091563981 0.203242388296 0 0.0117647058824 10 4.82525380725
2 2 1.0 1.0 0.0 1.0 -0.0 1.0 0.5 0 0.5 2 0.0
1185 16 0.145523835705 0.202238583704 -0.441683735843 0.258363910532 0.910509919308 0.571384486637 0.506329113924 0 0.0625 4 2.83998945342
447 50 0.47828837141 0.396564453706 -0.0690479193909 0.579058467404 0.820512597246 0.864030023704 0.118568232662 0 0.02 8 2.35922308119
142 1 1.0 1.0 nan nan nan nan 1.0 0 142.0 0 0.0
2 1 1.0 1.0 nan nan nan nan 1.0 0 2.0 0 0.0
12840 1172 0.441812662255 0.398357263887 -0.00320084854805 0.597842046415 0.834154283 0.927282629085 0.0120716510903 0 0.000853242320819 149 3.60111626037
43 17 0.655090607984 0.510632421983 -0.1386817935 0.667016421874 0.744613272803 0.867289195591 0.209302325581 0 0.0588235294118 10 1.61533512505
5162478 1864 0.167095439289 0.0113046180597 -0.00342838799013 0.111064813447 0.901181897178 0.708736139178 0.193919664161 0 0.000536480686695 15 33.1959459614
7772 506 0.336473669369 0.276874301179 -0.00887342385231 0.473887866998 0.86048937392 0.880416206141 0.0330674215131 0 0.00197628458498 86 4.56281171509
93 20 0.562152041825 0.586770691995 -0.153618500951 0.698431588956 0.799676476592 0.887320099863 0.129032258065 0 0.05 5 0.76877600638
1179 116 0.427662869921 0.154990778878 -0.0325614602942 0.407729490703 0.835234300481 0.813886643633 0.20695504665 0 0.00862068965517 18 8.33350216715
390 7 0.161408488699 0.550480630031 -0.909512582823 0.549315253553 0.900816485147 0.74908859821 0.320512820513 0 0.142857142857 2 0.229835562279
52986 212 0.138199605768 0.323731814368 -0.0342805199053 0.437638720848 0.912948116622 0.846857956117 0.041142943419 0 0.00471698113208 17 2.11283854497
919 9 0.359795224695 0.490859741656 -0.47555933906 0.571119617827 0.853879470118 0.781534937608 0.38084874864 0 1.0 0 1.2783142271
7 2 0.868287372474 0.844827586207 -0.916290731874 0.818968511653 0.681996213714 0.863120568567 0.714285714286 0 1.0 0 0.0
96565 1085 0.217875590505 0.212415457114 -0.00530083933378 0.389632472822 0.890406281788 0.865350771042 0.0229379174649 0 0.000921658986175 49 5.58872950808
13 5 0.855090554529 0.866666666667 -0.317805383035 0.898449798742 0.642412641551 0.947353968271 0.307692307692 0 0.2 1 -0.271545417884
130 4 0.281104034183 0.338704505371 -1.24058240062 0.246591026927 0.873404979721 0.39944957356 0.853846153846 0 0.5 0 1.14091799215
1380 42 0.390267720124 0.451289459391 -0.0939323065283 0.623950053771 0.841961120152 0.877614351177 0.14347826087 0 0.0238095238095 1 2.60329943053
25359 532 0.215083239875 0.048245714816 -0.0105114581741 0.133604779161 0.88734793458 0.681238302023 0.122796640246 0 0.00187969924812 108 10.0921748665
124 29 0.516009109696 0.395087106223 -0.109403743894 0.565335283115 0.805619650056 0.838395787635 0.193548387097 0 0.0344827586207 12 2.28298717428
973 135 0.462469158792 0.217229111526 -0.0262027705789 0.452436466534 0.824607076791 0.840134740696 0.128468653649 0 0.00740740740741 32 5.8180892698
897 47 0.288983829494 0.188433153466 -0.103668949448 0.351160678486 0.871132227073 0.738204397934 0.283166109253 0 0.0212765957447 9 4.63478717673
80533 554 0.368381214711 0.441911122871 -0.00719030999435 0.640443295191 0.843418859204 0.929623203118 0.0212459488657 0 0.00180505415162 7 3.72347169648
798 62 0.314935831279 0.127315272059 -0.0706814265548 0.251243833858 0.857173181181 0.676680462143 0.27694235589 0 0.0161290322581 23 4.82532624908
12 7 0.802288333171 0.685714285714 -0.227003845025 0.790666308147 0.642412641551 0.898374191684 0.333333333333 0 0.142857142857 5 1.11901355436
2 1 1.0 1.0 nan nan nan nan 1.0 0 2.0 0 0.0
2 2 1.0 1.0 0.0 1.0 -0.0 1.0 0.5 0 0.5 2 0.0
345370 1706 0.299710166359 0.444854080973 -0.00266178083696 0.617555942936 0.862008697181 0.935282354748 0.00758317167096 0 0.000586166471278 24 2.83181775252
136231 1007 0.202447285299 0.21623756278 -0.00589068678416 0.401816270048 0.893678659161 0.868355965089 0.031534672725 0 0.000993048659384 47 6.49506160321
65 34 0.785720030061 0.418399683106 -0.0484492206344 0.690090943478 0.652662009895 0.89853278147 0.215384615385 0 0.0294117647059 21 4.53263120882
182 14 0.430024490555 0.431751824818 -0.269806215099 0.548817405745 0.835240872845 0.794272172746 0.274725274725 0 0.0714285714286 1 1.40406426309
5524 72 0.283701554912 0.374398230681 -0.0678538641711 0.523419737165 0.871466847418 0.85156548416 0.099565532223 0 0.0138888888889 3 2.29126190641
89 41 0.710577548212 0.529301703976 -0.0497072480743 0.71024602376 0.709598195262 0.91053284649 0.101123595506 0 0.0243902439024 26 2.02108739692
1 1 1.0 1.0 nan nan nan nan 1.0 0 1.0 1 0.0
241 48 0.49592037371 0.412272856332 -0.06978813025 0.577197844115 0.815316081292 0.861948560772 0.107883817427 0 0.0208333333333 16 1.97403878134
4282 83 0.275718807418 0.313652614758 -0.060458131148 0.46133086552 0.874773905079 0.82808389982 0.0873423633816 0 0.0120481927711 5 2.38449585707
