CATLIN micro 336 20 0.0 0.112453077654 0.0 0.0 0.0 0.0 0.645739910314 0.0 0.0 0.0 3.80414946841
CATLIN micro 336 20 0.0 0.112453077654 0.0 0.0 0.0 0.0 0.645739910314 0.0 0.0 0.0 3.80414946841
CATLIN micro 336 20 0.0 0.112453077654 0.0 0.0 0.0 0.0 0.645739910314 0.0 0.0 0.0 3.80414946841
CATLIN micro 336 20 0.0 0.112453077654 0.0 0.0 0.0 0.0 0.645739910314 0.0 0.0 0.0 3.80414946841
CATLIN micro 336 20 0.0 0.112453077654 0.0 0.0 0.0 0.0 0.645739910314 0.0 0.0 0.0 3.80414946841
CATLIN micro 336 20 0.0 0.112453077654 0.0 0.0 0.0 0.0 0.645739910314 0.0 0.0 0.0 3.80414946841
CATLIN micro 336 20 0.0 0.112453077654 0.0 0.0 0.0 0.0 0.645739910314 0.0 0.0 0.0 3.80414946841
CATLIN micro 336 20 0.0 0.112453077654 0.0 0.0 0.0 0.0 0.645739910314 0.0 0.0 0.0 3.80414946841
CATLIN micro 336 20 0.0 0.112453077654 0.0 0.0 0.0 0.0 0.645739910314 0.0 0.0 0.0 3.80414946841
CATLIN micro 336 20 0.0 0.112453077654 0.0 0.0 0.0 0.0 0.645739910314 0.0 0.0 0.0 3.80414946841
CATLIN micro 336 20 0.0 0.112453077654 0.0 0.0 0.0 0.0 0.645739910314 0.0 0.0 0.0 3.80414946841
CATLIN micro 336 20 0.0 0.112453077654 0.0 0.0 0.0 0.0 0.645739910314 0.0 0.0 0.0 3.80414946841
CATLIN micro 336 20 0.0 0.112453077654 0.0 0.0 0.0 0.0 0.645739910314 0.0 0.0 0.0 3.80414946841
CATLIN micro 336 20 0.0 0.112453077654 0.0 0.0 0.0 0.0 0.645739910314 0.0 0.0 0.0 3.80414946841
CATLIN micro 336 20 0.0 0.112453077654 0.0 0.0 0.0 0.0 0.645739910314 0.0 0.0 0.0 3.80414946841
CATLIN micro 336 20 0.0 0.112453077654 0.0 0.0 0.0 0.0 0.645739910314 0.0 0.0 0.0 3.80414946841
CATLIN micro 336 20 0.0 0.112453077654 0.0 0.0 0.0 0.0 0.645739910314 0.0 0.0 0.0 3.80414946841
CATLIN micro 336 20 0.0 0.112453077654 0.0 0.0 0.0 0.0 0.645739910314 0.0 0.0 0.0 3.80414946841
CATLIN micro 336 20 0.0 0.112453077654 0.0 0.0 0.0 0.0 0.645739910314 0.0 0.0 0.0 3.80414946841
CATLIN micro 336 20 0.0 0.112453077654 0.0 0.0 0.0 0.0 0.645739910314 0.0 0.0 0.0 3.80414946841
CATLIN micro 336 20 0.0 0.112453077654 0.0 0.0 0.0 0.0 0.645739910314 0.0 0.0 0.0 3.80414946841
CATLIN micro 336 20 0.0 0.112453077654 0.0 0.0 0.0 0.0 0.645739910314 0.0 0.0 0.0 3.80414946841
CATLIN micro 336 20 0.0 0.112453077654 0.0 0.0 0.0 0.0 0.645739910314 0.0 0.0 0.0 3.80414946841
CATLIN micro 336 20 0.0 0.112453077654 0.0 0.0 0.0 0.0 0.645739910314 0.0 0.0 0.0 3.80414946841
CATLIN micro 336 20 0.0 0.112453077654 0.0 0.0 0.0 0.0 0.645739910314 0.0 0.0 0.0 3.80414946841
CATLIN micro 336 20 0.0 0.112453077654 0.0 0.0 0.0 0.0 0.645739910314 0.0 0.0 0.0 3.80414946841
CATLIN micro 336 20 0.0 0.112453077654 0.0 0.0 0.0 0.0 0.645739910314 0.0 0.0 0.0 3.80414946841
CATLIN micro 336 20 0.0 0.112453077654 0.0 0.0 0.0 0.0 0.645739910314 0.0 0.0 0.0 3.80414946841
CATLIN micro 336 20 0.0 0.112453077654 0.0 0.0 0.0 0.0 0.645739910314 0.0 0.0 0.0 3.80414946841
CATLIN micro 336 20 0.0 0.112453077654 0.0 0.0 0.0 0.0 0.645739910314 0.0 0.0 0.0 3.80414946841
CATLIN micro 336 20 0.0 0.112453077654 0.0 0.0 0.0 0.0 0.645739910314 0.0 0.0 0.0 3.80414946841
CATLIN micro 336 20 0.0 0.112453077654 0.0 0.0 0.0 0.0 0.645739910314 0.0 0.0 0.0 3.80414946841
CATLIN micro 336 20 0.0 0.112453077654 0.0 0.0 0.0 0.0 0.645739910314 0.0 0.0 0.0 3.80414946841
CATLIN micro 336 20 0.0 0.112453077654 0.0 0.0 0.0 0.0 0.645739910314 0.0 0.0 0.0 3.80414946841
CATLIN micro 336 20 0.0 0.112453077654 0.0 0.0 0.0 0.0 0.645739910314 0.0 0.0 0.0 3.80414946841
CATLIN micro 336 20 0.0 0.112453077654 0.0 0.0 0.0 0.0 0.645739910314 0.0 0.0 0.0 3.80414946841
CATLIN micro 336 20 0.0 0.112453077654 0.0 0.0 0.0 0.0 0.645739910314 0.0 0.0 0.0 3.80414946841
CATLIN micro 336 20 0.0 0.112453077654 0.0 0.0 0.0 0.0 0.645739910314 0.0 0.0 0.0 3.80414946841
CATLIN micro 336 20 0.0 0.112453077654 0.0 0.0 0.0 0.0 0.645739910314 0.0 0.0 0.0 3.80414946841
CATLIN micro 336 20 0.0 0.112453077654 0.0 0.0 0.0 0.0 0.645739910314 0.0 0.0 0.0 3.80414946841
CATLIN micro 336 20 0.0 0.112453077654 0.0 0.0 0.0 0.0 0.645739910314 0.0 0.0 0.0 3.80414946841
CATLIN micro 336 20 0.0 0.112453077654 0.0 0.0 0.0 0.0 0.645739910314 0.0 0.0 0.0 3.80414946841
CATLIN micro 336 20 0.0 0.112453077654 0.0 0.0 0.0 0.0 0.645739910314 0.0 0.0 0.0 3.80414946841
CATLIN micro 336 20 0.0 0.112453077654 0.0 0.0 0.0 0.0 0.645739910314 0.0 0.0 0.0 3.80414946841
CATLIN micro 336 20 0.0 0.112453077654 0.0 0.0 0.0 0.0 0.645739910314 0.0 0.0 0.0 3.80414946841
CATLIN micro 336 20 0.0 0.112453077654 0.0 0.0 0.0 0.0 0.645739910314 0.0 0.0 0.0 3.80414946841
CATLIN micro 336 20 0.0 0.112453077654 0.0 0.0 0.0 0.0 0.645739910314 0.0 0.0 0.0 3.80414946841
CATLIN micro 336 20 0.0 0.112453077654 0.0 0.0 0.0 0.0 0.645739910314 0.0 0.0 0.0 3.80414946841
CATLIN micro 336 20 0.0 0.112453077654 0.0 0.0 0.0 0.0 0.645739910314 0.0 0.0 0.0 3.80414946841
CATLIN micro 336 20 0.0 0.112453077654 0.0 0.0 0.0 0.0 0.645739910314 0.0 0.0 0.0 3.80414946841
CATLIN micro 336 20 0.0 0.112453077654 0.0 0.0 0.0 0.0 0.645739910314 0.0 0.0 0.0 3.80414946841
CATLIN micro 336 20 0.0 0.112453077654 0.0 0.0 0.0 0.0 0.645739910314 0.0 0.0 0.0 3.80414946841
CATLIN micro 336 20 0.0 0.112453077654 0.0 0.0 0.0 0.0 0.645739910314 0.0 0.0 0.0 3.80414946841
CATLIN micro 336 20 0.0 0.112453077654 0.0 0.0 0.0 0.0 0.645739910314 0.0 0.0 0.0 3.80414946841
CATLIN micro 336 20 0.0 0.112453077654 0.0 0.0 0.0 0.0 0.645739910314 0.0 0.0 0.0 3.80414946841
CATLIN micro 336 20 0.0 0.112453077654 0.0 0.0 0.0 0.0 0.645739910314 0.0 0.0 0.0 3.80414946841
CATLIN micro 336 20 0.0 0.112453077654 0.0 0.0 0.0 0.0 0.645739910314 0.0 0.0 0.0 3.80414946841
CATLIN micro 336 20 0.0 0.112453077654 0.0 0.0 0.0 0.0 0.645739910314 0.0 0.0 0.0 3.80414946841
CATLIN micro 336 20 0.0 0.112453077654 0.0 0.0 0.0 0.0 0.645739910314 0.0 0.0 0.0 3.80414946841
CATLIN micro 336 20 0.0 0.112453077654 0.0 0.0 0.0 0.0 0.645739910314 0.0 0.0 0.0 3.80414946841
CATLIN micro 336 20 0.0 0.112453077654 0.0 0.0 0.0 0.0 0.645739910314 0.0 0.0 0.0 3.80414946841
CATLIN micro 336 20 0.0 0.112453077654 0.0 0.0 0.0 0.0 0.645739910314 0.0 0.0 0.0 3.80414946841
CATLIN micro 336 20 0.0 0.112453077654 0.0 0.0 0.0 0.0 0.645739910314 0.0 0.0 0.0 3.80414946841
CATLIN micro 336 20 0.0 0.112453077654 0.0 0.0 0.0 0.0 0.645739910314 0.0 0.0 0.0 3.80414946841
CATLIN micro 336 20 0.0 0.112453077654 0.0 0.0 0.0 0.0 0.645739910314 0.0 0.0 0.0 3.80414946841
CATLIN micro 336 20 0.0 0.112453077654 0.0 0.0 0.0 0.0 0.645739910314 0.0 0.0 0.0 3.80414946841
CATLIN micro 336 20 0.0 0.112453077654 0.0 0.0 0.0 0.0 0.645739910314 0.0 0.0 0.0 3.80414946841
CATLIN micro 336 20 0.0 0.112453077654 0.0 0.0 0.0 0.0 0.645739910314 0.0 0.0 0.0 3.80414946841
CATLIN micro 336 20 0.0 0.112453077654 0.0 0.0 0.0 0.0 0.645739910314 0.0 0.0 0.0 3.80414946841
CATLIN micro 336 20 0.0 0.112453077654 0.0 0.0 0.0 0.0 0.645739910314 0.0 0.0 0.0 3.80414946841
CATLIN micro 336 20 0.0 0.112453077654 0.0 0.0 0.0 0.0 0.645739910314 0.0 0.0 0.0 3.80414946841
CATLIN micro 336 20 0.0 0.112453077654 0.0 0.0 0.0 0.0 0.645739910314 0.0 0.0 0.0 3.80414946841
CATLIN micro 336 20 0.0 0.112453077654 0.0 0.0 0.0 0.0 0.645739910314 0.0 0.0 0.0 3.80414946841
CATLIN micro 336 20 0.0 0.112453077654 0.0 0.0 0.0 0.0 0.645739910314 0.0 0.0 0.0 3.80414946841
CATLIN micro 336 20 0.0 0.112453077654 0.0 0.0 0.0 0.0 0.645739910314 0.0 0.0 0.0 3.80414946841
CATLIN micro 336 20 0.0 0.112453077654 0.0 0.0 0.0 0.0 0.645739910314 0.0 0.0 0.0 3.80414946841
CATLIN micro 336 20 0.0 0.112453077654 0.0 0.0 0.0 0.0 0.645739910314 0.0 0.0 0.0 3.80414946841
CATLIN micro 336 20 0.0 0.112453077654 0.0 0.0 0.0 0.0 0.645739910314 0.0 0.0 0.0 3.80414946841
CATLIN micro 336 20 0.0 0.112453077654 0.0 0.0 0.0 0.0 0.645739910314 0.0 0.0 0.0 3.80414946841
CATLIN micro 336 20 0.0 0.112453077654 0.0 0.0 0.0 0.0 0.645739910314 0.0 0.0 0.0 3.80414946841
CATLIN micro 336 20 0.0 0.112453077654 0.0 0.0 0.0 0.0 0.645739910314 0.0 0.0 0.0 3.80414946841
CATLIN micro 336 20 0.0 0.112453077654 0.0 0.0 0.0 0.0 0.645739910314 0.0 0.0 0.0 3.80414946841
CATLIN micro 336 20 0.0 0.112453077654 0.0 0.0 0.0 0.0 0.645739910314 0.0 0.0 0.0 3.80414946841
CATLIN micro 336 20 0.0 0.112453077654 0.0 0.0 0.0 0.0 0.645739910314 0.0 0.0 0.0 3.80414946841
CATLIN micro 336 20 0.0 0.112453077654 0.0 0.0 0.0 0.0 0.645739910314 0.0 0.0 0.0 3.80414946841
CATLIN micro 336 20 0.0 0.112453