TARA micro 95690.0 2927 13162.6116373 0.206697582999 0.0751 0.110209847841 0.335152821488 -0.00195374491469 0.802492194224 0.206435533943 0.0350820357404 0.99545221756 3357.0 6.00480718988 14.6171413374 0.721007940023 4297.32226209 4155.60578554 3847 4459 255.125416456 9.46214164811 0.0310906446728 5.26493828587e+55
TARA micro 118221.0 4269 27115.6687898 0.225904649421 0.0275 0.116077795674 0.338046239173 -0.00127044038802 0.788098934928 0.169915624507 0.0769913974675 0.991485273838 9102.0 10.2409893335 41.5730011808 0.7700991038 6108.59686543 6022.74283552 5644 6506 365.401228434 12.4159181384 0.0682318494639 4.16204177465e+12
TARA micro 100385.0 3122 12583.6049001 0.211389707539 0.0759 0.111249592653 0.340101151885 -0.00181424624865 0.807977281545 0.213047265129 0.0396075110823 0.99578241621 3976.0 5.60940379539 17.3680920013 0.719730957733 4246.69913728 4161.58533485 4023 4564 270.996166659 9.85368074158 -0.0351012427713 -1.09962443853e+44
TARA micro 86324.0 3792 15298.4664133 0.234351438616 0.0328 0.120393363525 0.336761212346 -0.0013778065596 0.792427096469 0.180552881978 0.0752282099995 0.991953438544 6494.0 9.31374820444 39.3487426091 0.872523910257 5942.40323177 6001.92756225 5215 6168 333.542646138 12.9063236198 0.0666692652552 1.44794494217e+13
TARA micro 115294.0 6130 13126.4092661 0.264451590762 0.0262 0.129729532196 0.331356683959 -0.000789424121904 0.797002022401 0.170140522857 0.0660658837407 0.993784544148 7617.0 8.36470241296 49.6343466612 1.00394762977 9182.32712789 9200.94390375 8397 9823 525.85786731 18.0533217002 0.0585493650248 4.99018453282e+16
TARA micro 78627.0 3408 6995.02720089 0.241073470356 0.0707 0.119598539403 0.363288336157 -0.00154348688806 0.820110478098 0.231268752683 0.0440942678724 0.995851628268 3467.0 5.55788723975 22.985325336 0.734309926169 4591.68963076 4616.60334887 4432 5014 302.240757329 12.1538461167 0.0390775274466 6.55996681414e+35
TARA micro 96926.0 4112 10379.72342 0.247474792067 0.0508 0.120774244105 0.366428857717 -0.00126647996082 0.813622493398 0.211850281256 0.0481914037513 0.99521475132 4671.0 6.97026597611 27.6816989855 0.699006298912 5594.8291787 5463.08691951 5300 6013 358.047928208 13.2078753256 -0.0427085195798 -1.64723215951e+30
TARA micro 106315.0 4197 17722.4675041 0.234572287077 0.0349 0.119280154805 0.331988762406 -0.00125674990926 0.79300497861 0.177660535817 0.0677138691624 0.993182572558 7199.0 8.72125288059 39.0311817693 0.851293181981 6104.67508647 6004.80874851 5589 6474 362.53165643 12.8718715564 0.0600098540783 9.03107191879e+15
TARA micro 78278.0 4039 61290.7920036 0.306482846949 0.0061 0.144665264621 0.28086446753 -0.00107071838328 0.665025903708 0.0617106127686 0.182171235852 0.959361646419 14260.0 23.7780730218 49.0810110012 1.28233994338 6436.53370132 6405.05522805 5692 6776 358.359261804 14.4362366491 0.161445054051 1101.31782025
TARA micro 128279.0 2683 47134.6599358 0.190072543237 0.0463 0.10744378535 0.270380090182 -0.00218739405761 0.746976082341 0.13534558559 0.043904302341 0.99194504025 5632.0 8.04262583899 14.5604315648 0.946193457176 3720.84713675 3723.57063656 3518 4018 228.023165207 7.49105334581 0.0389091748778 1.30324482763e+36
TARA micro 53084.0 3224 3348.60195755 0.283123712763 0.0749 0.129880626512 0.406686051023 -0.00149918774495 0.836078567248 0.26578281415 0.0402192751111 0.995859845904 2135.0 5.93964283023 20.2757756588 0.66323003545 4372.55660591 4310.9526069 4192 4753 296.241669074 13.9930766437 -0.0356434045257 -5.70690708528e+42
TARA micro 56160.0 3122 7498.82011691 0.282206618279 0.0414 0.129286461627 0.401092912444 -0.00155548407407 0.819080023558 0.23298586091 0.0731303418803 0.992259203837 4107.0 9.19693732194 35.4333090621 0.649710533052 4211.25855647 4026.64067549 4005 4531 285.388753155 13.1740512668 0.0648100780419 7.17849207775e+13
TARA micro 124039.0 6517 44901.7972438 0.28663129768 0.008 0.140752588734 0.283232171766 -0.000682680847191 0.718874796724 0.0845383981582 0.121816525448 0.980830155885 15110.0 15.5475294061 58.2368478239 1.30284885401 10752.6220328 10952.0598086 9316 11191 555.576809312 18.5041266746 0.107957084817 491074.30393
TARA micro 106730.0 3629 8656.03639872 0.208992048029 0.0909 0.110517055357 0.356207845764 -0.00157133993388 0.82573203233 0.239476703237 0.0337580811393 0.996967590746 3603.0 4.57978075518 18.304844363 0.660486398404 5439.51095546 5233.35206041 4794 5585 313.35135287 11.108200588 0.0299173204573 1.13249450225e+60
TARA micro 163215.0 2565 68568.9184252 0.174926737515 0.0558 0.102807227913 0.254022382489 -0.0023931541501 0.743146324221 0.132818726334 0.0414790307263 0.993010421456 6770.0 6.31191986031 11.5371191596 0.960696932327 3461.58731147 3383.74213991 3302 3737 213.61640221 6.3490293508 -0.0367598338714 -1.93567731789e+40
TARA micro 111087.0 3976 12181.4305389 0.215873179001 0.0602 0.116966549162 0.298546463909 -0.00135346301063 0.789652392579 0.174722745724 0.0402747396185 0.995824672095 4474.0 5.35256150585 19.8259651865 1.01662416061 6349.97438369 6323.50639042 5501 6537 342.139473839 11.9292943987 -0.0356925586655 -4.39327961385e+42
TARA micro 40905.0 2798 4198.64627461 0.300920429181 0.0485 0.134530964143 0.417255178778 -0.00166600866283 0.826280175294 0.251624442253 0.0655910035448 0.992624026612 2683.0 9.29715193742 28.8072853577 0.659516700608 3933.88679974 3802.05226252 3678 4218 263.395611868 13.8343739806 0.0581285134089 8.3635551919e+16
TARA micro 77265.0 3081 5307.24328077 0.224938778697 0.106 0.114605135979 0.370089231845 -0.00178343403048 0.833793613572 0.262882752614 0.0304406911279 0.99693729986 2352.0 4.74470976509 14.5627779378 0.648241557517 4357.40901628 4248.67385503 4022 4617 273.656241552 11.0840963898 0.026977360107 3.11890237764e+73
TARA micro 97737.0 3243 8190.22929908 0.202459141967 0.0999 0.11132536394 0.317994579972 -0.00174534135288 0.809041228919 0.213334133118 0.0227242497723 0.996911987477 2221.0 3.68130800004 9.19388139464 0.870994886827 5016.89685937 5004.20509841 4416 5202 282.157527414 10.373312144 0.020138842009 3.66330635456e+130
TARA micro 124540.0 3239 18262.510098 0.19116339117 0.0749 0.108038085095 0.299100926048 -0.00180175117467 0.782760376709 0.172487193941 0.0191183555484 0.995878677245 2381.0 3.4751886944 8.51468089482 0.894051777143 4796.72923558 4910.20836459 4369 5090 275.988280722 9.17817887165 -0.0169432014574 -5.3934386562e+183
TARA micro 86601.0 2710 13077.2114339 0.212912728811 0.0725 0.111572310739 0.344067058019 -0.00208389477713 0.80189241265 0.208590793979 0.0450918580617 0.994907339504 3905.0 5.87406611933 17.2260931194 0.70605159997 3684.08142336 3630.305699 3492 3961 238.278135343 9.20890170569 -0.039961618733 -2.05312748114e+34
TARA micro 141432.0 5454 29397.1202324 0.234953961309 0.0224 0.120538982941 0.314420124913 -0.000956761571974 0.773235513636 0.141959572405 0.0668094914871 0.991802729845 9449.0 10.3533853725 38.1184422367 0.928553345188 8027.09057542 8018.95827742 7368 8571 459.797278981 14.5024471741 0.0592083702317 2.27196027424e+16
TARA micro 186898.0 3588 34233.1968504 0.174510233845 0.0735 0.0997235623654 0.32676798067 -0.00176464446 0.805603053854 0.2034576026 0.0393476655716 0.996205935471 7354.0 5.03108647498 19.8284269882 0.604417521699 4850.9895391 4811.57604605 4565 5165 295.510458168 8.29946518297 -0.0348709606833 -4.02842812599e+44
TARA micro 40590.0 3479 2711.35496111 0.325545024286 0.0478 0.141629361315 0.429893626355 -0.00127064314269 0.849243636102 0.292281310829 0.0693274205469 0.993988848034 2814.0 7.54126632175 45.113455426 0.7253248961 4921.8560041 4805.42547642 4631 5324 327.764509095 17.2681138404 0.0614398267609 1.90143868564e+15
TARA micro 54844.0 3250 21330.1524411 0.304948698665 0.0132 0.14311499857 0.311233462184 -0.00134557560855 0.715235324672 0.0997090980169 0.128692290861 0.97665215111 7058.0 17.0592954562 37.264374073 1.19537751872 5065.08101867 5116.02775903 4556 5393 297.738832458 13.8777416996 0.11405057326 159150.929839
TARA micro 118053.0 4174 15224.3251487 0.21341682382 0.0499 0.11237476528 0.346162816161 -0.00134312098087 0.814867729208 0.213469439172 0.0554496709105 0.995201812282 6546.0 6.63430831914 36.7177055375 0.718855360034 6178.80125426 6086.36837292 5548 6452 357.311386042 12.1482558745 0.0491409913684 1.44146922029e+23
TARA micro 115161.0 3487 12600.5219957 0.198734929937 0.0797 0.10806460543 0.337423618206 -0.00167318955747 0.816601730236 0.223814763805 0.0358541520133 0.996401108148 4129.0 5.90738183934 19.2838250414 0.707210285779 5178.26969281 5036.60476825 4613 5365 299.12254568 10.2754117497 0.0317749149034 2.58631902493e+53
TARA micro 113268.0 4631 10576.3472637 0.234171873513 0.0535 0.117508565713 0.362649472368 -0.00115654893627 0.819714780967 0.218171030745 0.0464826782498 0.995967239088 5265.0 6.25684217961 31.5133262317 0.691424968344 6868.77105176 6487.14514813 6101 7089 397.851363031 13.7600865289 -0.0411942010321 -2.36419333739e+32
TARA micro 143169.0 4398 15976.9590743 0.213983941232 0.0622 0.110751915019 0.360180581861 -0.00129378205836 0.821674382575 0.223857693795 0.0414405353114 0.996345320098 5933.0 5.73867247798 26.7606524842 0.594995708407 5820.14298506 5657.4329042 5559 6247 370.374081953 11.623334313 -0.0367257181982 -2.28554495012e+40
TARA micro 77642.0 3995 4263.45512361 0.252260885939 0.0814 0.124239586855 0.360057923181 -0.00126631097845 0.823937931803 0.23203305398 0.0323536230391 0.996924961101 2512.0 4.60833054275 17.7794223116 0.835064375476 6115.29411756 5941.41773539 5405 6347 354.711217831 14.3373347944 0.0286726518732 1.74686807263e+65
TARA micro 83957.0 5091 9920.68140688 0.271576204965 0.0267 0.134390784635 0.324061579942 -0.000916618006379 0.794765395486 0.17331215292 0.0750503233798 0.992639741795 6301.0 8.58296508927 50.2277929449 1.11803508568 8590.35013419 8502.67360248 7235 8723 448.930415005 17.5701165019 0.0665116173431 1.64998766073e+13
TARA micro 122480.0 3471 11978.0956116 0.19654445528 0.0942 0.107803967857 0.325709689654 -0.00168504527832 0.814136490345 0.219540225515 0.0265186152841 0.996941215239 3248.0 4.5942194644 12.7790585466 0.768606957121 4735.59126633 4748.0606065 4521 5136 296.183676815 9.91795251897 0.0235015108905 2.10621220803e+96
TARA micro 139279.0 3102 21062.895137 0.177002339112 0.0874 0.103632659592 0.294021755561 -0.00196282523723 0.788253138226 0.18198137111 0.0150561103971 0.996310585196 2097.0 2.91357634676 7.52171512736 0.873149572814 4623.44750585 4641.47269987 4170 4864 261.815149606 8.31187442842 -0.0133431304265 -1.31228294883e+295
TARA micro 114132.0 4802 37779.1157338 0.256364035743 0.0147 0.127294589047 0.3068947742 -0.00102755598056 0.734877935164 0.105489086175 0.0791364385098 0.985867605171 9032.0 13.8996950899 34.0669954636 1.00452419888 7440.21264164 7287.62733804 6584 7765 412.276020355 14.2140697375 0.0701328425918 1.01902078628e+12
TARA micro 119900.0 3961 13541.6148881 0.213036111366 0.0634 0.114856907288 0.301745285929 -0.00138410779717 0.791671890321 0.1778154312 0.0369641367807 0.996017380066 4432.0 5.05087572977 17.7422963697 0.959062313866 5988.28504693 5850.81519853 5350 6264 338.623228419 11.4391894036 0.0327586132911 2.20339821595e+50
TARA micro 114270.0 5742 7833.21919821 0.252898674372 0.0481 0.122436312204 0.385057471264 -0.000894345738801 0.835894826749 0.241479779432 0.0485166710423 0.996381842838 5544.0 6.05758291765 44.1011726103 0.674699509267 8195.00165747 8072.44593383 7571 8719 492.945438673 16.9862329009 -0.042996780211 -6.78662620546e+29
TARA micro 133238.0 3849 12897.4865441 0.209277784122 0.085 0.109884567145 0.346860942051 -0.00149022658399 0.817578222405 0.221594147775 0.0298788633873 0.996944534934 3981.0 4.22326963779 14.8942594619 0.65415487938 5038.44375997 4929.08230728 4865 5448 326.104671817 10.5446910203 0.0264794532358 1.67098647782e+76
TARA micro 73884.0 5761 7106.00421537 0.318066352253 0.0226 0.14229276113 0.386632534337 -0.000763627864356 0.816608043058 0.204202592374 0.0778653023659 0.992328389522 5753.0 9.7463591576 56.3431110157 0.914248115837 8498.84856774 8378.95511462 7842 9133 513.815409192 21.1944755909 0.0690063275152 2.31370727917e+12
TARA micro 78051.0 2592 20266.8291509 0.249924872574 0.0428 0.118971295046 0.398890065707 -0.00204035417029 0.818611740981 0.24003608713 0.0808189517111 0.990994415656 6308.0 10.7660375908 34.6333001005 0.445307187988 3013.44252533 2910.46702698 3052 3262 230.002034619 9.27781613099 0.0716239310932 364808197238.0
TARA micro 76328.0 3315 12706.9719137 0.242106475277 0.0401 0.120977947097 0.346315223984 -0.00156826020564 0.798919921157 0.195687351534 0.0720181322713 0.992470196669 5497.0 8.95084372707 35.8145097859 0.821234576547 4647.27410199 4655.03838294 4389 5031 294.766556173 11.9989043494 0.0638244079396 1.77516559739e+14
TARA micro 91143.0 5189 5854.09282149 0.260967834211 0.0501 0.130077057123 0.332371799074 -0.000930020362055 0.81241935342 0.200811805771 0.0472883271343 0.996151227853 4310.0 5.75030446661 35.760178897 1.04372328818 8220.87029143 8281.29340368 7249 8610 454.283359576 17.1878680503 -0.041908188766 -2.12673255316e+31
TARA micro 84116.0 4204 16335.5288346 0.27062036456 0.0239 0.126053230202 0.392056839273 -0.00118559224568 0.814357360355 0.212280704516 0.0921822245471 0.990058475935 7754.0 10.2477531029 53.0838921443 0.620249401075 5681.23421075 5422.20248917 5381 6090 370.636486931 14.4951729385 0.0816943694417 1420688079.8
TARA micro 98337.0 5956 8907.40996366 0.273088236635 0.0297 0.13507562029 0.321315199436 -0.000779402851921 0.797858994648 0.172415778544 0.0623468277454 0.994346815821 6131.0 7.65429085695 47.432190189 1.14274487659 9713.03151061 9869.70531274 8441 10105 517.999250318 18.9931156018 0.0552534374645 3.91610581452e+18
TARA micro 79206.0 4442 22990.4375969 0.278554220125 0.0136 0.134712599924 0.322503498051 -0.00104795493729 0.758484390259 0.131342931377 0.113564628942 0.983500219044 8995.0 15.5000883771 49.4731543054 1.07983203607 6796.22445545 6854.254376 6160 7252 393.712398544 15.7833618576 0.100644031948 2487090.33416
TARA micro 63894.0 4473 5169.15659161 0.284397336427 0.038 0.136797722102 0.349398096617 -0.00102434210064 0.811252843039 0.204447682635 0.0633705825273 0.994114026182 4049.0 7.95379847873 41.1763765418 1.03985436742 7733.8960043 7530.26506055 6370 7716 404.157956113 17.6957453293 0.0561607165173 1.09186644021e+18
TARA micro 96014.0 4210 6958.04985494 0.245503820419 0.0696 0.119792018646 0.38084385655 -0.00124738812713 0.832015906393 0.245958660282 0.0416710063116 0.996585615726 4001.0 5.39400504093 28.041965632 0.641506066172 5879.13074002 5594.42428816 5430 6205 366.88533281 13.5867259103 -0.036929967804 -8.51055938344e+39
TARA micro 100169.0 3386 10505.8998564 0.216293165608 0.0769 0.113668216126 0.332039376195 -0.0016364562014 0.802368674337 0.200406518319 0.0235901326758 0.996160408884 2363.0 4.46545338378 11.4160003533 0.799272484194 4838.15182536 4762.67492922 4465 5144 293.974247741 10.6984357953 0.0209062107523 1.90062344175e+121
TARA micro 100892.0 3610 11574.7448627 0.207764198034 0.0632 0.112800308259 0.328351975723 -0.00154697805927 0.805871644766 0.20366520797 0.046297030488 0.995619204358 4671.0 6.03417515759 24.771385706 0.839493139378 5848.1842154 5815.98082479 4971 5919 313.232146598 11.3652458916 -0.041029674987 -4.19223104082e+32
TARA micro 101365.0 3546 8183.57360732 0.210312506434 0.0908 0.113526554502 0.320670668277 -0.00156460914764 0.806613465161 0.205615291876 0.0233907167168 0.996894522068 2371.0 3.48641049672 9.80815852815 0.880471535621 5364.20098802 5439.42590067 4815 5642 307.552612193 11.1376795645 0.0207294829601 2.11976844314e+123
TARA micro 71132.0 2684 5894.41482914 0.221444015847 0.1065 0.113520422659 0.368579274082 -0.0020672169035 0.827016299291 0.254919956185 0.0313642242591 0.996501836645 2231.0 4.46493842434 12.2471085304 0.634356721237 3928.33308963 3713.83972133 3508 4060 240.147667063 10.0635220287 0.0277958200344 2.09933106998e+69
TARA micro 102780.0 4218 13058.7165962 0.22861291389 0.0435 0.118613159465 0.32910842449 -0.00125769168729 0.803379576178 0.193553587654 0.0602354543686 0.994549931064 6191.0 7.05000972952 38.4071862136 0.888804250739 6439.48397956 6345.46656864 5726 6723 365.413652058 13.1568604626 0.0533822815283 6.70890779565e+19
TARA micro 49909.0 3248 4834.38858672 0.283958083268 0.0466 0.131091232164 0.399913378062 -0.00147397685322 0.830081815355 0.252881885692 0.0696467570979 0.993390296574 3476.0 8.42533410808 38.8375005037 0.7187919306 4623.15122808 4603.17044027 4329 4986 300.149105066 14.5387338549 0.0617228314106 1.41466854405e+15
TARA micro 104381.0 4870 24606.7151251 0.250437213639 0.0183 0.124691395345 0.336476506351 -0.00103492959582 0.778190728504 0.151905777577 0.0928234065587 0.988798261688 9689.0 12.232111208 50.156823677 0.895596346186 7495.85536053 7498.71197908 6664 7846 421.346748724 15.0736433216 0.0822626022045 1101237487.91
TARA micro 115422.0 5152 9546.47172638 0.228576528601 0.05 0.119566212486 0.330842894118 -0.00102128484554 0.815577933834 0.206588489692 0.0485522690648 0.996114788396 5604.0 6.05517145778 37.9949785437 0.910435702411 8233.96902443 8297.68900783 7141 8489 441.905046332 15.1646208582 -0.0430283281371 -6.16558722254e+29
TARA micro 186476.0 5723 18331.4143206 0.226024798878 0.0548 0.117902116393 0.290542656404 -0.000932672871916 0.780538295698 0.149594046606 0.0157232029859 0.996808803923 2932.0 3.09530448959 11.324764654 0.99203716014 7799.78533056 7666.55475463 7463 8475 471.487536005 13.2529412732 0.0139343258405 5.8167373836e+270
TARA micro 101902.0 3345 10620.8654034 0.204794181223 0.0804 0.110769158096 0.332585740883 -0.00170079211113 0.80666699084 0.208029005404 0.0325018154698 0.996280773447 3312.0 4.81050420993 14.0368482658 0.773983289276 5378.8983964 5125.16896397 4531 5372 289.981582582 10.4786363328 0.0288039839954 4.60237355631e+64
TARA micro 72336.0 3264 11274.3305511 0.253283714246 0.0418 0.12400441242 0.345530701498 -0.00155292719142 0.788809464911 0.180853529352 0.0526570449016 0.992662922738 3809.0 9.21809334218 22.7928126255 0.839464704637 4540.84924282 4562.89336301 4313 4932 291.623691471 12.1359255977 0.0466660910065 3.41398695266e+25
TARA micro 62529.0 2484 5672.79778873 0.230405342644 0.1005 0.115941625684 0.373963466459 -0.00218599963083 0.821425068998 0.247274393762 0.0248684610341 0.995994864892 1555.0 4.73540277311 9.99934070493 0.6410101838 3431.77945553 3404.15429972 3224 3676 224.840466604 9.93369564988 0.022039099763 2.00097277977e+109
TARA micro 39410.0 2942 4194.74922282 0.321568473625 0.041 0.139447024247 0.430372070294 -0.0015268753862 0.834070117231 0.26548519383 0.0805633088049 0.991717029432 3175.0 9.72342045166 40.239812065 0.659060135015 3903.2087037 3805.57777066 3800 4276 277.930690841 14.8197013237 0.0713973734664 424694287380.0
TARA micro 103040.0 4153 8889.61093914 0.22986449397 0.0648 0.116463400303 0.35965073983 -0.00130150447928 0.824141986846 0.230852075409 0.0436723602484 0.996282820954 4500.0 5.65508540373 28.3176550883 0.706307412755 5968.56102832 5774.98724775 5455 6291 359.702490444 12.9377574839 -0.0387036215502 -3.0499479784e+36
TARA micro 118668.0 4158 16269.3819948 0.214720644806 0.0477 0.112181563926 0.3533898228 -0.00135066026943 0.815276852511 0.214351046913 0.0554403883102 0.994956817724 6579.0 7.14851518522 35.025973136 0.674292658816 6065.99843788 5895.81487735 5474 6337 355.783102851 12.0702891377 0.0491327648781 1.46592716733e+23
TARA micro 112779.0 5712 14410.6288407 0.24633846168 0.0263 0.12728412831 0.312151466604 -0.000863925132267 0.79597151284 0.171056621957 0.0718396155313 0.993354418464 8102.0 8.09636545811 54.2088356646 1.08507362008 9527.42542539 9649.2953988 8104 9747 490.923146899 17.0088158452 0.063666201598 2.06081120926e+14
TARA micro 111238.0 5565 9710.53186723 0.253071236318 0.0395 0.126876527593 0.326890616522 -0.000889671770237 0.79965098914 0.177516336116 0.0477085168737 0.995453902695 5307.0 6.97603336989 32.7815475081 0.999024649274 8848.7152547 8640.62497642 7695 9135 478.853203556 16.6854753121 -0.0422805722269 -6.35313137575e+30
TARA micro 157853.0 3289 30862.5604897 0.205757283421 0.0695 0.108758639026 0.347995144414 -0.00176237546997 0.813974448079 0.221448257395 0.0446554705961 0.995623484444 7049.0 5.87508631448 22.3006265458 0.639166030663 3357.94067087 3502.9079354 3624 3148 274.70003873 8.27822933082 -0.039574880411 -9.08225888234e+34
TARA micro 95080.0 5627 30314.4410634 0.287228277748 0.0093 0.137605052704 0.323382920589 -0.000809339265133 0.753070848647 0.118405815776 0.127618847286 0.980956671299 12134.0 16.1863693732 61.3361135775 1.10202726877 8609.69803707 8892.11410066 7864 9263 490.819001076 18.2487166808 0.113099258661 187583.671715
TARA micro 92255.0 4480 7335.57257355 0.251526270521 0.0547 0.123062884067 0.364194255828 -0.00114029666622 0.821323932192 0.222466858052 0.0492656224595 0.995916359517 4545.0 5.81865481546 34.4154599037 0.774551717787 6747.81577958 6352.79350505 5969 6970 391.7842772 14.7496955946 0.0436605211228 9.41043044279e+28
TARA micro 108073.0 3393 10088.8939953 0.200809750104 0.0914 0.10948376328 0.328685998662 -0.00169681771245 0.813777529883 0.21982238312 0.0311086025187 0.996775293326 3362.0 4.40813154072 14.3490477506 0.780533530754 5078.55785915 4949.05601566 4532 5287 292.651895602 10.3210826545 0.0275692811653 2.75287415032e+70
TARA micro 68154.0 3448 11011.8287179 0.271457491076 0.0343 0.127779689184 0.367731819579 -0.00142548767249 0.799854623547 0.195638676761 0.0757549080025 0.991538171113 5163.0 9.77785603193 36.1728911387 0.772413972249 4742.7123302 4571.99089858 4482 5104 309.71671836 13.207529281 0.067136039207 9.887695633e+12
TARA micro 100451.0 4436 21880.5687431 0.239870215012 0.0229 0.122656257819 0.322057302898 -0.00115552149597 0.783505696001 0.162159187733 0.0880727917094 0.990157481217 8847.0 10.4697812864 48.8409804753 0.952014154172 6736.50718386 6785.55320524 6082 7140 385.068700226 13.9963374654 0.0780524794127 8293023437.24
TARA micro 136798.0 3300 45876.7074867 0.193690202072 0.0361 0.107937069393 0.291413940572 -0.00177013331739 0.763017820591 0.146355135983 0.060190938464 0.991609455405 8234.0 9.42192137312 23.9807359188 0.864204023993 4866.56504732 4712.03075082 4375 5082 278.955461382 8.92224338351 0.0533428303351 7.14594336723e+19
TARA micro 95667.0 5826 7067.61542722 0.28804195164 0.0368 0.134535937501 0.357555543922 -0.000800088341763 0.805603465628 0.185223992687 0.0444458381678 0.995330095904 4252.0 6.76931439263 29.8567608876 0.935211091655 8631.22825117 8385.24531395 7873 9174 507.907279698 18.8360312667 -0.0393890985086 -1.88438283236e+35
TARA micro 56690.0 2887 6171.59602068 0.253561761238 0.0588 0.123810580496 0.367348103307 -0.00175853617009 0.813515760719 0.226030171686 0.0588639971776 0.994111436148 3337.0 7.19527253484 27.6288797844 0.772205989146 4393.87331842 4238.58106368 3884 4552 263.673539967 12.1253296733 0.0521668592386 5.00702950995e+20
TARA micro 110152.0 4750 11567.1574468 0.242600747193 0.0444 0.120909195293 0.349250146209 -0.00109511812567 0.812201650884 0.203782046559 0.0540707386157 0.99526212397 5956.0 6.73342290653 37.3022155776 0.814807613418 6303.68499099 6423.76349349 6195 6969 409.057439259 14.3119040564 0.0479189444404 1.93009721403e+24
TARA micro 72312.0 2658 12193.5174415 0.22529357571 0.0572 0.115725598743 0.339691004144 -0.00204679715485 0.798774645311 0.204294551271 0.0542510233433 0.993427942735 3923.0 8.3250359553 21.3951132406 0.770168457139 3744.69145058 3620.30347757 3476 3987 237.470771946 9.88438811679 0.0480787176202 1.359554635e+24
TARA micro 82500.0 5552 12231.8076775 0.295903177481 0.0177 0.140084919883 0.337609186971 -0.000805284826165 0.784923929824 0.156400020688 0.0901454545455 0.989843941377 7437.0 10.696969697 55.5915740118 1.10761507611 8814.61208066 8874.74690769 7802 9277 490.347045711 19.3295829173 0.0798893290254 3306670794.32
TARA micro 123509.0 6974 7173.96876142 0.26944042557 0.0419 0.135173740484 0.30431832655 -0.000665134846145 0.795829180053 0.164042323414 0.0369203863686 0.996577304328 4560.0 5.33807252913 28.3146110687 1.22712216131 11145.9442708 11413.7074323 9871 11763 594.75936362 19.8441563585 0.032719840498 2.87660522686e+50
TARA micro 119710.0 3299 11687.9814224 0.191401089738 0.1013 0.105568922396 0.340346275855 -0.00181115298017 0.819432299137 0.231343134464 0.0272324784897 0.997007020161 3260.0 4.2168574054 12.0854419476 0.670267681165 4674.73143936 4671.63276172 4320 4963 282.053251848 9.53492102243 0.0241341556844 2.66263251806e+91
TARA micro 125791.0 5523 53505.2188515 0.25773986165 0.0096 0.128393913689 0.303261951311 -0.000885555503164 0.734453855064 0.101293771731 0.120096032308 0.981146828527 15107.0 16.2126066253 53.4708873059 1.0404572495 8783.38007038 8515.93340241 7630 9057 470.262533988 15.572210237 0.106432337471 670632.266858
TARA micro 134591.0 2958 34821.6460936 0.18986413465 0.0561 0.106085095069 0.292622294568 -0.00200993247276 0.773846679182 0.163784681736 0.0486956780171 0.993977743795 6554.0 6.9373137877 18.1349778015 0.827652225874 4178.30383696 4003.58814013 3836 4399 250.381121448 8.06287932183 -0.0431554210119 -4.19745509457e+29
TARA micro 106220.0 3070 12648.8228083 0.1972144494 0.0865 0.108398889517 0.322417764863 -0.00189448493798 0.804366601526 0.207615461419 0.0298154773112 0.996233665374 3167.0 4.57352664282 11.903738676 0.789439771726 4516.75814594 4372.1145197 4066 4720 265.180075425 9.41965999128 0.0264232787884 3.47184807464e+76
TARA micro 127765.0 3874 12577.6275418 0.20912418949 0.0796 0.110462040309 0.340671033052 -0.00147271309386 0.812419269665 0.212087036278 0.0212890854303 0.996757706646 2720.0 4.13650060658 12.4977010855 0.700332921093 5272.44991525 5166.75869712 4992 5664 329.39421292 10.8381128006 0.0188669607266 3.29601921124e+148
TARA micro 115925.0 3937 17500.5300672 0.217239223332 0.0472 0.113949180323 0.329640169964 -0.001403881902 0.79578235411 0.184210990705 0.0440025878801 0.994620312478 5101.0 7.66616346776 23.5610737269 0.793584094451 5674.28771358 5581.85821269 5212 6020 337.54409561 11.5631687189 0.0389962781689 9.12642228362e+35
TARA micro 78486.0 3103 10502.5878602 0.243829206302 0.0574 0.118717702803 0.380584982985 -0.00170807671328 0.823765094012 0.242208008414 0.0589659302296 0.994388972869 4628.0 7.38857885483 30.8992133719 0.611468610026 3740.33746171 3788.30044019 3833 4146 275.227513019 11.076069637 0.0522571950538 4.29154905135e+20
TARA micro 96066.0 2955 12354.1023951 0.207722305402 0.0788 0.11063077838 0.331276223907 -0.00192771957007 0.804433474203 0.209276363431 0.0287614764849 0.995707175279 2763.0 5.39108529553 12.9930749379 0.747436934208 4186.51966883 4051.61061042 3855 4427 257.478765928 9.53394475962 0.0254891948767 1.35676660617e+82
TARA micro 81189.0 3335 7173.36206888 0.238226874149 0.0763 0.118859050458 0.357091594247 -0.00158731947421 0.814771374395 0.222313839324 0.0367044796709 0.996071927001 2980.0 4.99698234983 16.6282458213 0.742878680323 4655.98651631 4504.23892677 4346 4971 294.925884661 11.7043484349 0.0325284981691 1.0872883326e+51
TARA micro 129135.0 3829 11089.3606367 0.194271627675 0.093 0.108364047172 0.316119999818 -0.00151945036232 0.813450918249 0.214369620347 0.0291245595694 0.99719323321 3761.0 4.09958570488 14.7258657706 0.83615719441 5838.63811696 5673.46359159 5151 6039 325.271957647 10.6552435979 0.0258109688824 1.37292829047e+80
TARA micro 117215.0 4563 14632.3295109 0.223105242491 0.0432 0.117632650804 0.321593279128 -0.00117251761792 0.797437256147 0.181276929283 0.0547114277183 0.994922344114 6413.0 6.67150108774 34.3260730154 0.914772976986 6993.58350668 7009.03572512 6239 7338 390.857762088 13.3278124545 0.0484867403739 5.64312189096e+23
TARA micro 70387.0 3362 12324.4276259 0.264888486776 0.0344 0.124039466713 0.399742523165 -0.00150722337962 0.821171374573 0.233840831566 0.0831971812977 0.991341709373 5856.0 9.83562305539 43.8351965414 0.568221756745 4435.5702049 4259.17569121 4252 4774 301.11728221 12.6721843269 0.0737315821878 94718103203.6
TARA micro 128677.0 4215 13270.5207314 0.206867393262 0.0656 0.110308233761 0.344357076923 -0.00135549405329 0.819276763198 0.221081286676 0.0434110213947 0.996385366519 5586.0 5.40966917165 28.6493735542 0.704876665663 6092.14854445 6019.25670063 5560 6424 358.179198486 11.7502502322 -0.0384720160213 -8.08058767814e+36
TARA micro 120366.0 4257 20092.7557414 0.21739199684 0.0383 0.113063372215 0.353687005163 -0.00130874344294 0.807985591885 0.200795486068 0.0652343685094 0.993862627151 7852.0 7.97235099613 40.9212454549 0.683753890329 6194.89796533 6147.95232504 5625 6511 363.813782539 12.2702026669 0.0578124538379 1.24171205126e+17
TARA micro 133642.0 4105 18426.5573634 0.208078548636 0.0544 0.111340718853 0.322075606907 -0.00137864683976 0.79923290243 0.187978781467 0.0397629487736 0.995522250652 5314.0 6.72393409258 22.1852153263 0.796075331752 5918.36682391 5780.36076598 5409 6245 347.710570605 11.2290154211 -0.0352389958386 -5.11897129542e+43
TARA micro 91124.0 3486 9369.77437176 0.231838348053 0.068 0.116373459722 0.362596151442 -0.00155175564489 0.817212456942 0.224945672105 0.0299262543348 0.995780659697 2727.0 5.7997892981 17.2593967532 0.670497011755 4775.79681925 4593.48015356 4485 5098 305.167002877 11.5481122081 0.0265214523694 9.70155616982e+75
TARA micro 96919.0 3386 8493.04428305 0.216401371723 0.088 0.112853303607 0.344749904633 -0.00164852704697 0.821399920408 0.233979559239 0.0342141375788 0.996644082914 3316.0 4.97632043253 17.1253791718 0.727492352438 4697.86794185 4577.68120267 4400 5023 294.818745014 10.8763328909 0.0303214899535 3.19773944125e+58
TARA micro 74287.0 2760 5279.49595146 0.219734321271 0.1207 0.112439914917 0.380362432969 -0.00203002542123 0.837441373306 0.275573271678 0.0282552801971 0.996998200274 2099.0 3.9899309435 11.7319221443 0.571545568613 3812.95926572 3706.22044218 3556 4052 245.994646138 10.1263438913 0.0250405900969 1.10357952453e+85
TARA micro 112059.0 3862 12699.569033 0.214606048305 0.0622 0.112518354927 0.345012884364 -0.00144973634708 0.814056312094 0.215102152215 0.0459936283565 0.995836298228 5154.0 6.01022675555 26.9199215299 0.72427448486 5564.97492095 5444.65184892 5079 5862 332.078162246 11.5368938878 -0.0407607918488 -1.08509336981e+33
TARA micro 118035.0 5849 14548.8763179 0.252647360354 0.0272 0.128510354679 0.308676246761 -0.000835419544711 0.789590089613 0.161057923667 0.0665311136527 0.993722209368 7853.0 8.3068581353 48.5565896593 1.1042951717 9128.25713987 9299.35445188 8165 9664 500.739100947 17.0245726538 0.0589616642994 3.04086696476e+16
TARA micro 69313.0 2535 6324.79036753 0.219492405748 0.1057 0.112647626246 0.374864863504 -0.00220604370336 0.827611718294 0.258644537685 0.0309610029865 0.996269543334 2146.0 4.91826930013 11.9225344769 0.602402864532 3463.5676136 3437.57800173 3270 3715 227.338224281 9.62876562222 0.0274384744856 1.25251525964e+71
TARA micro 92320.0 4001 7709.02473832 0.242431220139 0.0646 0.119236597376 0.375183914702 -0.00131880830352 0.826615194751 0.237186382725 0.0440857885615 0.996132068512 4070.0 5.99111785095 27.3237533847 0.662206215487 5540.348547 5368.76804794 5187 5917 349.863935413 13.1680253359 0.039070012853 6.76280652678e+35
TARA micro 115773.0 4304 8650.98420523 0.218733785302 0.0772 0.115923989577 0.319814042025 -0.00126181871096 0.808739594101 0.201643762814 0.0261978181441 0.996990361212 3033.0 4.15468200703 14.0252400815 0.90078625618 6604.43778069 6370.58431183 5825 6844 369.058864488 12.6493619313 0.0232172118274 4.5286382951e+98
TARA micro 75826.0 3249 6790.77255374 0.235046968892 0.0743 0.119276471906 0.344653616702 -0.00162349834018 0.810031759975 0.214976626148 0.0384960303854 0.995856033559 2919.0 5.38205892438 17.126574484 0.818514188679 5043.91893697 4742.85325981 4368 5139 289.065787876 11.7988760307 -0.0341162186505 -3.41756174164e+46
TARA micro 61425.0 2857 7662.52389703 0.252137423385 0.0569 0.120843189193 0.397710848505 -0.00182174374073 0.831812996291 0.262019058607 0.0657712657713 0.993849825961 4040.0 7.71672771673 34.6608747171 0.571293194235 3752.93137627 3692.93449944 3634 4075 259.034175177 11.5275670722 0.0582882666476 6.86579167482e+16
TARA micro 56449.0 3540 3809.47801487 0.278798498749 0.0626 0.131296353994 0.378654994113 -0.00135022078418 0.819683962978 0.228899429418 0.0424985385038 0.995486606642 2399.0 6.05856613935 20.9725280076 0.830983047176 5257.71691602 5292.75791813 4801 5600 323.459461228 14.8996180562 -0.0376633491144 -2.79485650134e+38
TARA micro 161337.0 3762 23972.3472691 0.190263971852 0.0713 0.104345291732 0.334362670531 -0.00160721810118 0.811313571935 0.211317934967 0.0403937100603 0.996270438724 6517.0 5.35648983184 22.1692652689 0.623527454608 5050.36449629 4887.34498065 4772 5387 313.64535009 9.3659493027 -0.0357979934744 -2.51573102992e+42
TARA micro 108587.0 2934 19315.4042664 0.199394920604 0.0662 0.108601328074 0.320566797535 -0.0019785326121 0.78703969789 0.182349859099 0.0313573448019 0.994854535638 3405.0 5.71707478796 12.3222859296 0.772962430646 4097.42534837 4054.99629879 3835 4388 252.947162726 8.90371380993 0.0277897232741 2.24804314729e+69
TARA micro 76315.0 3959 7631.88319665 0.253684781342 0.0464 0.12486902759 0.354779356781 -0.00127121760388 0.817493546818 0.220307544621 0.0615475332503 0.99456075206 4697.0 7.37469697962 39.7307385675 0.858669675405 5691.20639071 5743.60796252 5319 6146 352.053019095 14.3311336925 0.0545450811617 1.10952026051e+19
TARA micro 124569.0 3299 19824.8388059 0.195659818552 0.0671 0.107897196503 0.315250256604 -0.00177133693441 0.788102711716 0.179416613164 0.030577430982 0.995483403439 3809.0 4.84390177331 12.0536545211 0.792490897994 4742.73431127 4712.82543635 4360 5032 281.09675325 9.3471094158 0.0270985426474 7.1191158752e+72
TARA micro 128823.0 3387 12909.7852801 0.18731328357 0.1008 0.10422412077 0.340128342067 -0.00178727824271 0.821854429289 0.234834263633 0.0282170109375 0.99707073294 3635.0 4.41846564666 13.6149377681 0.654781809148 4956.79800335 4753.21716226 4429 5126 287.773583665 9.43666400829 0.0250066748486 1.85868407396e+85
TARA micro 83820.0 6072 10666.4749737 0.307356970501 0.0176 0.142263051244 0.349429678504 -0.000724672296101 0.798652835294 0.172939801836 0.0885230255309 0.99061838918 7420.0 10.5237413505 61.5808044881 1.08418835724 9115.33962824 9098.71937419 8398 9836 535.53029028 20.9728733683 0.078451488748 6754929121.2
TARA micro 100842.0 5685 35887.8319016 0.292763373411 0.0087 0.139256620591 0.310743303914 -0.000791277069129 0.732620328271 0.0989387056523 0.123926538545 0.97976467764 12497.0 17.2983479106 54.2552623949 1.14502574164 8871.48321167 8840.09555385 7930 9385 493.346667538 17.9023376436 0.109827035237 340857.61601
TARA micro 109445.0 4290 10818.5012631 0.220340540735 0.0568 0.116543994672 0.323763327601 -0.00125905023317 0.809018411864 0.202240621983 0.0479144775915 0.99589315239 5244.0 5.87235597789 31.2839772737 0.891234278035 6817.70293354 6667.51836194 5870 6957 369.640129177 12.967591748 -0.0424631001606 -3.55459838005e+30
TARA micro 68606.0 3576 8500.78921638 0.263003071615 0.0415 0.12556642599 0.377584824241 -0.0013993474371 0.814390637 0.218787610004 0.0670058012419 0.993263650691 4597.0 9.05314403988 36.4217338191 0.733878788854 5166.74893523 4985.19747646 4729 5465 321.026991161 13.6526344031 0.0593823452221 1.85380415671e+16
TARA micro 149404.0 4237 16869.6866686 0.202905634441 0.0687 0.108802830163 0.334694533933 -0.00136748930772 0.808489135125 0.201824421652 0.0313445423148 0.99656259444 4683.0 4.8158014511 16.8086422927 0.700953081964 5811.23748714 5754.92069124 5484 6238 355.535879658 10.9616858496 0.0277783773654 2.55371056365e+69
TARA micro 93757.0 4353 11907.6759662 0.248633600429 0.0375 0.121701926701 0.366472082038 -0.00118701964706 0.816125642941 0.214069077173 0.0672163145152 0.993874938362 6302.0 7.6143647941 44.6449287467 0.728491202971 6231.40276297 6044.76309941 5737 6612 380.138410655 14.2163077349 0.0595689077531 1.49343392507e+16
TARA micro 73002.0 3350 10636.9503034 0.248671481491 0.0427 0.122864920743 0.347235131976 -0.00152745330682 0.800115637584 0.19718377121 0.0660666831046 0.993017087453 4823.0 8.905235473 32.4260585934 0.832706483352 4969.46155798 4736.8746025 4465 5197 299.06479651 12.3987364263 0.0585500734426 4.98589490654e+16
TARA micro 100452.0 4363 7860.26698038 0.234837350039 0.0632 0.119896047167 0.336954645497 -0.00120257577542 0.815604827536 0.213046129936 0.0423485843985 0.996372937547 4254.0 5.28710229761 27.3626361688 0.87278625744 6349.25485777 6335.06055947 5857 6790 378.730150748 13.7659414798 -0.0375304557488 -5.11426448478e+38
TARA micro 123658.0 4166 17550.844295 0.212255404421 0.0478 0.111066782771 0.357976846724 -0.0013618799636 0.8177517266 0.218746066669 0.0565673066037 0.994979513765 6995.0 7.36951915768 36.9398811715 0.6348793933 5926.538509 5812.51379834 5444 6259 355.215550236 11.8469936743 0.0501314702125 2.01825365321e+22
TARA micro 95349.0 3283 8306.0608952 0.213375348511 0.0922 0.111782439997 0.352064760458 -0.00171688034442 0.823636190449 0.239572732479 0.0357948169357 0.996696918851 3413.0 4.62196771859 17.9709169318 0.69413267579 4594.67287772 4476.450059 4276 4894 286.255069729 10.6319472063 0.0317223305601 3.84442787312e+53
TARA micro 87909.0 4329 12449.170286 0.274022936154 0.0321 0.127171888288 0.385528073205 -0.00114095955261 0.820222279649 0.221771956603 0.0741334789384 0.992796941951 6517.0 9.31531470043 46.869850264 0.681300496111 5245.60374377 5291.55744644 5390 5838 380.18079339 14.6006071532 0.0656990851127 3.2831620194e+13
TARA micro 122930.0 4011 12693.465495 0.210040656459 0.0689 0.110745695007 0.346528140512 -0.0014186934963 0.821908884646 0.227995482253 0.0436752623444 0.996382400731 5369.0 5.63003335231 28.466088785 0.686180902356 5597.34146011 5487.00371224 5211 5958 342.168552963 11.439939328 -0.0387061934658 -3.01742085484e+36
TARA micro 147018.0 4184 17710.8028095 0.205017235685 0.0652 0.110341653445 0.317514179986 -0.00136511516639 0.799586944438 0.187817960434 0.033315648424 0.996333434062 4898.0 5.17011522399 17.2006447324 0.803913182598 5725.97515959 5700.05455628 5438 6183 351.562523752 10.9120518433 0.0295252246723 4.14954766274e+61
TARA micro 69585.0 2810 4384.09456196 0.221290324824 0.1227 0.113654299669 0.374981544116 -0.00197214726329 0.838827418272 0.277818734186 0.0310411726665 0.997100811729 2160.0 3.95056405835 14.0733614378 0.631038925583 4058.28418304 3997.24732198 3698 4271 251.921375682 10.6524254648 0.0275095230147 5.48561953031e+70
TARA micro 118179.0 4738 42945.7258813 0.255045403869 0.0143 0.12909584251 0.282331449537 -0.00102650753463 0.72424826154 0.0967371394276 0.0967261527006 0.985222859809 11431.0 13.9068700869 40.2234938906 1.16243782826 7369.56356673 7234.08151206 6550 7739 405.566606619 13.7824016159 0.0857213209187 259711936.273
TARA micro 77211.0 3748 4986.9610565 0.240225495369 0.0784 0.122145193499 0.343342745372 -0.00137350038068 0.81535170455 0.218620079004 0.0240898317597 0.99659874126 1860.0 4.35818730492 13.1562868137 0.885021259267 5883.62765963 5819.57954743 5154 6098 332.939492277 13.4883862431 -0.0213490575351 -2.34277801579e+116
TARA micro 89154.0 4260 3642.88471935 0.2507148291 0.1073 0.123880639289 0.347966519082 -0.00119106785139 0.824584183083 0.230676993837 0.0131682257667 0.997813296022 1174.0 2.44857213361 7.06849339879 0.883939991805 5860.10446164 5926.14703433 5634 6419 373.65809596 14.2672142333 0.0116700362348 inf
TARA micro 111240.0 4547 16945.9747061 0.234841230872 0.0341 0.119332780555 0.339381016064 -0.00115948931674 0.797974411361 0.182229025775 0.0654980222941 0.993554577822 7286.0 8.3207479324 40.1511078133 0.833528384257 6471.72833871 6491.25265197 6059 6978 391.240707225 13.6330950966 0.058046110921 9.26553289697e+16
TARA micro 109336.0 5555 12684.5476843 0.252774295966 0.0296 0.128670996926 0.310369832805 -0.000878505738792 0.792785001438 0.16736186843 0.0657697373235 0.993926736976 7191.0 7.87938099071 47.7952474179 1.10040729765 9279.04277513 9015.68289642 7820 9397 478.703099481 16.7997366006 0.058286912096 6.87724257893e+16
TARA micro 144234.0 3923 19767.3484578 0.190361214823 0.064 0.106650702196 0.315846144045 -0.00150733031351 0.804650897243 0.19840053407 0.0429025056505 0.996018424977 6188.0 6.19063466312 24.6634382846 0.793033816364 5833.89748233 5800.12693253 5240 6104 330.157128049 10.3296233052 -0.0380213556769 -5.66231071135e+37
TARA micro 127264.0 4481 34661.4312851 0.238400896493 0.0227 0.118800491948 0.336970721573 -0.00118196416381 0.784177492377 0.162724410093 0.0870945436258 0.990189159125 11084.0 10.4507166206 47.8581916606 0.772467125276 5718.09126573 5673.29774722 5682 6301 381.146229202 12.5609405248 0.0771855296212 13091605880.1
TARA micro 155298.0 5669 20557.5564313 0.221997663139 0.0352 0.117575919037 0.308497390143 -0.000944229867625 0.793610203321 0.16785525533 0.0570258470811 0.994992239734 8856.0 6.92088758387 42.8645822931 0.961316207361 8355.68792727 8447.74000587 7687 8948 474.18656782 14.3854524433 0.05053784113 9.31126108813e+21
TARA micro 109195.0 5481 13707.7244608 0.253585727609 0.0281 0.128449335723 0.311761616432 -0.00089194570617 0.792946467854 0.168059786682 0.069004991071 0.99351755343 7535.0 8.22107239342 49.4353739994 1.09130051547 8405.49851724 8487.93397809 7603 8956 472.377527797 16.5866402679 0.0611540810778 2.57364232282e+15
TARA micro 103619.0 4618 104127.840327 0.282392286122 0.0048 0.136080432703 0.285354658478 -0.000997572845675 0.667538661476 0.0602902942382 0.195466082475 0.95500718301 20254.0 24.3970700354 55.1322940893 1.14211769197 7006.37545234 7094.27200249 6388 7503 399.793012007 14.3461124354 0.173227302662 560.183025035
TARA micro 57414.0 3800 14050.038667 0.302460131801 0.016 0.137038837749 0.38005627639 -0.0012035701828 0.786167509733 0.171385371411 0.118612185181 0.983544442872 6810.0 14.7681750096 50.5190590151 0.834637049382 5518.17665976 5404.87316201 5108 5919 346.68597689 15.8589596499 0.105117312194 886792.147439
TARA micro 114753.0 6254 9225.58778267 0.264866209798 0.0352 0.127145774605 0.366336597186 -0.000789935374659 0.822469823303 0.211742961772 0.0561989664758 0.995459292737 6449.0 6.79110785775 49.6464247872 0.816434156048 9000.58631838 8900.31763212 8358 9657 536.713445428 18.4618769837 0.0498050372735 3.8088148411e+22
TARA micro 104170.0 4985 11333.6773265 0.249131652012 0.0371 0.122048590852 0.367683149285 -0.00103351167994 0.82045580509 0.216666029653 0.0626187961985 0.994593885028 6523.0 7.67975424786 46.9664170682 0.733407887608 7410.47619862 7122.14362479 6630 7718 431.373994778 15.4452104633 0.0554944632306 2.77244947644e+18
TARA micro 68102.0 4906 7096.91069464 0.304713278404 0.0264 0.139475208841 0.370860898887 -0.000915436189397 0.811086821874 0.200641328834 0.0781915362251 0.992290512591 5325.0 9.19503098294 51.8892851935 0.9575962369 7409.84747211 7212.08314078 6703 7856 440.749839163 18.7995567922 0.0692954447452 1.86755201439e+12
TARA micro 64924.0 2605 6080.12883678 0.224935664655 0.0927 0.114495231152 0.377134652996 -0.00211138209442 0.82952787094 0.261353946738 0.043805064383 0.995859970277 2844.0 5.52646170908 19.9286556511 0.625834424724 3624.77338085 3616.88471922 3400 3886 234.997421797 10.2236292798 0.0388212275274 1.87199300769e+36
TARA micro 161515.0 4113 37852.1161275 0.206324824079 0.0392 0.109930788069 0.315923480711 -0.00139397565218 0.778386827902 0.157940035016 0.0471039841501 0.993790397298 7608.0 8.26239049005 23.7120765439 0.752541850633 5512.60265043 5371.6640822 5255 5932 342.885161761 10.2341617962 -0.0417448190499 -3.65038925762e+31
TARA micro 112335.0 4092 10613.0123949 0.22084052461 0.0663 0.114184012499 0.347947951554 -0.00134786638937 0.819962631845 0.223536329853 0.0438776872747 0.996314990724 4929.0 5.58508034005 28.2702585286 0.731502442973 5679.57758431 5620.60222977 5343 6102 351.785648381 12.2089433957 0.0388855878894 1.4358295284e+36
TARA micro 68985.0 2557 5288.57545368 0.22659511457 0.121 0.113779006618 0.391297320846 -0.00216485285073 0.837398420675 0.278906541459 0.028324998188 0.996768446631 1954.0 4.3110821193 10.9039107658 0.532810254877 3289.74184045 3283.43967791 3220 3584 229.409584028 9.73539088899 0.0251023760576 4.29242092567e+84
