BOVINE micro 941.0 38 11305.158606 0.254030519227 0.0528 0.14457622543 0.203031489457 -0.113878653915 0.364679113596 0.0748115582669 0.695005313496 0.501295905841 654.0 78.427205101 5.67437458806 1.86719679364 192.163829787 90.4153846154 60 81 5.40387136941 1.23876459661 0.564974848759 4.57056894632
BOVINE micro 2435.0 109 4674.91148488 0.234781155911 0.0973 0.123194130624 0.310928169094 -0.0468160418939 0.655009071332 0.190777165046 0.241067761807 0.905672832453 587.0 34.1683778234 6.01664074787 1.08526643404 171.301447879 178.189212426 152 181 13.8502342752 2.20890488258 0.21363978699 115.292220127
BOVINE micro 3128.0 35 53468.1226891 0.134210144416 0.1333 0.0877794180749 0.298584216295 -0.205899292452 0.576004849137 0.198576117234 0.413043478261 0.785630858315 1292.0 53.3248081841 4.26303780625 0.609195058325 45.0031979533 45.5278592375 45 51 4.2245738207 0.625798722371 0.363487657467 12.1032588863
BOVINE micro 2851.0 11 485146.163636 0.109204611348 0.1322 0.0792683346766 0.268741430439 -0.726331932925 0.284999293484 0.098059728557 0.82216766047 0.312223086019 2344.0 90.8453174325 2.77349244499 0.826329674793 11.6669005848 12.2743484225 13 14 1.25700385438 0.206012739132 0.637976446382 3.73193663482
BOVINE micro 2141.0 31 24886.8623656 0.156341538793 0.1653 0.0959920902998 0.29160326046 -0.212311764592 0.578135251132 0.209376578601 0.302662307333 0.804865571336 648.0 56.1419897244 2.74223390917 0.799168299656 33.7285471538 36.4765730982 37 38 3.91183848476 0.669966920764 0.268158641357 35.1242198981
BOVINE micro 2496.0 44 37413.4122622 0.162097869848 0.0809 0.101470384943 0.272763694639 -0.141380149696 0.496876674355 0.129193279015 0.484775641026 0.719042776134 1210.0 67.0272435897 5.19207343814 1.0085635373 158.045691383 71.409874638 63 81 5.49700272575 0.880704845928 0.421067293961 8.28787989844
BOVINE micro 3501.0 28 177702.628307 0.155863093793 0.0836 0.0949668190096 0.236544660709 -0.237635847106 0.421438882363 0.113805871965 0.631533847472 0.572838331334 2211.0 76.2924878606 4.57339967571 0.712503754276 38.0028571429 33.131735047 34 39 3.30849757714 0.473218784793 0.525038698482 5.2193300969
BOVINE micro 4037.0 32 168935.426411 0.1522715255 0.0886 0.0948903863986 0.239441416894 -0.208101361138 0.428413063627 0.110126928932 0.503591776071 0.64740989788 2033.0 81.1245974734 3.90868648361 0.92933771919 36.2867761574 35.6481979559 38 41 3.73347465324 0.503640450366 0.43542148168 7.67019189721
BOVINE micro 1139.0 45 8617.4010101 0.264563488709 0.0707 0.130891028669 0.283191883719 -0.106555788374 0.500686593466 0.130130900565 0.532045654083 0.685509600168 606.0 66.5496049166 5.69245216339 1.23344799764 59.0123022847 58.325993499 59 67 6.25185960547 1.33336991463 0.456529563278 6.90863952243
BOVINE micro 3094.0 50 28781.6179592 0.176273790841 0.1195 0.0990555199562 0.359095022624 -0.127498984877 0.633803699458 0.223158246183 0.359728506787 0.832676962188 1113.0 50.0969618617 5.13062443693 0.320254667993 76.4085354025 61.2555348011 62 72 6.09663538017 0.898896831621 0.318143777517 18.2529249861
BOVINE micro 1451.0 47 15119.9833488 0.250007045928 0.0605 0.130950160731 0.222341158702 -0.101974105833 0.431662560686 0.0928185499841 0.538249483115 0.648373397752 781.0 77.5327360441 5.34486081437 1.46367094123 115.447172414 74.0495691211 66 83 6.31867415559 1.23385507495 0.46103768186 6.76478882475
BOVINE micro 1646.0 60 4206.31751412 0.205119358554 0.1539 0.111934005699 0.333657351154 -0.0938121117016 0.659513302673 0.235318979929 0.204131227217 0.891733559319 336.0 36.5735115431 3.36111309413 0.857920706796 87.192991239 96.6039150354 82 96 7.96640243363 1.47889157534 0.180906579018 384.627714675
BOVINE micro 2146.0 39 13853.4993252 0.194677918596 0.1832 0.104458704527 0.371484216312 -0.154863351964 0.663995058893 0.273376411209 0.267008387698 0.860049125836 573.0 44.9207828518 3.11028582625 0.396637666688 53.0065268065 43.9598737328 46 52 4.95348874606 0.841879138964 0.236621901079 64.0025052473
BOVINE micro 1053.0 55 1421.60808081 0.233904495257 0.208 0.12091335515 0.340550807217 -0.0945750501574 0.703002891578 0.291284926839 0.178537511871 0.912584584 188.0 28.5849952517 2.59252581388 0.89098523515 93.2181126858 78.9379466632 76 92 7.75929125281 1.69491726624 0.158224750131 1358.18322032
BOVINE micro 10580.0 44 279910.765328 0.106188444686 0.1745 0.0763368667511 0.293864925245 -0.188627334709 0.62397809953 0.223353810685 0.221361058601 0.869745927151 2342.0 39.3289224953 2.73502721491 0.445221952568 52.0007562151 50.5838405177 52 57 4.64026071001 0.42776952613 0.196176016047 204.823023513
BOVINE micro 5450.0 21 614451.061905 0.12803482595 0.1032 0.086978522628 0.18496286588 -0.346365567042 0.351497540078 0.0957896971775 0.60623853211 0.538644019864 3304.0 91.0275229358 3.26431732735 0.989237950556 22.2002202239 22.9211347518 24 25 2.32467020906 0.284459893821 0.508351102355 5.54970596543
