BOVINE micro 919.0 16 25919.0625 0.254002942425 0.1195 0.129912597705 0.318076713819 -0.302009883918 0.422255801795 0.148292212864 0.711643090316 0.477159139482 654.0 80.3046789989 3.47584937427 1.37874215067 16.0 16.0 16 15 2.19835424325 0.527791299803 0.575023086551 4.43253814361
BOVINE micro 2392.0 66 7270.03263403 0.274013009054 0.155 0.127923942044 0.388441268876 -0.0743846550373 0.708918137091 0.284527728185 0.245401337793 0.90225850382 587.0 34.7826086957 4.68361135231 0.775345191228 66.0 66.0 66 52 8.35487915806 1.34947035318 0.217479845508 103.290087952
BOVINE micro 3118.0 25 71190.96 0.169395118194 0.1854 0.0969890260512 0.385516356639 -0.260518837449 0.629241968678 0.274147262879 0.414368184734 0.784254639308 1292.0 53.4958306607 3.56156359491 0.329355514617 25.0 25.0 25 21 2.98323902593 0.447715317778 0.364589798884 12.0006301625
BOVINE micro 2135.0 25 29672.4166667 0.174186010213 0.2038 0.1007090076 0.327868852459 -0.250742374867 0.610936804482 0.256076470534 0.303512880562 0.803768572196 648.0 56.299765808 2.36800320098 0.672305241624 25.0 25.0 25 20 3.13061638871 0.541054569187 0.268909450062 34.7014191836
BOVINE micro 2477.0 25 62705.3266667 0.210089040371 0.1402 0.11122325399 0.365926524021 -0.226617831608 0.567606375581 0.217314641287 0.488494146145 0.714719138317 1210.0 67.5413807025 3.811581249 0.680905195762 25.0 25.0 25 24 3.07109452164 0.502315992658 0.423929190026 8.15722715591
BOVINE micro 3495.0 22 222880.313853 0.208532178333 0.106 0.112671833629 0.273949798413 -0.254140628743 0.450011989866 0.143756747063 0.632618025751 0.5713709141 2211.0 76.4234620887 3.99236250797 1.01484209411 22.0 22.0 22 21 2.57381686716 0.372133776921 0.525743613123 5.20624945878
BOVINE micro 4031.0 26 204852.998462 0.176614172706 0.1088 0.103041527099 0.261254126672 -0.235547564349 0.452144397936 0.134514799985 0.504341354503 0.646359850331 2033.0 81.2453485487 3.4529501752 0.991319918901 26.0 26.0 26 23 3.0114060873 0.409512298351 0.43598674361 7.64768182735
BOVINE micro 1125.0 31 12238.4795699 0.314425175041 0.1001 0.145808837283 0.314810035842 -0.138371369481 0.532824589043 0.174403222476 0.538666666667 0.677644641975 606.0 67.3777777778 4.65978396769 1.38925611006 31.0 31.0 31 25 4.27013541973 0.9242414307 0.46133964454 6.75536359584
BOVINE micro 3082.0 38 36534.5291607 0.267945589308 0.1561 0.124469083392 0.406502954336 -0.132877457461 0.674603693365 0.28740452902 0.361129136924 0.831372719115 1113.0 50.29201817 4.47011636139 0.484095153327 38.0 38.0 38 36 4.6058087373 0.684490270614 0.319356099301 18.0208467525
BOVINE micro 1432.0 28 24705.9047619 0.301257857558 0.0989 0.147938899074 0.254489225858 -0.150911449678 0.472432763432 0.141743856576 0.545391061453 0.638989887956 781.0 78.561452514 4.00087945948 1.71925681387 28.0 28.0 28 26 3.71551417266 0.739922991614 0.466186279183 6.60754809118
BOVINE micro 1624.0 38 6051.3883357 0.253864754503 0.2366 0.120349867923 0.41803863106 -0.137541486451 0.721101801627 0.345350165768 0.206896551724 0.888788705137 336.0 37.0689655172 2.53898525098 0.518701537858 38.0 38.0 38 30 5.0049728323 0.942954167272 0.183357278449 344.249875016
BOVINE micro 2139.0 32 16178.4586694 0.264579253384 0.2218 0.124256995763 0.409493338008 -0.158068289452 0.696006705728 0.327684149927 0.267882187938 0.85913316246 573.0 45.0677886863 2.76330584836 0.624440125579 32.0 32.0 32 31 4.0427257642 0.691902000103 0.237395766185 62.9092726923
BOVINE micro 1032.0 34 1987.32620321 0.294068215049 0.3232 0.132712219147 0.437186502508 -0.139038361568 0.769272634846 0.426375801921 0.182170542636 0.909010501172 188.0 29.1666666667 1.8428552481 0.587462393876 34.0 34.0 34 29 4.75555445248 1.05837377082 0.161444439704 1101.36063754
BOVINE micro 10572.0 36 327872.0 0.130108145436 0.2129 0.0841802180055 0.338630344306 -0.208845931439 0.657250481647 0.272599136548 0.221528566023 0.869548793499 2342.0 39.3586833144 2.39078906543 0.359103543758 36.0 36.0 36 33 3.77726472481 0.35012564633 0.196324463286 203.704789942
BOVINE micro 5447.0 18 709123.545752 0.144445625251 0.1203 0.0932484020833 0.20033453685 -0.376569108303 0.36861781503 0.111889585486 0.606572425188 0.538135786449 3304.0 91.0776574261 2.9577182381 1.08321436374 18.0 18.0 18 16 1.9760961466 0.243889901033 0.508574447631 5.54500510149
