BOVINE micro 919.0 16 25919.0625 0.254002942425 0.1195 0.129912597705 0.318076713819 -0.302009883918 0.422255801795 0.148292212864 0.711643090316 0.477159139482 654.0 80.3046789989 3.47584937427 1.37874215067 16.0 16.0 16 15 2.19835424325 0.527791299803 0.575023086551 4.43253814361
BOVINE micro 2392.0 66 7270.03263403 0.274013009054 0.155 0.127923942044 0.388441268876 -0.0743846550373 0.708918137091 0.284527728185 0.245401337793 0.90225850382 587.0 34.7826086957 4.68361135231 0.775345191228 66.0 66.0 66 52 8.35487915806 1.34947035318 0.217479845508 103.290087952
BOVINE micro 3118.0 25 71190.96 0.169395118194 0.1854 0.0969890260512 0.385516356639 -0.260518837449 0.629241968678 0.274147262879 0.414368184734 0.784254639308 1292.0 53.4958306607 3.56156359491 0.329355514617 25.0 25.0 25 21 2.98323902593 0.447715317778 0.364589798884 12.0006301625
BOVINE micro 2135.0 25 29672.4166667 0.174186010213 0.2038 0.1007090076 0.327868852459 -0.250742374867 0.610936804482 0.256076470534 0.303512880562 0.803768572196 648.0 56.299765808 2.36800320098 0.672305241624 25.0 25.0 25 20 3.13061638871 0.541054569187 0.268909450062 34.7014191836
BOVINE micro 2477.0 25 62705.3266667 0.210089040371 0.1402 0.11122325399 0.365926524021 -0.226617831608 0.567606375581 0.217314641287 0.488494146145 0.714719138317 1210.0 67.5413807025 3.811581249 0.680905195762 25.0 25.0 25 24 3.07109452164 0.502315992658 0.423929190026 8.15722715591
BOVINE micro 3495.0 22 222880.313853 0.208532178333 0.106 0.112671833629 0.273949798413 -0.254140628743 0.450011989866 0.143756747063 0.632618025751 0.5713709141 2211.0 76.4234620887 3.99236250797 1.01484209411 22.0 22.0 22 21 2.57381686716 0.372133776921 0.525743613123 5.20624945878
BOVINE micro 4031.0 26 204852.998462 0.176614172706 0.1088 0.103041527099 0.261254126672 -0.235547564349 0.452144397936 0.134514799985 0.504341354503 0.646359850331 2033.0 81.2453485487 3.4529501752 0.991319918901 26.0 26.0 26 23 3.0114060873 0.409512298351 0.43598674361 7.64768182735
BOVINE micro 1125.0 31 12238.4795699 0.314425175041 0.1001 0.145808837283 0.314810035842 -0.138371369481 0.532824589043 0.174403222476 0.538666666667 0.677644641975 606.0 67.3777777778 4.65978396769 1.38925611006 31.0 31.0 31 25 4.27013541973 0.9242414307 0.46133964454 6.75536359584
BOVINE micro 3082.0 38 36534.5291607 0.267945589308 0.1561 0.124469083392 0.406502954336 -0.132877457461 0.674603693365 0.28740452902 0.361129136924 0.831372719115 1113.0 50.29201817 4.47011636139 0.484095153327 38.0 38.0 38 36 4.6058087373 0.684490270614 0.319356099301 18.0208467525
BOVINE micro 1432.0 28 24705.9047619 0.301257857558 0.0989 0.147938899074 0.254489225858 -0.150911449678 0.472432763432 0.141743856576 0.545391061453 0.638989887956 781.0 78.561452514 4.00087945948 1.71925681387 28.0 28.0 28 26 3.71551417266 0.739922991614 0.466186279183 6.60754809118
BOVINE micro 1624.0 38 6051.3883357 0.253864754503 0.2366 0.120349867923 0.41803863106 -0.137541486451 0.721101801627 0.345350165768 0.206896551724 0.888788705137 336.0 37.0689655172 2.53898525098 0.518701537858 38.0 38.0 38 30 5.0049728323 0.942954167272 0.183357278449 344.249875016
BOVINE micro 2139.0 32 16178.4586694 0.264579253384 0.2218 0.124256995763 0.409493338008 -0.158068289452 0.696006705728 0.327684149927 0.267882187938 0.85913316246 573.0 45.0677886863 2.76330584836 0.624440125579 32.0 32.0 32 31 4.0427257642 0.691902000103 0.237395766185 62.9092726923
BOVINE micro 1032.0 34 1987.32620321 0.294068215049 0.3232 0.132712219147 0.437186502508 -0.139038361568 0.769272634846 0.426375801921 0.182170542636 0.909010501172 188.0 29.1666666667 1.8428552481 0.587462393876 34.0 34.0 34 29 4.75555445248 1.05837377082 0.161444439704 1101.36063754
BOVINE micro 10572.0 36 327872.0 0.130108145436 0.2129 0.0841802180055 0.338630344306 -0.208845931439 0.657250481647 0.272599136548 0.221528566023 0.869548793499 2342.0 39.3586833144 2.39078906543 0.359103543758 36.0 36.0 36 33 3.77726472481 0.35012564633 0.196324463286 203.704789942
BOVINE micro 5447.0 18 709123.545752 0.144445625251 0.1203 0.0932484020833 0.20033453685 -0.376569108303 0.36861781503 0.111889585486 0.606572425188 0.538135786449 3304.0 91.0776574261 2.9577182381 1.08321436374 18.0 18.0 18 16 1.9760961466 0.243889901033 0.508574447631 5.54500510149
CHU micro 1776.0 81 7380.36944444 0.404765255485 0.0619 0.329602310646 0.353749582916 -0.0447864295758 0.609612865234 0.169615551618 0.420045045045 0.800464527027 746.0 53.2657657658 7.65906067589 1.51945364446 81.0 81.0 81 59 10.6921583067 1.9220449414 0.369297551244 11.5795194073
CHU micro 604.0 82 255.666967781 0.586200303296 0.1768 0.511832907993 0.512841221127 -0.030879250296 0.792710428291 0.393737667766 0.190397350993 0.931039208807 115.0 29.9668874172 4.97057748174 1.90835129838 82.0 82.0 82 46 12.6491858291 3.33653268096 0.168735257928 713.723167516
CHU micro 1334.0 134 789.682190551 0.541019137936 0.1123 0.630638226655 0.488666114704 -0.0215365762262 0.77362679253 0.32493677913 0.215142428786 0.933518248372 287.0 29.3853073463 7.86059079283 1.60761198728 134.0 134.0 134 90 18.4826515038 3.6688240439 0.190664961164 253.071434305
CHU micro 436.0 81 44.7891975309 0.672478947341 0.3958 0.51748435346 0.636283837354 -0.0286718624005 0.896230812433 0.629231107572 0.0802752293578 0.96880523525 35.0 16.0550458716 3.2160086263 1.26305475307 81.0 81.0 81 43 13.1629992021 3.87919645515 0.0711420697038 504905975326.0
CHU micro 2299.0 252 245.893173338 0.56143594056 0.2536 0.569402510149 0.573291009894 -0.0118319140397 0.883668411453 0.523692832704 0.0809047411918 0.984354451062 186.0 11.9182253154 6.95202650714 0.918314104254 252.0 252.0 252 188 32.4279789374 5.25570590322 0.071699960041 346776999888.0
CHU micro 1282.0 165 305.5563932 0.596742658311 0.1658 0.665463249179 0.535233772987 -0.0157939941137 0.827976323203 0.411906359293 0.122464898596 0.9634492712 157.0 21.3728549142 6.19006374391 1.6760978833 165.0 165.0 165 109 22.9172655047 4.60829138119 0.108531690559 438100.769659
CHU micro 309.0 35 285.146218487 0.493916489479 0.2196 0.43210874225 0.487471104947 -0.0875572135523 0.759309928335 0.408057230919 0.307443365696 0.869890344676 95.0 41.7475728155 4.0977661721 1.36117304867 35.0 35.0 35 18 5.93022434178 1.99108043396 0.272377516704 32.8495169884
CHU micro 1483.0 171 336.127416581 0.570607180341 0.1837 0.783760734965 0.530136872863 -0.016215012507 0.834008896693 0.422557341564 0.108563722185 0.968170167722 161.0 19.3526635199 5.73879620678 1.5053614181 171.0 171.0 171 121 23.2818592448 4.44043518124 0.0962120937275 7954824.51743
CHU micro 341.0 40 390.409615385 0.542705699118 0.1603 0.354955846035 0.460850439883 -0.0676372728953 0.724251347551 0.345235632114 0.351906158358 0.844058788624 120.0 48.6803519062 4.83146417284 1.91741929016 40.0 40.0 40 24 6.68737755809 2.1661214443 0.311356631554 19.6522315345
CHU micro 850.0 82 773.29659741 0.543420288619 0.1233 0.443739994933 0.489985652798 -0.0351534423078 0.754836756429 0.331316723485 0.274117647059 0.901110034602 233.0 38.2352941176 6.75067216328 1.61798237709 82.0 82.0 82 61 12.0084746928 2.81257679634 0.242917195284 55.8637170297
CHU micro 805.0 69 1422.31372549 0.498324105207 0.0885 0.413170312776 0.410351966874 -0.042365343454 0.665301106491 0.231262577643 0.35900621118 0.836257860422 289.0 52.4223602484 6.37803978441 1.97100720472 69.0 69.0 69 46 10.1631449645 2.43193045013 0.317518229465 18.374687433
CHU micro 2259.0 226 663.204424779 0.527777758991 0.1314 0.885399788128 0.506767423913 -0.0133616399551 0.815828718575 0.365696179899 0.123505976096 0.966333867716 279.0 21.9123505976 7.8018500376 1.34019488177 226.0 226.0 226 152 29.1349728796 4.75499783667 0.10945432147 366060.168759
CHU micro 4989.0 298 2336.50876777 0.425553212314 0.1074 0.913682546604 0.46095840379 -0.012303604651 0.791085900138 0.301816568071 0.102625776709 0.968764032927 512.0 20.4048907597 7.99558860338 1.04446064675 298.0 298.0 298 227 34.8796620099 4.21899987104 0.0909497265648 39449534.1307
CHU micro 3948.0 281 2863.25465175 0.47479893364 0.0647 0.650748851743 0.414600662708 -0.0113906901726 0.730265069152 0.215732624765 0.164133738602 0.945005692031 648.0 28.8753799392 9.1584087182 1.63121533117 281.0 281.0 281 193 33.8124868622 4.47216427391 0.145459738522 3558.3190037
CHU micro 458.0 80 67.0626582278 0.67726230661 0.3311 0.510834512806 0.627729257642 -0.0286311298165 0.880807231995 0.588001247458 0.113537117904 0.962243282927 52.0 20.96069869 4.03235803114 1.49762608576 80.0 80.0 80 50 12.8940242767 3.73815450813 0.100619650925 2502031.75124
CHU micro 4276.0 249 4689.39344475 0.444821155428 0.0594 0.660387897741 0.406352256547 -0.0137907119582 0.70971742727 0.198350148101 0.187090739008 0.932378686357 800.0 31.3376987839 8.96586945209 1.45327376329 249.0 249.0 249 184 29.6623281038 3.80785584504 0.165804849852 844.254393637
CHU micro 976.0 142 109.756867446 0.629471690822 0.3024 0.621515309955 0.620569729855 -0.0183371366595 0.887215425065 0.568777604058 0.0881147540984 0.976711569471 86.0 15.0614754098 4.92075206097 1.10063265417 142.0 142.0 142 93 20.4838768614 4.54530923762 0.0780896676116 8134907120.85
CHU micro 4024.0 145 17591.1740421 0.372315271792 0.0422 0.355055602116 0.346241516419 -0.0269207703775 0.609774268384 0.13746117711 0.375248508946 0.836665765842 1510.0 48.7326043738 10.007773401 1.36422602327 145.0 145.0 145 114 17.3493313038 2.28580414656 0.33152173365 15.9473531468
CHU micro 337.0 40 196.199358974 0.510088365786 0.2706 0.382297813944 0.480192878338 -0.0726047895201 0.790408931933 0.447747710001 0.210682492582 0.907624439768 71.0 33.8278931751 3.02958138365 1.45442964735 40.0 40.0 40 26 6.70093544486 2.17893884281 0.186712469263 297.670499348
CHU micro 4541.0 236 3854.94141724 0.415295369598 0.088 0.646886288751 0.425541861533 -0.0156122624735 0.752143233671 0.254984580615 0.156573441973 0.951830543327 711.0 26.5800484475 8.28495217748 1.19651326136 236.0 236.0 236 188 27.9067474219 3.50216216601 0.138759600087 6539.76890734
CHU micro 712.0 101 240.467524752 0.616802618989 0.1727 0.748276244407 0.547808432529 -0.0245032704427 0.813872494531 0.417820938734 0.150280898876 0.9426642785 107.0 29.7752808989 5.554641961 1.80267598155 101.0 101.0 101 62 15.2251543524 3.78513502943 0.133182978965 11614.7407681
CHU micro 149.0 23 115.351778656 0.665218302924 0.2756 0.367596003867 0.596731835425 -0.0975921084292 0.797443098939 0.508504661223 0.355704697987 0.842214314671 53.0 48.322147651 3.81935280697 1.942736034 23.0 23.0 23 17 4.39652998951 1.88423341719 0.314655878151 18.9499983074
CHU micro 793.0 102 130.25558144 0.561793688258 0.3191 0.799684426292 0.570568454368 -0.0285408403554 0.86963086025 0.542709750284 0.0882723833544 0.969275613065 70.0 16.2673392182 3.56924966909 1.01294805915 102.0 102.0 102 65 15.1292202694 3.62212620357 0.0782293629025 7569240977.02
CHU micro 5521.0 290 4711.88436941 0.402979179408 0.0717 0.993916740141 0.381044163664 -0.0125686479946 0.721665894582 0.203616290134 0.124615105959 0.951877504741 688.0 24.0173881543 7.62899799562 1.44793129002 290.0 290.0 290 211 33.5410235203 3.902915281 0.110437262219 303742.714158
CHU micro 1925.0 199 893.847317395 0.55036331442 0.0952 0.822434715951 0.486348626248 -0.014224880715 0.775450700012 0.301133173936 0.166233766234 0.947214572441 320.0 26.9090909091 8.01126880181 1.65414188353 199.0 199.0 199 127 26.1811907101 4.53563094309 0.147320839552 3046.67370631
CHU micro 38.0 12 3.06060606061 0.870705846726 0.7814 1.05977644873 0.780701754386 -0.116091135463 0.950645622799 0.874088529915 0.184210526316 0.893351800554 7.0 34.2105263158 1.22557055903 0.995061374802 12.0 12.0 12 5 3.02398335517 1.94665705357 0.16325232806 984.03694583
CHU micro 2346.0 209 1291.13668568 0.525221731148 0.0893 0.941350040685 0.454953356421 -0.0140318283099 0.76716312739 0.284838181379 0.18115942029 0.94641983707 425.0 28.2182438193 8.88373370563 1.6820805644 209.0 209.0 209 156 26.8025106243 4.31501472636 0.160548355896 1166.13837364
CHU micro 629.0 99 86.5982271697 0.651794810829 0.3201 0.856300717915 0.615567439097 -0.0247451699746 0.881108628197 0.57478170341 0.0969793322734 0.968448669375 61.0 17.8060413355 4.0933527555 1.33953960025 99.0 99.0 99 66 15.2076356139 3.947388503 0.0859456954732 237869581.599
CHU micro 1147.0 108 1085.88257182 0.534002409265 0.0949 0.592423580015 0.457982175724 -0.0263247722679 0.727016006965 0.271810519918 0.265039232781 0.902424656566 304.0 38.5353095031 7.29425221148 1.86366003937 108.0 108.0 108 72 15.1882812076 3.18890841493 0.234877858281 66.5728575802
CHU micro 1112.0 142 310.978323844 0.590736598155 0.1657 0.783984787906 0.535312594994 -0.0184779746832 0.82030764121 0.406259248464 0.146582733813 0.957497670928 163.0 22.4820143885 6.22084080803 1.68766883494 142.0 142.0 142 92 20.1028940977 4.25829702172 0.129905565511 16830.4086767
CHU micro 332.0 57 72.7186716792 0.63107826161 0.322 0.666172845755 0.583491862186 -0.0418937201433 0.852935792441 0.543786030424 0.123493975904 0.945510959501 41.0 23.4939759036 3.06039952296 1.59841766415 57.0 57.0 57 29 9.64663186986 3.12828140971 0.109443686577 366809.802605
CHU micro 1625.0 161 565.747515528 0.520677741977 0.1534 0.805337378452 0.500296225514 -0.0188482607986 0.809430005403 0.375827178574 0.141538461538 0.959509207101 230.0 22.0923076923 6.48826383585 1.38610408845 161.0 161.0 161 111 21.6413237226 3.99391845377 0.125435195603 29211.861727
CHU micro 2986.0 269 690.314514787 0.510115469193 0.1519 0.997819333964 0.50683860494 -0.0117011569809 0.832317163351 0.389085165359 0.112190221031 0.975533287963 335.0 15.3047555258 8.14862267381 1.22582564081 269.0 269.0 269 200 33.4929247113 4.92274543715 0.0994259946506 3372347.6175
CHU micro 498.0 82 49.0563083409 0.661803301805 0.4322 0.880248549406 0.643206974238 -0.0301280594215 0.903840151889 0.650323518743 0.074297188755 0.971782713182 37.0 14.4578313253 2.89550779873 1.03106170164 82.0 82.0 82 54 13.0422179814 3.67450786258 0.0658441691601 2.89824096437e+13
CHU micro 1112.0 151 150.739779249 0.616055753229 0.2659 0.854861991486 0.583079231979 -0.017162719643 0.86945044185 0.516236426137 0.0746402877698 0.975091868951 83.0 14.8381294964 4.39602232962 1.40921212009 151.0 151.0 151 110 21.3860575507 4.52818908648 0.0661482327451 2.23754667542e+13
CHU micro 829.0 50 1911.30979592 0.410043031214 0.128 0.33378463756 0.450398069964 -0.0746479365507 0.700384935409 0.295628098949 0.363088057901 0.843724399446 301.0 46.8033775633 5.75514672856 1.10183921021 50.0 50.0 50 37 7.29142779088 1.73657177912 0.321050070915 17.7049389472
CHU micro 5407.0 194 9441.91595 0.334266978903 0.0764 0.382350557279 0.35334207852 -0.0216635146846 0.692188464459 0.193443079883 0.191048640651 0.932514273926 1033.0 30.3310523396 7.49704843082 1.21543179553 194.0 194.0 194 142 22.4537408716 2.63829615871 0.169312448222 691.156306438
CHU micro 755.0 107 163.827014636 0.629930565846 0.2348 0.667761610442 0.589490623259 -0.0234158178282 0.853094017647 0.498666154821 0.141721854305 0.960189465374 107.0 20.7947019868 5.47175069095 1.52460105214 107.0 107.0 107 74 15.9958525489 3.89412871007 0.12559772321 28603.6824868
CHU micro 133.0 16 206.3625 0.550435389732 0.2632 0.267844060639 0.488251879699 -0.168762394458 0.722892038223 0.428051079639 0.443609022556 0.762507773192 59.0 58.6466165414 3.01276729809 1.76287025996 16.0 16.0 16 12 3.06726567096 1.38737595124 0.388561041536 10.1070075023
CHU micro 945.0 72 1236.33626761 0.467246708599 0.1238 0.538893327942 0.458068783069 -0.046064338097 0.732327341595 0.308703225297 0.29417989418 0.887816130567 278.0 40.3174603175 6.35455262531 1.35955387884 72.0 72.0 72 53 10.3631708604 2.34216017508 0.260665949629 39.8306427623
CHU micro 1747.0 162 583.462349513 0.540456752657 0.1671 0.514763697497 0.498989449285 -0.0179994400525 0.815015955064 0.386401311937 0.119061247853 0.963048274104 208.0 19.748139668 5.56618974821 1.50180794107 162.0 162.0 162 132 21.5654210263 3.87586428864 0.105515283626 814021.972824
CHU micro 1283.0 93 1456.14259 0.479517484674 0.1167 0.486498000394 0.420377307889 -0.0336420098578 0.722466317502 0.276456350549 0.227591582229 0.907863426583 292.0 35.6196414653 5.57469059706 1.71561160514 93.0 93.0 93 74 12.8546263681 2.59638816218 0.201697551461 168.317044223
CHU micro 999.0 154 156.499830235 0.651366432764 0.213 0.965767637453 0.59061009061 -0.0156553334542 0.865272380614 0.504098172798 0.118118118118 0.969514058603 118.0 20.7207207207 6.73823494007 1.53666778815 154.0 154.0 154 103 22.1522270449 4.8723443782 0.10467945666 975462.92955
LAUB micro 932.0 79 725.419993509 0.463515340681 0.1627 0.736145431768 0.435798880861 -0.0405918308794 0.749815398081 0.326629172319 0.165236051502 0.92220109046 154.0 32.6180257511 4.20095327297 1.57495246209 79.0 79.0 79 54 11.4079571836 2.58773103922 0.146436637894 3277.58093897
LAUB micro 892.0 113 446.774336283 0.604136706263 0.1234 0.661285491258 0.536380411921 -0.0228504728275 0.795966186502 0.375630443436 0.237668161435 0.928261175572 212.0 31.3901345291 8.33232855898 1.7063190304 113.0 113.0 113 76 16.486429433 3.78351984553 0.210627238257 126.152203344
LAUB micro 993.0 64 1921.26959325 0.454905242071 0.1129 0.864046175696 0.421591767372 -0.0520977253966 0.6834611945 0.256468200627 0.300100704935 0.861622495434 298.0 47.7341389728 5.20352125158 1.55741972154 64.0 64.0 64 47 9.12946803275 2.03097861112 0.265896883302 36.4484315084
LAUB micro 613.0 98 73.2847675153 0.640009343367 0.3504 0.904977350577 0.617222092752 -0.0259347239928 0.89203816972 0.605544953164 0.115823817292 0.970878385391 71.0 15.823817292 4.91046496912 1.08909817712 98.0 98.0 98 61 15.1128832605 3.95818271944 0.102646185493 1542390.49872
LAUB micro 839.0 82 431.562932852 0.48988708431 0.1972 0.537264168216 0.510886944388 -0.0393363454222 0.801181826445 0.409183709844 0.182359952324 0.938145047527 153.0 29.3206197855 5.02162905468 1.16875971062 82.0 82.0 82 52 12.0317089782 2.83095438701 0.161612299661 1089.74001093
LAUB micro 1141.0 174 266.641186632 0.656615227372 0.1396 0.732385974103 0.581129680558 -0.0136197191542 0.842913146094 0.441461376997 0.172655565294 0.958820353012 197.0 23.0499561788 9.70058037703 1.66577870768 174.0 174.0 174 111 24.5750492782 5.15117644383 0.15301201077 1958.37403079
LAUB micro 1044.0 152 110.737539212 0.634883194087 0.3001 0.941667628113 0.611438798145 -0.0169398737196 0.888479675173 0.568217158217 0.0795019157088 0.978079446867 83.0 14.4636015326 4.95935193581 1.16746530392 152.0 152.0 152 106 21.7240719297 4.70428190049 0.0704567383262 810768751233.0
LAUB micro 779.0 137 305.246350365 0.701633762862 0.0964 0.885193623246 0.569680387545 -0.0146594505627 0.802165820726 0.373244004789 0.256739409499 0.924291536004 200.0 30.8087291399 10.2466482235 2.38242925239 137.0 137.0 137 73 20.4265206325 4.90853439272 0.227525635046 79.2877115275
LAUB micro 878.0 98 350.26635809 0.546088738454 0.188 0.683722027373 0.5081353726 -0.0291654362619 0.804298029935 0.401567659787 0.128701594533 0.945722054161 113.0 24.8291571754 4.56647128315 1.53098009802 98.0 98.0 98 64 14.3117524143 3.30733980461 0.114058818424 158927.115901
LAUB micro 978.0 152 439.187696061 0.660946487938 0.0867 0.824573014656 0.536083306426 -0.0144543549504 0.785516761455 0.336064587871 0.250511247444 0.924086550324 245.0 33.7423312883 10.1599923322 2.19936038185 152.0 152.0 152 84 21.9301122555 4.86042404337 0.22200757451 91.3234588184
LAUB micro 730.0 98 256.043761835 0.595285043211 0.1796 0.73063933688 0.524909141739 -0.0261003223702 0.810737828099 0.413910164839 0.154794520548 0.94319009195 113.0 29.5890410959 5.3610211469 1.77997294296 98.0 98.0 98 61 14.7124745628 3.62714272997 0.137183072022 7641.04818467
LAUB micro 1200.0 164 315.530749663 0.622166540301 0.1458 0.77513632455 0.540995934959 -0.01496417379 0.81863748597 0.392859242242 0.13 0.958186111111 156.0 22.5833333333 6.45905328699 1.87731107465 164.0 164.0 164 106 22.9898777934 4.73427220735 0.115209500309 130960.973656
LAUB micro 884.0 124 207.202727511 0.592223930988 0.1983 0.632394940248 0.530360531309 -0.0206448536257 0.829816357289 0.435734453236 0.135746606335 0.959322085952 120.0 21.8325791855 5.35984894289 1.72416435899 124.0 124.0 124 74 18.1296747646 4.17057132278 0.120302297573 59245.4065798
LAUB micro 737.0 65 629.789903846 0.458517105337 0.1717 1.24968641773 0.464126917858 -0.0507576910447 0.751314371145 0.344031475883 0.204884667571 0.910409099194 151.0 34.7354138399 4.19401884817 1.36369058337 65.0 65.0 65 37 9.69316895815 2.39430577322 0.181574296823 373.026098794
LAUB micro 751.0 84 333.237378084 0.539157581379 0.1953 0.845207420205 0.509891573141 -0.0348152424004 0.809313074231 0.422728537687 0.185086551265 0.939055072597 139.0 29.9600532623 5.37043390959 1.38909283551 84.0 84.0 84 58 12.5351027207 3.06520353371 0.164028684895 938.570398013
LAUB micro 516.0 99 242.168831169 0.728260133386 0.1018 0.721717472234 0.588383838384 -0.0189735296001 0.796828386696 0.386944208279 0.302325581395 0.900764677604 156.0 33.3333333333 9.33312975263 2.52199806707 99.0 99.0 99 49 15.6897734348 4.35823198631 0.267861381857 35.2938756961
LAUB micro 1069.0 129 1017.9405281 0.616918191599 0.0637 0.620054153543 0.504898441636 -0.0192602803754 0.735607052297 0.271027263525 0.336763330215 0.878229131026 360.0 37.8858746492 10.5263924886 1.96103767404 129.0 129.0 129 83 18.35262557 3.94548918883 0.29814740912 22.9601674846
LAUB micro 871.0 140 162.965005139 0.702747602853 0.193 0.902205015708 0.64188945383 -0.0159801646119 0.874903415708 0.535605892529 0.166475315729 0.962998308818 145.0 20.5510907003 9.41804666947 1.4635750472 140.0 140.0 140 101 20.5328436091 4.743719033 0.147534907218 2993.81927004
LAUB micro 948.0 70 1426.28074534 0.429217980386 0.1154 0.796152100805 0.39707655214 -0.0474993045078 0.684032867089 0.250515018843 0.267932489451 0.876208406772 254.0 45.5696202532 5.08073282589 1.67388696483 70.0 70.0 70 42 10.0665934301 2.27349430862 0.23744031395 62.8471933374
LAUB micro 898.0 136 250.981917211 0.652428939931 0.1489 0.694675517432 0.583142276955 -0.0173232944529 0.833506424052 0.437208111815 0.189309576837 0.950630205207 170.0 25.8351893096 8.56990318893 1.74740379385 136.0 136.0 136 84 19.8524446659 4.53837878101 0.167771243378 753.587723184
LAUB micro 825.0 117 190.618037135 0.610199635586 0.2083 0.734441284453 0.562703962704 -0.0220629067656 0.84358926215 0.470275515754 0.133333333333 0.958965656566 110.0 24.3636363636 5.75215536284 1.49947037571 117.0 117.0 117 72 17.2737717754 4.07341714936 0.11816359006 81677.0479926
LAUB micro 997.0 125 207.330064516 0.58917082936 0.2362 0.737268661 0.554944834504 -0.0216450345842 0.849436466751 0.479206015249 0.109327983952 0.966136121504 109.0 18.0541624875 4.69795711299 1.41015845026 125.0 125.0 125 88 17.9586496502 3.95878972012 0.0968894030836 6592831.62742
LAUB micro 648.0 118 107.670867739 0.675769344185 0.2203 0.798946802023 0.590003138732 -0.0183379622057 0.8583960446 0.504679947026 0.146604938272 0.961524538942 95.0 21.9135802469 6.3696494804 1.91236968927 118.0 118.0 118 64 18.0725942849 4.63547778778 0.129925243701 16791.6198522
LAUB micro 1122.0 143 411.69447454 0.605987179201 0.1309 0.787711940003 0.556972439325 -0.0183521359607 0.815751299316 0.3965379255 0.194295900178 0.946568548016 218.0 27.3618538324 8.48817009753 1.52073174586 143.0 143.0 143 92 20.2196592987 4.26913225329 0.172190256092 591.480014323
LAUB micro 861.0 75 822.171891892 0.485422738547 0.1398 0.847813242249 0.442229965157 -0.0411461400859 0.732634848775 0.306010502003 0.225319396051 0.904595984735 194.0 36.2369337979 4.83201125732 1.68350313307 75.0 75.0 75 52 10.9498320794 2.55599316222 0.199683932858 180.499730945
LAUB micro 852.0 120 250.813445378 0.613635014924 0.1685 0.906523729687 0.541314553991 -0.0206755548215 0.821250583713 0.420127250125 0.172535211268 0.950549934978 147.0 24.6478873239 6.60156174035 1.79186974341 120.0 120.0 120 72 17.6359353862 4.11113225897 0.152905349792 1973.82192449
LAUB micro 783.0 136 102.318464052 0.692357990606 0.2461 1.00509982377 0.635076252723 -0.0165906401011 0.885119542458 0.565524769763 0.136653895275 0.97011689983 107.0 18.0076628352 7.82345086099 1.46386480602 136.0 136.0 136 89 20.2607401292 4.86024349126 0.12110636146 52730.2240687
LAUB micro 1169.0 97 869.445231959 0.453884571531 0.1444 0.386663027942 0.440441649837 -0.0341344415672 0.755803107295 0.320209344198 0.186484174508 0.928612773231 218.0 32.9341317365 5.30132465073 1.4378701743 97.0 97.0 97 63 13.5902187407 2.83703359578 0.165267296123 871.459929776
LAUB micro 978.0 140 111.798355601 0.613782556921 0.3054 1.00073602923 0.589482909728 -0.0187173541601 0.878394606643 0.545051644202 0.0654396728016 0.976610168074 64.0 13.0879345603 3.75258038515 1.29779181931 140.0 140.0 140 93 20.1873218776 4.47670635574 0.0579944000296 9.88277823872e+16
LAUB micro 967.0 99 480.853638425 0.505932725964 0.167 0.419708688283 0.460165251272 -0.0298446867936 0.776677935549 0.351821906298 0.162357807653 0.93950415415 157.0 27.7145811789 4.68607022799 1.67820502301 99.0 99.0 99 63 14.2562074786 3.18362537485 0.143885860698 4075.67715293
LAUB micro 883.0 150 183.846129754 0.678162519272 0.1595 0.874872059194 0.593725934315 -0.0147651525835 0.850858448236 0.470113970532 0.176670441676 0.958200000257 156.0 22.3103057758 9.35656829048 1.84021935652 150.0 150.0 150 91 21.9656283008 5.04790191102 0.156570102285 1519.83782224
LAUB micro 706.0 122 38.1360249289 0.678855433156 0.4696 0.887065869863 0.643222031301 -0.0195936738275 0.920371213925 0.679500677652 0.0594900849858 0.982545402018 42.0 9.91501416431 2.84691602823 1.00427347521 122.0 122.0 122 85 18.4462038731 4.59153056992 0.0527217151119 1.96626836999e+20
LAUB micro 1374.0 141 537.205775076 0.524803044163 0.1511 0.593878499723 0.474077859333 -0.0206319381173 0.791305063666 0.351415567507 0.126637554585 0.953070010954 174.0 24.2358078603 5.3805739375 1.65114042366 141.0 141.0 141 96 19.375871425 3.80387070159 0.112229610647 218772.577428
LAUB micro 904.0 99 490.829519687 0.56328517399 0.1465 0.754009840542 0.493474568696 -0.0275534890221 0.779655939316 0.356810024387 0.191371681416 0.931039039862 173.0 30.5309734513 5.61569913825 1.7719115584 99.0 99.0 99 69 14.3973052373 3.29269102093 0.169598735572 680.306099705
LAUB micro 1093.0 83 1430.11754334 0.481865446597 0.1093 1.13541039232 0.419349860558 -0.0373230463907 0.693998930791 0.249637823827 0.204025617566 0.889789385836 223.0 39.2497712717 4.82485404484 1.81272306745 83.0 83.0 83 57 11.7198417762 2.51054500668 0.180812985077 386.292132589
LAUB micro 653.0 109 71.3980632008 0.660844055073 0.3366 0.862462062985 0.612164041755 -0.0220100990925 0.890765963434 0.59531050281 0.102603369066 0.972742132553 67.0 16.2327718224 4.57206660844 1.32630006183 109.0 109.0 109 72 16.6626112512 4.26549961706 0.0909298683083 39709231.1746
LAUB micro 795.0 119 391.72767412 0.675121625555 0.1031 0.83261621799 0.588298715713 -0.0194005742954 0.808211007788 0.394797261203 0.271698113208 0.918460503936 216.0 29.9371069182 10.0752451472 1.72878325453 119.0 119.0 119 77 17.6690558786 4.22049506768 0.240774924638 58.4490759332
LAUB micro 936.0 143 171.221510883 0.628711133525 0.2013 0.843043014094 0.568181818182 -0.0172747741529 0.8530294409 0.478555591323 0.137820512821 0.965254949229 129.0 20.7264957265 6.83064391212 1.58064206016 143.0 143.0 143 86 20.7553319078 4.67410122079 0.122140249341 45541.8017647
LAUB micro 848.0 107 276.2585082 0.569724182436 0.1867 0.51157674713 0.506491359549 -0.024797800285 0.807171343589 0.400538385745 0.125 0.949932137771 106.0 23.9386792453 4.56636159518 1.77292361904 107.0 107.0 107 65 15.7202842117 3.67439508563 0.110778365682 285015.017135
LAUB micro 1022.0 94 805.768474033 0.502897835829 0.1291 0.578471703469 0.470354332348 -0.0327748797186 0.758244293701 0.326247378801 0.237769080235 0.917616737068 243.0 34.637964775 6.51005782272 1.50967631935 94.0 94.0 94 63 13.4208492564 2.94037286132 0.210716668318 125.809264907
LAUB micro 1430.0 177 965.561890087 0.610512533103 0.0637 0.848388313925 0.534103749358 -0.0146741527188 0.772292942834 0.303761579859 0.286713286713 0.911246515722 410.0 31.958041958 12.3506401808 1.56822580408 177.0 177.0 177 108 24.2243069858 4.68064008533 0.254064023986 44.8514029944
LAUB micro 563.0 49 950.005102041 0.512101656303 0.1242 0.396909285034 0.453728205314 -0.0602898845379 0.690259267884 0.2849629984 0.349911190053 0.835728415082 197.0 53.108348135 5.11302995786 1.82067070874 49.0 49.0 49 35 7.57901163668 2.06510378461 0.309621437316 20.0395102133
LAUB micro 730.0 109 141.953788651 0.653562139448 0.2418 0.859919010208 0.612630388337 -0.022733900484 0.872849110377 0.546570954863 0.158904109589 0.962056671045 116.0 20.0 7.370084572 1.25762968079 109.0 109.0 109 76 16.3808995132 4.03427099558 0.140825100482 5373.46379407
LAUB micro 1055.0 161 398.161257764 0.677476497281 0.0979 0.801797391194 0.585787877896 -0.014208469065 0.820524654517 0.397986064259 0.236018957346 0.936552188855 249.0 28.5308056872 11.323106372 1.74052629542 161.0 161.0 161 106 22.9842257742 4.95678002805 0.209165773646 131.949433245
LAUB micro 864.0 132 141.120055517 0.64005120989 0.2343 0.926372803538 0.588278619529 -0.0185749737537 0.865249794999 0.514227438005 0.133101851852 0.967659572188 115.0 18.8657407407 6.50505723546 1.51763038818 132.0 132.0 132 87 19.3741906623 4.4907311951 0.117958444939 84306.4465658
LAUB micro 942.0 123 255.75129948 0.584450731878 0.1878 0.718168075575 0.531277510227 -0.0215211905081 0.825614912598 0.427412430373 0.147558386412 0.956707732114 139.0 22.2929936306 5.73774271144 1.63579503683 123.0 123.0 123 79 17.8154068387 4.00755655657 0.130770215115 15221.9934659
LAUB micro 865.0 113 232.942319848 0.579167623326 0.2024 0.691954876364 0.532303442631 -0.0236578275535 0.827893199327 0.438281585288 0.141040462428 0.956281867085 122.0 23.3526011561 5.24939577257 1.58698996772 113.0 113.0 113 70 16.5613603036 3.84211526519 0.124993855382 30941.688143
LAUB micro 927.0 146 167.690930562 0.660767096174 0.1949 0.726241491004 0.581911010625 -0.0157479419313 0.850286777854 0.47058062103 0.11758360302 0.964855136973 109.0 21.4670981661 6.01898769662 1.83729909283 146.0 146.0 146 94 21.2237976456 4.79526915373 0.104205754989 1082828.61392
LAUB micro 360.0 34 720.49197861 0.517281065884 0.1382 0.431380126818 0.412091503268 -0.0801817436277 0.649330721509 0.268869951711 0.372222222222 0.78712962963 134.0 63.3333333333 3.89324679331 2.28118240256 34.0 34.0 34 23 5.60642486502 1.79195734076 0.328923134962 16.3544224117
LAUB micro 783.0 111 309.033415233 0.615196977766 0.1398 0.630384837413 0.515929722826 -0.021360711694 0.788550645215 0.363685198656 0.167305236271 0.935544431559 131.0 32.0561941252 5.92246524195 2.12893224262 111.0 111.0 111 64 16.5087512164 3.9668163789 0.148270405147 2820.64644962
LAUB micro 810.0 130 151.000596303 0.65537157889 0.2058 1.08415946449 0.595631528965 -0.018182684785 0.855976807781 0.492163757556 0.140740740741 0.962618503277 114.0 22.3456790123 6.55578979238 1.62177374011 130.0 130.0 130 78 19.262257774 4.56773439802 0.124728233953 32040.8412623
LAUB micro 1062.0 83 889.213635028 0.444213885031 0.1571 0.683125567232 0.386767408618 -0.0383929394695 0.728225109996 0.292388819633 0.148775894539 0.923301449491 158.0 29.2843691149 3.67033005333 1.80100707793 83.0 83.0 83 55 11.7682360124 2.54692310952 0.131849203598 13464.2179536
LAUB micro 394.0 42 480.241579559 0.533743182922 0.158 0.707280268129 0.473773265651 -0.0670885147032 0.719608624826 0.334796526975 0.322335025381 0.849351954444 127.0 51.269035533 4.46357832416 1.84904154007 42.0 42.0 42 27 6.86037359958 2.11592943181 0.285491817397 27.1014775199
LAUB micro 675.0 81 521.25 0.612319639171 0.1189 0.668219325465 0.516049382716 -0.03058451771 0.755418040616 0.333132065352 0.263703703704 0.896131687243 178.0 42.962962963 6.33363442151 2.05016130798 81.0 81.0 81 58 12.2798968728 3.11769145362 0.233694934421 68.4048313326
LAUB micro 765.0 115 184.228832952 0.639134187733 0.195 0.999870334388 0.586871270247 -0.0216734988396 0.854765609883 0.497645675129 0.180392156863 0.955417147251 138.0 22.8758169935 8.12720984812 1.40746949298 115.0 115.0 115 75 17.1689957543 4.15783377486 0.159868386413 1218.55601283
LAUB micro 924.0 98 696.536082474 0.550734091204 0.1142 0.631462130861 0.440166975881 -0.026719396773 0.727588577629 0.279439500223 0.200216450216 0.910660407414 185.0 36.3636363636 5.32426133305 2.21797480866 98.0 98.0 98 62 14.2047283561 3.2239633053 0.177437203239 453.304977955
LAUB micro 844.0 129 130.390746124 0.641377669318 0.2486 0.846996384318 0.607268819575 -0.0196317912621 0.878096405058 0.549490354506 0.137440758294 0.968818085847 116.0 19.0758293839 7.32998045619 1.1890714712 129.0 129.0 129 83 18.9963050113 4.4403631208 0.121803700655 47748.3363803
LAUB micro 988.0 133 277.201298701 0.622812434384 0.1671 0.745595201373 0.582851359167 -0.0196584923376 0.848542545674 0.472825954903 0.185222672065 0.954996393975 183.0 23.3805668016 9.06759314525 1.27617632821 133.0 133.0 133 93 19.1424121129 4.23129367379 0.164149318803 931.749007768
LAUB micro 824.0 101 559.494653465 0.595601070532 0.1073 0.753167724944 0.528501393829 -0.0261291244228 0.778371994583 0.353168042784 0.282766990291 0.907696295598 233.0 34.5873786408 8.7031348546 1.63535312648 101.0 101.0 101 67 14.8938725274 3.51850172217 0.250572788762 47.9139483548
LAUB micro 937.0 84 1476.30106139 0.530983025311 0.0786 0.614999951481 0.430019820095 -0.033259053046 0.674861315733 0.22758311531 0.352187833511 0.848531098478 330.0 48.3457844184 7.25911422122 2.03626487882 84.0 84.0 84 52 12.1297445134 2.74416038562 0.31160149488 19.59860221
LAUB micro 713.0 84 529.91551922 0.552163699348 0.121 0.703541083314 0.450761370467 -0.030699674378 0.731613696001 0.29609387194 0.207573632539 0.90157739752 148.0 41.3744740533 5.42478940501 2.15291408174 84.0 84.0 84 44 12.6341783603 3.14582472235 0.183957323976 335.23483777
LAUB micro 727.0 93 172.977092099 0.579329310457 0.2631 0.63314225151 0.558429841298 -0.0299926122447 0.851233319179 0.504181686184 0.123796423659 0.959137530769 90.0 22.9711141678 4.51877640573 1.25182284759 93.0 93.0 93 64 13.9628208501 3.44917907822 0.109711723921 348437.487694
LAUB micro 920.0 153 159.762985896 0.698951815564 0.1855 0.686143120095 0.637453822109 -0.01463123892 0.87286073477 0.524412810075 0.159782608696 0.9647731569 147.0 21.0869565217 9.45799600007 1.49988875165 153.0 153.0 153 102 22.2731062731 5.04426062148 0.141603650045 5000.5244785
LAUB micro 946.0 128 149.893454724 0.605440443307 0.2686 0.826731582819 0.583030523256 -0.0209492759171 0.86942091106 0.526996539637 0.107822410148 0.970915706055 102.0 17.3361522199 5.1107984318 1.2409252511 128.0 128.0 128 88 18.5340782554 4.16163896808 0.0955551230404 9579906.96706
LAUB micro 832.0 76 623.970526316 0.462575177824 0.1629 0.682397704233 0.445027834008 -0.042155041069 0.751072243485 0.331465367628 0.170673076923 0.919237125555 142.0 33.5336538462 4.28627277652 1.51399656858 76.0 76.0 76 45 11.154352917 2.63482593207 0.151255076205 2233.43071962
LAUB micro 908.0 126 239.637079365 0.63838689849 0.1793 0.657634704121 0.586951961401 -0.0197265321189 0.843437263967 0.464738282334 0.168502202643 0.95573123872 153.0 23.6784140969 7.39151306879 1.52310956161 126.0 126.0 126 86 18.3520063372 4.18145686308 0.149331188973 2592.15674921
LAUB micro 943.0 145 88.2239463602 0.664476904965 0.3256 0.976803666348 0.618868614473 -0.0163307095281 0.892798322358 0.583668871462 0.0805938494168 0.97881695678 76.0 13.0434782609 4.37064567182 1.42683332449 145.0 145.0 145 109 21.0247636769 4.72184966544 0.071424439379 417020747640.0
LAUB micro 818.0 121 186.200413223 0.621628421482 0.1984 0.834806056301 0.567247267069 -0.0208286169304 0.847943961651 0.477966400793 0.165036674817 0.958342549363 135.0 21.760391198 7.30256667815 1.52719893212 121.0 121.0 121 75 17.8921221247 4.23066578771 0.146259944907 3326.28083909
LAUB micro 791.0 87 734.386794975 0.545911897527 0.1022 0.664367117326 0.470421552814 -0.0311941315334 0.722332043192 0.281109656186 0.280657395702 0.887564110146 222.0 43.3628318584 6.54789548933 1.93547309306 87.0 87.0 87 47 12.8871811832 3.09336388523 0.248705995054 49.6853952479
LAUB micro 756.0 147 99.904109589 0.727315995613 0.2105 1.04196506369 0.654006046863 -0.0141858660992 0.887643322972 0.567864855 0.154761904762 0.967676576804 117.0 19.0476190476 9.75243343903 1.54507308898 147.0 147.0 147 87 22.0276235035 5.34633831078 0.137154167034 7663.2486112
LAUB micro 873.0 119 210.496225609 0.606602212352 0.205 0.818475205178 0.566317248549 -0.0219213042654 0.840555368724 0.462210180845 0.137457044674 0.959005627656 120.0 23.13860252 5.62339704835 1.49334309377 119.0 119.0 119 75 17.4248557192 4.02753978836 0.121818134083 47651.1787894
LAUB micro 1117.0 161 396.133618012 0.649015353354 0.1089 0.844884981828 0.535429305427 -0.0141517496394 0.797754983758 0.353819518736 0.188898836168 0.942989799541 211.0 29.5434198747 8.21928932756 2.16079085588 161.0 161.0 161 101 22.7972128956 4.81725115434 0.167407234003 769.387962938
LAUB micro 875.0 81 667.435493827 0.532314086053 0.1504 0.771862120998 0.492613756614 -0.0364293926175 0.776396882694 0.366511015443 0.241142857143 0.917914122449 211.0 33.3714285714 6.24716853486 1.50896822515 81.0 81.0 81 65 11.8094709213 2.73829978532 0.213706331647 115.067610497
LAUB micro 729.0 117 126.610079576 0.655965898694 0.2362 0.926424294138 0.598501635539 -0.0204545480055 0.867731622211 0.528624188253 0.145404663923 0.963817244059 106.0 21.6735253772 6.72201393259 1.4903641895 117.0 117.0 117 76 17.5979583815 4.33333333333 0.128861528255 19049.8281347
LAUB micro 923.0 127 169.229346332 0.617316029166 0.2393 0.945113188777 0.583419353188 -0.0205486676842 0.862509353918 0.509884711378 0.12676056338 0.967097023343 117.0 19.6099674973 5.88265755369 1.33301666074 127.0 127.0 127 86 18.4544291543 4.1802559186 0.112338624353 214554.310044
LAUB micro 855.0 117 232.059681698 0.6237920556 0.1884 0.618290739931 0.570490328385 -0.0214059609882 0.832197253472 0.44498720512 0.13567251462 0.954629458637 116.0 25.4970760234 5.62534213817 1.66791731548 117.0 117.0 117 78 17.1823813542 4.00131557313 0.1202366355 59817.6836345
LAUB micro 983.0 75 1374.93441441 0.472356490309 0.1124 1.15469219221 0.422461851475 -0.0422108853487 0.702808807152 0.267403375442 0.263479145473 0.881371929102 259.0 45.8799593082 5.51394564307 1.69341144672 75.0 75.0 75 55 10.7392537742 2.39212849541 0.23349603017 68.7202262079
LAUB micro 804.0 119 201.541803162 0.654022836359 0.1859 0.808907894818 0.607519127054 -0.0206795875178 0.857525811564 0.501975279219 0.185323383085 0.954806192916 149.0 22.7611940299 8.66433866767 1.35319855735 119.0 119.0 119 81 17.6393226637 4.19680641436 0.164238571612 926.74296978
LAUB micro 797.0 145 69.6406130268 0.704757763888 0.304 0.887166395141 0.657915458833 -0.0154884894348 0.905616391755 0.622573043596 0.11417816813 0.977316127448 91.0 14.4291091593 7.76844324554 1.23442135696 145.0 145.0 145 93 21.5541284646 5.13616351557 0.101187766896 2178482.11728
SED micro 7047.0 132 130605.322866 0.317707349018 0.0215 0.153318204813 0.212892010785 -0.0308461243065 0.433069452974 0.05561990281 0.583794522492 0.647896951058 4114.0 65.006385696 10.8848443862 1.83703065835 132.0 132.0 132 104 14.7849568543 1.57243171776 0.493142570188 5.88984549676
SED micro 5394.0 106 109980.8823 0.318569199673 0.0232 0.150261284336 0.234659754724 -0.0392243532778 0.419054347793 0.0577001252859 0.631442343344 0.593662825076 3406.0 67.8717093066 9.91096474189 1.66298263252 106.0 106.0 106 79 12.2191877853 1.44327933768 0.524979165942 5.22043786226
SED micro 6092.0 82 160412.135501 0.274349318763 0.0337 0.137021220724 0.215912912576 -0.055782601091 0.431565747603 0.0703440344673 0.587491792515 0.637696543134 3579.0 66.8581746553 8.34571973997 1.56730955418 82.0 82.0 82 67 9.29460626651 1.05059155397 0.495674794215 5.83033539303
SED micro 8355.0 112 224471.665943 0.273053488597 0.0244 0.140209561019 0.192457467727 -0.0398824601597 0.415767649298 0.0550640680876 0.594015559545 0.634134403155 4963.0 66.5350089767 9.95556105668 1.75384729286 112.0 112.0 112 88 12.2915210735 1.22530666419 0.500116771169 5.72880689731
SED micro 54585.0 161 5382943.3111 0.165414743501 0.021 0.104182676043 0.140538575371 -0.037614677701 0.381038736704 0.0370777524407 0.508857744802 0.704725384621 27776.0 63.1986809563 10.6214483091 1.43247054625 161.0 161.0 161 124 14.6687865036 0.689111057557 0.439381977306 7.51512258721
SED micro 20525.0 107 1454442.22289 0.209565026735 0.0249 0.11779369046 0.15137318292 -0.0499319080446 0.355028783755 0.0401320282121 0.579098660171 0.624692192908 11886.0 75.3325213155 8.87025111904 1.53173372809 107.0 107.0 107 86 10.6753692445 0.746865149653 0.489910835145 5.96758532569
SED micro 4568.0 78 82977.002331 0.258568682955 0.0402 0.135831632501 0.22428038978 -0.0591729737278 0.453485983212 0.0806715857961 0.539623467601 0.680985769428 2465.0 68.1042031524 7.73147666707 1.62481726403 78.0 78.0 78 53 9.13748030216 1.15406841454 0.462031624358 6.73386184748
SED micro 8769.0 124 204562.529439 0.308529475015 0.0241 0.15694630103 0.172820125148 -0.0320466015476 0.412654062734 0.05129281996 0.559927015623 0.664722102026 4910.0 66.3017447828 10.0725299124 2.1570310587 124.0 124.0 124 105 13.5477802977 1.32417885959 0.476532323704 6.31245338732
SED micro 18272.0 89 1457769.3501 0.18748242722 0.0284 0.110790939574 0.15914077412 -0.063910204789 0.364594523866 0.0470150407085 0.609347635727 0.604526928985 11134.0 72.4168126095 8.53149621008 1.44408866396 89.0 89.0 89 66 8.96758157993 0.658410826242 0.510427585162 5.50630893183
SED micro 38014.0 115 6027025.54722 0.201846677776 0.018 0.115530715713 0.113925990653 -0.0473892966256 0.27916261427 0.0242167506953 0.676434997632 0.515836950402 25714.0 79.4549376545 9.81356781574 1.59462945211 115.0 115.0 115 93 10.810083176 0.589828909761 0.553560975537 4.73851968118
SED micro 23467.0 124 1663814.62805 0.205083974045 0.0212 0.116509645105 0.158744193975 -0.0435722102068 0.356835400691 0.0372747278339 0.592875101206 0.620319057185 13913.0 72.3015298078 9.94618353844 1.50113586704 124.0 124.0 124 95 12.2225694628 0.809455351242 0.499342629048 5.74624491717
SED micro 22919.0 181 954423.724739 0.26188437394 0.0166 0.133507849425 0.176747126983 -0.0259574403122 0.392989846617 0.0372965584588 0.553732710851 0.667418926245 12691.0 68.3799467691 12.0172640459 1.62003813355 181.0 181.0 181 156 17.9287841087 1.19558578429 0.472145177609 6.43433743873
SED micro 18725.0 141 814135.145998 0.232190070082 0.0214 0.124033205427 0.180561505175 -0.0359400524314 0.399727056688 0.0444955686684 0.553538050734 0.66783481099 10365.0 67.6315086782 10.5804249319 1.50155292484 141.0 141.0 141 113 14.2310918578 1.03040557429 0.472006789217 6.43825808982
SED micro 18585.0 207 484356.064162 0.281439950321 0.0164 0.13478765922 0.212349837995 -0.0224750943823 0.441722642036 0.0463314103357 0.523863330643 0.706296162394 9736.0 62.5020177563 13.0709927364 1.33713925964 207.0 207.0 207 172 20.9560216789 1.51841002607 0.450532636267 7.10955681373
SED micro 34830.0 121 5133420.27769 0.221063180894 0.016 0.123491782946 0.105007320088 -0.0420688928478 0.263635326485 0.0211729531698 0.703732414585 0.483949074167 24511.0 80.4536319265 10.2714632007 1.80221457489 121.0 121.0 121 96 11.4742121692 0.64834868314 0.570265993595 4.49679765197
SED micro 29055.0 128 3335462.48025 0.234705989472 0.0153 0.129748640649 0.104937564533 -0.0378002895984 0.265133377873 0.0206288138344 0.698537256927 0.490402099686 20296.0 80.2305971433 10.5417786413 1.95460701103 128.0 128.0 128 98 12.3577570296 0.750930129372 0.567121731816 4.54033732383
SED micro 19377.0 135 907843.250746 0.226231688626 0.0224 0.124838564115 0.169417350467 -0.0372889679266 0.381597615221 0.0410466670041 0.541776332766 0.66859439886 10498.0 68.1994116736 9.86950681964 1.65187881397 135.0 135.0 135 106 13.5739610689 0.969818577084 0.463585754099 6.68605850657
SED micro 4973.0 81 108578.441975 0.269518988525 0.034 0.139166485075 0.218210435115 -0.0555730703713 0.435121690136 0.0720927687935 0.590991353308 0.636420220366 2939.0 66.0164890408 8.38752752796 1.68554722764 81.0 81.0 81 61 9.39874075061 1.1486184534 0.498061734133 5.77533323394
SED micro 8287.0 98 245716.063223 0.259843030345 0.0286 0.13397819112 0.201232321093 -0.0477684524841 0.422521281053 0.061233146848 0.583805961144 0.642731089382 4838.0 67.0930372873 9.16512166686 1.6195138593 98.0 98.0 98 80 10.7509680876 1.0765331464 0.493150421025 5.8896591123
SED micro 19256.0 217 351083.213091 0.280143876296 0.022 0.135750445005 0.230903193259 -0.0212826630223 0.501729892588 0.0642067371791 0.427347320316 0.790873646729 8229.0 55.5307436643 12.3817083416 1.40234064288 217.0 217.0 217 194 21.894307708 1.56378374767 0.375315845238 11.0790285357
SED micro 35548.0 96 5968196.67193 0.186910889434 0.0227 0.112532920695 0.117375332883 -0.0583139766839 0.290372141361 0.0290898770851 0.652638685721 0.540903666782 23200.0 78.4235400023 8.73764903344 1.69060698748 96.0 96.0 96 80 9.06606272195 0.509170984746 0.538613668241 4.97863541266
SED micro 10722.0 113 395377.424147 0.296837553356 0.0225 0.145163717361 0.16492349697 -0.0381350197509 0.366782315191 0.0416323339473 0.605484051483 0.605957532625 6492.0 72.3465771311 9.54645506623 1.83514160402 113.0 113.0 113 94 12.0688966096 1.09129092084 0.507846111934 5.56036445986
SED micro 7083.0 108 164928.600467 0.278430247776 0.0256 0.139560387865 0.207150924749 -0.0415583249106 0.422617318815 0.0582588165591 0.587745305661 0.638981700392 4163.0 68.276154172 9.67638790469 1.64180988798 108.0 108.0 108 80 12.0693214552 1.28326141044 0.495848029265 5.82630819807
SED micro 7227.0 109 204821.842678 0.293679516643 0.0212 0.143729629031 0.207558810424 -0.0399428745594 0.388268131224 0.0479734129057 0.651307596513 0.56729594479 4707.0 71.5926387159 10.034685606 1.67520732746 109.0 109.0 109 85 12.1545254912 1.28217548972 0.537766512337 4.99299248232
SED micro 7245.0 126 129188.332 0.300224044432 0.0251 0.146355673859 0.210973084886 -0.033911981734 0.45357137314 0.0637394328979 0.548654244306 0.68441377195 3975.0 61.1870255349 10.4268437259 1.70765321203 126.0 126.0 126 96 14.063800604 1.48030549139 0.468524350032 6.5384987401
SED micro 21128.0 157 934174.835946 0.229600757327 0.0191 0.123422976033 0.178146487168 -0.0324410590904 0.387187944628 0.0389944921146 0.546289284362 0.667166055414 11542.0 71.0810299129 10.8537065283 1.48310633616 157.0 157.0 157 122 15.6652387421 1.08011614645 0.466830757039 6.58837163034
SED micro 5655.0 99 107788.638219 0.285299029927 0.0297 0.141729435002 0.231669479945 -0.0446196032305 0.451875019265 0.0711822767165 0.572236958444 0.659579771428 3236.0 63.6074270557 9.32244168393 1.62059718452 99.0 99.0 99 75 11.3422048197 1.31649401771 0.485156854516 6.08574511058
SED micro 27132.0 96 3218800.95263 0.191842980432 0.0245 0.115844338332 0.128952896948 -0.0566113088599 0.320331343952 0.0348950305312 0.62859354268 0.574195176957 17055.0 75.8255933953 8.7409136497 1.7538863486 96.0 96.0 96 81 9.30599866288 0.582814474074 0.523122762995 5.25522259909
SED micro 4436.0 91 79148.9687424 0.316942045704 0.0295 0.153226615768 0.227112833064 -0.0447716361631 0.43390460175 0.0675562470403 0.599639314698 0.627014219262 2660.0 68.5527502254 8.95156348633 1.82354544349 91.0 91.0 91 71 10.7174647842 1.3662986008 0.503919517868 5.64467005044
SED micro 16939.0 168 586127.005952 0.264038614642 0.0171 0.13430660977 0.181146846247 -0.0277947359548 0.386168294511 0.037325888954 0.568569573174 0.652907601719 9631.0 67.1468209457 11.6976966331 1.61539746726 168.0 168.0 168 123 17.1504145904 1.29081914389 0.482600392504 6.15123683777
SED micro 22300.0 170 857392.56039 0.231617129326 0.0198 0.123868692607 0.180991822738 -0.0298497116786 0.406338250131 0.0417731350423 0.508609865471 0.702739693137 11342.0 67.6502242152 10.9306923986 1.48483470886 170.0 170.0 170 135 16.8791678029 1.13840420131 0.439196103239 7.52226425895
SED micro 14022.0 162 319428.732919 0.259445480289 0.0231 0.132424894123 0.206199781296 -0.0292460752333 0.449130966842 0.0548177474895 0.487519612038 0.732261980638 6836.0 62.3163600057 10.8678330706 1.53481670538 162.0 162.0 162 127 16.8614940675 1.36807539823 0.423180353455 8.19103061311
SED micro 17224.0 192 463875.642234 0.271624093316 0.0171 0.133142326618 0.211717661403 -0.0245394830175 0.431010101874 0.0452412807914 0.529087320019 0.69613865249 9113.0 65.6003251277 12.3887061047 1.39630962567 192.0 192.0 192 154 19.5815915441 1.46296595707 0.45436809994 6.97976070368
SED micro 17951.0 195 413555.115358 0.284110922121 0.0202 0.136249386846 0.218075701804 -0.0235943636406 0.465853486758 0.0549653479027 0.476296585148 0.745895595479 8550.0 61.1219430672 12.0365409913 1.38936523548 195.0 195.0 195 170 19.8052124631 1.45542653262 0.414495111453 8.60359079899