BOVINE micro 941.0 38 11305.158606 0.254030519227 0.0528 0.14457622543 0.203031489457 -0.113878653915 0.364679113596 0.0748115582669 0.695005313496 0.501295905841 654.0 78.427205101 5.67437458806 1.86719679364 192.163829787 90.4153846154 60 81 5.40387136941 1.23876459661 0.564974848759 4.57056894632
BOVINE micro 2435.0 109 4674.91148488 0.234781155911 0.0973 0.123194130624 0.310928169094 -0.0468160418939 0.655009071332 0.190777165046 0.241067761807 0.905672832453 587.0 34.1683778234 6.01664074787 1.08526643404 171.301447879 178.189212426 152 181 13.8502342752 2.20890488258 0.21363978699 115.292220127
BOVINE micro 3128.0 35 53468.1226891 0.134210144416 0.1333 0.0877794180749 0.298584216295 -0.205899292452 0.576004849137 0.198576117234 0.413043478261 0.785630858315 1292.0 53.3248081841 4.26303780625 0.609195058325 45.0031979533 45.5278592375 45 51 4.2245738207 0.625798722371 0.363487657467 12.1032588863
BOVINE micro 2851.0 11 485146.163636 0.109204611348 0.1322 0.0792683346766 0.268741430439 -0.726331932925 0.284999293484 0.098059728557 0.82216766047 0.312223086019 2344.0 90.8453174325 2.77349244499 0.826329674793 11.6669005848 12.2743484225 13 14 1.25700385438 0.206012739132 0.637976446382 3.73193663482
BOVINE micro 2141.0 31 24886.8623656 0.156341538793 0.1653 0.0959920902998 0.29160326046 -0.212311764592 0.578135251132 0.209376578601 0.302662307333 0.804865571336 648.0 56.1419897244 2.74223390917 0.799168299656 33.7285471538 36.4765730982 37 38 3.91183848476 0.669966920764 0.268158641357 35.1242198981
BOVINE micro 2496.0 44 37413.4122622 0.162097869848 0.0809 0.101470384943 0.272763694639 -0.141380149696 0.496876674355 0.129193279015 0.484775641026 0.719042776134 1210.0 67.0272435897 5.19207343814 1.0085635373 158.045691383 71.409874638 63 81 5.49700272575 0.880704845928 0.421067293961 8.28787989844
BOVINE micro 3501.0 28 177702.628307 0.155863093793 0.0836 0.0949668190096 0.236544660709 -0.237635847106 0.421438882363 0.113805871965 0.631533847472 0.572838331334 2211.0 76.2924878606 4.57339967571 0.712503754276 38.0028571429 33.131735047 34 39 3.30849757714 0.473218784793 0.525038698482 5.2193300969
BOVINE micro 4037.0 32 168935.426411 0.1522715255 0.0886 0.0948903863986 0.239441416894 -0.208101361138 0.428413063627 0.110126928932 0.503591776071 0.64740989788 2033.0 81.1245974734 3.90868648361 0.92933771919 36.2867761574 35.6481979559 38 41 3.73347465324 0.503640450366 0.43542148168 7.67019189721
BOVINE micro 1139.0 45 8617.4010101 0.264563488709 0.0707 0.130891028669 0.283191883719 -0.106555788374 0.500686593466 0.130130900565 0.532045654083 0.685509600168 606.0 66.5496049166 5.69245216339 1.23344799764 59.0123022847 58.325993499 59 67 6.25185960547 1.33336991463 0.456529563278 6.90863952243
BOVINE micro 3094.0 50 28781.6179592 0.176273790841 0.1195 0.0990555199562 0.359095022624 -0.127498984877 0.633803699458 0.223158246183 0.359728506787 0.832676962188 1113.0 50.0969618617 5.13062443693 0.320254667993 76.4085354025 61.2555348011 62 72 6.09663538017 0.898896831621 0.318143777517 18.2529249861
BOVINE micro 1451.0 47 15119.9833488 0.250007045928 0.0605 0.130950160731 0.222341158702 -0.101974105833 0.431662560686 0.0928185499841 0.538249483115 0.648373397752 781.0 77.5327360441 5.34486081437 1.46367094123 115.447172414 74.0495691211 66 83 6.31867415559 1.23385507495 0.46103768186 6.76478882475
BOVINE micro 1646.0 60 4206.31751412 0.205119358554 0.1539 0.111934005699 0.333657351154 -0.0938121117016 0.659513302673 0.235318979929 0.204131227217 0.891733559319 336.0 36.5735115431 3.36111309413 0.857920706796 87.192991239 96.6039150354 82 96 7.96640243363 1.47889157534 0.180906579018 384.627714675
BOVINE micro 2146.0 39 13853.4993252 0.194677918596 0.1832 0.104458704527 0.371484216312 -0.154863351964 0.663995058893 0.273376411209 0.267008387698 0.860049125836 573.0 44.9207828518 3.11028582625 0.396637666688 53.0065268065 43.9598737328 46 52 4.95348874606 0.841879138964 0.236621901079 64.0025052473
BOVINE micro 1053.0 55 1421.60808081 0.233904495257 0.208 0.12091335515 0.340550807217 -0.0945750501574 0.703002891578 0.291284926839 0.178537511871 0.912584584 188.0 28.5849952517 2.59252581388 0.89098523515 93.2181126858 78.9379466632 76 92 7.75929125281 1.69491726624 0.158224750131 1358.18322032
BOVINE micro 10580.0 44 279910.765328 0.106188444686 0.1745 0.0763368667511 0.293864925245 -0.188627334709 0.62397809953 0.223353810685 0.221361058601 0.869745927151 2342.0 39.3289224953 2.73502721491 0.445221952568 52.0007562151 50.5838405177 52 57 4.64026071001 0.42776952613 0.196176016047 204.823023513
BOVINE micro 5450.0 21 614451.061905 0.12803482595 0.1032 0.086978522628 0.18496286588 -0.346365567042 0.351497540078 0.0957896971775 0.60623853211 0.538644019864 3304.0 91.0275229358 3.26431732735 0.989237950556 22.2002202239 22.9211347518 24 25 2.32467020906 0.284459893821 0.508351102355 5.54970596543
CHU micro 1847.0 152 4019.85112409 0.359931893434 0.0357 0.40852399956 0.316334454165 -0.0249781576447 0.57779050742 0.114067561035 0.403898213319 0.815489435597 746.0 51.2181916622 10.5160688391 1.54323154371 262.504273504 268.021275517 223 272 20.0762686005 3.53679705461 0.355843001001 12.86114613
CHU micro 684.0 162 138.819875776 0.555992998048 0.1144 0.65050424851 0.483918128655 -0.0164695650272 0.777975351541 0.318967709788 0.168128654971 0.946056051435 115.0 26.4619883041 6.97480363106 1.82716757138 248.702099922 270.886517488 242 286 24.6631491857 6.19422481451 0.149000140968 2660.91663111
CHU micro 1475.0 275 403.422030524 0.493045627977 0.0668 0.848161691206 0.437103235747 -0.0108959449589 0.750475067678 0.243470313967 0.194576271186 0.945556334387 287.0 26.5762711864 11.0827930203 1.63172424167 496.948226183 506.328578379 416 513 37.5526974565 7.16039010395 0.17243872832 583.777318899
CHU micro 513.0 158 27.6520599855 0.603663410378 0.2773 0.708298304832 0.567029387816 -0.016281229542 0.873497294238 0.52405237204 0.0682261208577 0.977174363242 35.0 13.6452241715 4.37309222892 1.34539198559 234.1484375 265.638440966 235 274 25.1591442262 6.97587041388 0.0604638253233 5.44209373246e+15
CHU micro 2445.0 398 170.828303988 0.448318893869 0.1813 0.765731354923 0.504658260628 -0.00888671633069 0.854960240767 0.418213695094 0.0760736196319 0.986142747814 186.0 11.2065439673 8.19335150611 0.866599263498 562.175674647 555.738075268 544 626 50.8856904238 8.04903174708 0.0674184900344 7.87953161535e+12
CHU micro 1416.0 299 179.53062782 0.526991653015 0.1114 0.838521799571 0.491296317291 -0.0098041905651 0.8076837647 0.331874514839 0.110875706215 0.969972908487 157.0 19.3502824859 8.18769734145 1.46703411344 456.828274805 471.179781934 433 511 41.0717733036 7.94583535162 0.098261036226 4559475.29364
CHU micro 333.0 59 182.198714202 0.464709162255 0.151 0.357119370471 0.438692930218 -0.054053793342 0.734036059093 0.326665796969 0.285285285285 0.887752617482 95.0 38.7387387387 5.32108314607 1.50401090205 74.8189328744 86.7421359223 83 90 9.98598090526 3.23318008367 0.252800828964 45.9237303967
CHU micro 1606.0 294 209.396206264 0.48818964114 0.1251 0.976676036558 0.482218042883 -0.0108093647271 0.809116808003 0.335676023782 0.100249066002 0.972811328626 161.0 17.8704856787 7.37839374773 1.30491080571 442.666827057 440.779011973 417 490 39.6938189799 7.33625738904 0.0888434215429 81055284.3069
CHU micro 374.0 73 225.692922374 0.512436996604 0.1055 0.428178539282 0.446487436818 -0.0395489186896 0.709222644546 0.277302327141 0.320855614973 0.870127827504 120.0 44.385026738 6.55772235313 1.80624365876 105.085790885 107.271290263 106 123 12.1534252507 3.77474013696 0.284191063701 27.5961401202
CHU micro 929.0 161 413.54060559 0.475924782014 0.0749 0.661422754383 0.439877247291 -0.0194841200556 0.729318042948 0.248056784362 0.250807319699 0.917122129771 233.0 34.983853606 9.35584328564 1.51541327136 304.456746191 273.45404189 240 298 23.4119774962 5.28223865514 0.22226990446 90.6927769055
CHU micro 856.0 120 840.788795518 0.464890788004 0.0575 0.517456414896 0.378504672897 -0.026197757801 0.649439831076 0.179855815671 0.33761682243 0.855118350948 289.0 49.2990654206 8.44734139214 1.79463972893 174.318775663 178.520809957 171 199 17.6237018619 4.10151556215 0.298894100384 22.7488994497
CHU micro 2412.0 379 414.295640156 0.455284259479 0.0893 1.20386219397 0.451431278086 -0.00887444738713 0.791088907273 0.28738326352 0.115671641791 0.970443182099 279.0 20.5223880597 9.90399497656 1.26828635643 535.145273759 568.793572417 532 611 48.5348911226 7.71703656851 0.102511323467 1591478.13258
CHU micro 5160.0 469 1540.31409801 0.349256426729 0.073 0.812522877358 0.397904166873 -0.00877138246274 0.759830894599 0.226630469447 0.0992248062016 0.97079359714 512.0 19.7286821705 9.89269151616 1.04573253398 672.326117573 684.140143159 640 740 54.7452180694 6.52901989392 0.0879356949286 112301748.061
CHU micro 4111.0 444 1849.38874484 0.416876944323 0.0444 0.828221816898 0.376753973628 -0.00800505684513 0.709179055695 0.16798392508 0.157625881781 0.949270608529 648.0 27.7304792021 11.4695850951 1.43053241865 593.222739082 619.22849992 607 682 53.2360961855 6.92483184164 0.139692300582 5978.54342986
CHU micro 524.0 146 42.1058101086 0.589055627579 0.2355 0.805458591673 0.569434277946 -0.0184130909083 0.85879573559 0.491263617939 0.0992366412214 0.970915156459 52.0 18.320610687 5.25399665889 1.28437895926 216.462338965 222.916220977 212 248 23.1574211562 6.37803961363 0.0879461834419 111873121.711
CHU micro 4415.0 388 3065.37805349 0.378620334575 0.0406 0.832534501456 0.360919312092 -0.00991221942864 0.685750930625 0.151438035412 0.181200453001 0.9365624499 800.0 30.3510758777 11.1700017805 1.28124562311 534.460654337 540.245412688 527 601 46.1111549066 5.83937507322 0.160584720188 1163.41662706
CHU micro 1088.0 254 69.7058915066 0.529292241003 0.209 0.748165619783 0.535056739231 -0.0118550017972 0.859888697066 0.458182376369 0.0790441176471 0.981164846453 86.0 13.5110294118 6.2179928201 1.10023797852 379.691282652 400.146136282 366 429 36.1837115129 7.7005060949 0.0700510253575 1.08013554291e+12
CHU micro 4131.0 252 10267.6896699 0.322819641355 0.0256 0.44756568076 0.297108967044 -0.0164839192281 0.578234886914 0.0934924186758 0.36552892762 0.845011189757 1510.0 47.4703461632 13.1869401791 1.38663329711 432.075337254 410.955124553 359 435 30.1455340364 3.92078423528 0.323158159994 17.3248998084
CHU micro 378.0 81 109.6 0.497518339201 0.1675 0.407333251359 0.440035273369 -0.0356898264043 0.761314457103 0.342204949868 0.187830687831 0.926289857507 71.0 30.1587301587 4.46155351878 1.73800170025 137.701728711 129.607316696 122 149 13.4796000338 4.16619044898 0.166460612334 812.528042134
CHU micro 4655.0 350 2669.0243553 0.337900734251 0.0623 0.655640407319 0.374221267454 -0.0120658064457 0.723798305109 0.19600349726 0.152738990333 0.954155713051 711.0 25.9291084855 10.0093913967 1.04548885505 482.832659191 465.897009919 464 530 41.3228170701 5.12989176043 0.135361405799 9205.92390085
CHU micro 785.0 174 147.962294864 0.549858760085 0.1215 0.796256271775 0.503623984186 -0.0162796346373 0.797669228816 0.348356477001 0.136305732484 0.952713700353 107.0 27.0063694268 7.22319452134 1.49823018348 240.616507362 264.28544923 247 281 25.9538266927 6.21032630916 0.120797810221 55126.4560118
CHU micro 164.0 38 75.9516358464 0.560962370029 0.2012 0.57521412949 0.56001283697 -0.0747543190524 0.776691769651 0.428803276103 0.323170731707 0.869199881023 53.0 43.9024390244 4.88112706865 1.29424806856 54.2529495045 50.6630327001 53 62 7.25509197616 2.96730147588 0.286226371627 26.8284899025
CHU micro 872.0 181 84.4387968079 0.488398082383 0.2165 0.842371654443 0.495178417558 -0.0175590490518 0.838205769524 0.428081814754 0.0802752293578 0.974486575204 70.0 14.7935779817 4.65412591203 1.17917094296 263.254328358 294.577627314 260 302 26.5847877892 6.12943342638 0.0711420697038 504905975326.0
CHU micro 5680.0 449 3114.16987154 0.355419438194 0.049 1.01447627042 0.335435161078 -0.0088122846922 0.69539735834 0.153754382878 0.121126760563 0.954529049296 688.0 23.3450704225 9.48704663151 1.37044016735 607.0278218 625.350390081 608 688 51.8236217034 5.95761141757 0.107345796604 555564.187107
CHU micro 2032.0 306 597.43100825 0.479871104603 0.0689 0.765321947338 0.449915727446 -0.0105933817305 0.758419794125 0.248442917051 0.157480314961 0.952601389578 320.0 25.4921259843 9.86833572174 1.35559016302 384.259203042 413.983576408 413 448 40.0431898825 6.78827729703 0.139563295347 6052.58441031
CHU micro 48.0 22 2.82251082251 0.768995485109 0.6386 0.980565167687 0.727272727273 -0.0891084549258 0.925762845751 0.785190597857 0.145833333333 0.928819444444 7.0 27.0833333333 1.68091404479 0.817557885747 28.1276595745 33.2070489774 32 35 5.42467310295 3.17542648054 0.129241426629 18204.1978801
CHU micro 2487.0 350 794.725182153 0.453429686609 0.0599 1.01907263284 0.4174852088 -0.00953612642532 0.745045220644 0.222361597034 0.170888620828 0.952300252426 425.0 26.618415762 11.3761361814 1.41560107279 534.560191277 500.661097263 491 579 44.6358203106 7.01827128899 0.151446097017 2201.28427502
CHU micro 717.0 187 52.8057040998 0.560121565761 0.2187 0.811650140272 0.549109107317 -0.0150478067092 0.855216809253 0.466039511686 0.0850767085077 0.97554703563 61.0 15.6206415621 5.4136832564 1.25650950517 301.428249812 303.137461207 275 330 28.2886470832 6.9836429732 0.0753972698084 35273066770.4
CHU micro 1241.0 202 601.198192207 0.484321622094 0.0593 0.809079250671 0.420070048907 -0.0152101780519 0.708053005173 0.208385811519 0.24496373892 0.916585556214 304.0 35.6164383562 9.9322514185 1.67696810147 321.85 336.51181759 296 354 28.2157822321 5.73410285362 0.217092089233 104.418404942
CHU micro 1215.0 245 191.121278019 0.520911642594 0.1144 0.79287263366 0.489577559419 -0.0121649439265 0.800517120238 0.33100480248 0.134156378601 0.964328608444 163.0 20.5761316872 8.03258042695 1.44209774199 349.105485507 367.638387982 348 401 34.3541037848 7.02874755423 0.118892994937 73068.0403485
CHU micro 389.0 114 41.9081664338 0.593452797803 0.2189 0.789617454685 0.538515311415 -0.0221925693714 0.834472974137 0.451781339741 0.105398457584 0.959932857964 41.0 20.0514138817 4.41680487843 1.65470582241 170.144329897 195.691248877 171 200 18.9483519023 5.78002944282 0.0934069510117 18073181.8475
CHU micro 1736.0 272 354.067288908 0.451848788726 0.1035 0.881275024928 0.445835592301 -0.0123716076572 0.782912882728 0.293535464246 0.132488479263 0.964484805369 230.0 20.6797235023 8.2814829878 1.31148695141 392.96076697 408.721117868 383 444 36.3302973369 6.52820890603 0.117414857635 91761.440471
CHU micro 3155.0 438 447.581042392 0.423823930016 0.1041 1.16747391191 0.447055120162 -0.008202966081 0.804116370411 0.30220034055 0.10618066561 0.978067264247 335.0 14.4849445325 10.0824737879 1.12920870379 642.323754693 633.976105096 607 707 54.2402752533 7.7978419543 0.0941001648262 14657452.4361
CHU micro 560.0 144 34.1414141414 0.55470070243 0.3085 0.732364668895 0.568253968254 -0.0202507730333 0.874668067813 0.533157406811 0.0660714285714 0.977487244898 37.0 12.8571428571 3.71077478795 1.02098527068 210.469572859 217.923927547 206 240 22.5982029984 6.08511063405 0.0585542790031 4.96050828143e+16
CHU micro 1214.0 253 99.5107911412 0.516749385991 0.1885 0.844911321811 0.523643786913 -0.0121790921929 0.844478199132 0.420634052779 0.0683690280066 0.979032376258 83.0 13.5914332784 5.55693382245 1.15764840409 377.22280714 365.995745321 355 416 35.4845815279 7.26124646082 0.0605904734865 4.73445391197e+15
CHU micro 858.0 79 1257.81369685 0.348442707944 0.0867 0.501949151619 0.386680829719 -0.0516289417887 0.665722133608 0.222249782708 0.350815850816 0.854070560364 301.0 45.2214452214 7.20640697672 1.14774236784 109.109166343 115.760292762 108 124 11.5476790129 2.6970155309 0.310408502056 19.8622562806
CHU micro 5525.0 312 6029.80211683 0.295342295897 0.0496 0.405961537144 0.306123680241 -0.0141785982767 0.657084730494 0.136778916482 0.186968325792 0.9353622735 1033.0 29.6832579186 9.4872347716 1.30492062592 443.509516913 477.752007604 430 496 36.0912857762 4.19747823454 0.165696363977 849.655899334
CHU micro 845.0 197 97.7474878276 0.540339184929 0.1591 0.713119642335 0.525125401736 -0.0147324228252 0.829080746277 0.402317354376 0.126627218935 0.968092153636 107.0 18.5798816568 7.16505496128 1.3165372175 316.693888378 306.925753894 287 344 29.0829811356 6.77700602411 0.112220450915 219131.313743
CHU micro 154.0 37 99.472972973 0.529891448371 0.1518 0.355420130132 0.471744471744 -0.0727598840361 0.704651951136 0.32600273239 0.383116883117 0.821976724574 59.0 50.6493506494 4.78956967414 1.90200594109 83.9716775599 65.471625 58 75 7.14717862994 2.98154496689 0.338253393833 14.9711499202
CHU micro 1015.0 142 659.559534512 0.419527155553 0.0724 0.54807573997 0.387441892736 -0.0240422948616 0.698143723642 0.218532940231 0.273891625616 0.902688247713 278.0 37.5369458128 8.84461604025 1.50862515254 265.968290093 254.809637595 212 263 20.3679406612 4.45713022608 0.242717086188 56.0978213354
CHU micro 1888.0 303 334.946451599 0.449264141671 0.1042 0.68781952782 0.448140417855 -0.0110319537133 0.782671203588 0.286521016686 0.110169491525 0.96832189475 208.0 18.2733050847 7.50407275295 1.32770040812 626.778049988 485.765530658 444 555 40.0356696781 6.97335273058 0.0976351697533 5384899.26542
CHU micro 1350.0 160 882.650157233 0.4127069039 0.0751 0.506973590383 0.383333333333 -0.0220880823623 0.693223819196 0.205815907527 0.216296296296 0.916745130316 292.0 33.8518518519 7.33434314962 1.46977081567 273.468666249 238.700019211 227 275 22.0592523767 4.35464843161 0.19168754114 243.025171784
CHU micro 1114.0 269 96.7411640681 0.560364259396 0.1511 0.869550124995 0.540578510742 -0.010559898025 0.845507593847 0.419170141448 0.10592459605 0.975390734539 118.0 18.5816876122 8.55988486697 1.26318554816 396.395912386 410.629214157 384 448 38.1999694311 8.05952941323 0.0938732290875 15690057.7089
CHU micro 20.0 12 1.33333333333 0.826041270861 0.6944 1.3353881751 0.733333333333 -0.126026760102 0.926628408029 0.818181818182 0.2 0.88 4.0 40.0 1.42532635619 1.28938252223 23.7894736842 26.3157894737 20 26 3.67189020765 2.683281573 0.177245379431 457.56043461
LAUB micro 1045.0 192 324.624972731 0.478569791747 0.084 0.802694798341 0.385396730463 -0.0148199849249 0.718172670448 0.223203883537 0.147368421053 0.938013323871 154.0 29.0909090909 6.68679839526 2.01995352506 440.394560889 417.13057334 305 393 27.4750085997 5.93940695894 0.130601862698 15520.3074862
LAUB micro 1008.0 229 231.399295181 0.543128246869 0.0776 0.733145540335 0.482610729881 -0.0121851025176 0.779182409459 0.298171205613 0.210317460317 0.943708270345 212.0 27.7777777778 11.6110897026 1.59019855156 407.043296922 409.838152127 345 424 32.9683512786 7.21282202659 0.18638896926 301.77798034
LAUB micro 1065.0 136 949.474891068 0.414587864197 0.0611 1.03944196887 0.367557304612 -0.02474737001 0.648691659636 0.171931750785 0.279812206573 0.879636756375 298.0 44.5070422535 7.67123488788 1.66825729925 282.194414608 270.398585657 208 263 19.3666945193 4.16738960864 0.247957999152 50.423458818
LAUB micro 737.0 222 39.0058497411 0.57840480983 0.2211 1.04144322746 0.537790164656 -0.0117165971514 0.863635000918 0.476314771092 0.0963364993216 0.979625125882 71.0 13.1614654003 6.71718908934 1.44885727414 425.636304348 436.168555373 346 433 33.4717240586 8.17747510239 0.0853759996026 297706259.822
LAUB micro 919.0 162 238.556897477 0.451056043048 0.1195 0.685448152597 0.427840245033 -0.019966040204 0.766641818894 0.300748075898 0.16648531012 0.948350681597 153.0 26.768226333 6.93636940231 1.47270476653 265.719418551 309.032397117 242 292 23.5956688776 5.34388691051 0.147543764516 2991.65685813
LAUB micro 1269.0 302 160.819530923 0.569056914928 0.0992 0.877534276657 0.534054556177 -0.00925431469866 0.827677993941 0.371720405746 0.15524034673 0.966629221647 197.0 20.7249802994 12.4172852913 1.3196836936 430.100946372 451.270992523 430 495 42.1215581086 8.47766267207 0.137578175188 7345.23963268
LAUB micro 37.0 12 11.3560606061 0.600432608687 0.4773 0.845379783923 0.601351351351 -0.223851092844 0.825944974217 0.616957868059 0.27027027027 0.825420014609 10.0 54.0540540541 1.50301537502 0.990664111764 18.1666666667 22.7159209157 18 22 3.0463168275 1.97278784766 0.239510580421 60.0605452916
LAUB micro 1188.0 296 65.3150710032 0.539029404545 0.1984 1.03525931073 0.531872781873 -0.0098254603545 0.860104915158 0.449245168195 0.0698653198653 0.982969424889 83.0 12.7104377104 6.51369756423 1.2158302985 517.605891785 507.082187877 440 538 41.666510712 8.58783102715 0.06191652762 1.15813205243e+15
LAUB micro 909.0 267 161.572611304 0.645675266853 0.0672 0.915399987295 0.546111914562 -0.00874205624828 0.80338993649 0.330861523516 0.2200220022 0.944240518661 200.0 26.402640264 14.1003976804 1.80557302748 397.143171806 436.225351476 397 463 39.0467594232 8.85583099287 0.194989325517 214.073240303
LAUB micro 982.0 202 184.935914487 0.502031891772 0.1138 0.8914577201 0.459730596278 -0.0145782834922 0.777442321814 0.303401651728 0.115071283096 0.956502171469 113.0 22.199592668 6.558724583 1.62381139838 357.404629999 379.102040019 306 376 29.1744446084 6.44607902735 0.101979269426 1802987.99481
LAUB micro 1142.0 316 217.926662648 0.621708796861 0.0567 0.972177775585 0.510779445344 -0.00754971141845 0.78590318742 0.289376332855 0.214535901926 0.944198735742 245.0 28.8966725044 14.4649547571 1.89206888347 511.295099062 578.708514585 480 576 44.7409092918 9.35091330752 0.190127444745 258.579572678
LAUB micro 838.0 206 131.575846555 0.556891865776 0.1122 0.812920425345 0.491936418194 -0.0129347552765 0.793151541506 0.328927453906 0.134844868735 0.956735835408 113.0 25.7756563246 7.68591289865 1.75533142891 360.264086022 367.104767053 314 385 30.4560167481 7.11615191929 0.119503153432 66667.8809222
LAUB micro 1330.0 294 185.41069397 0.551117090209 0.0997 0.835353977293 0.50096670247 -0.009580890286 0.802792854405 0.323704681535 0.117293233083 0.965887274577 156.0 20.3759398496 8.5471391384 1.52521999588 437.441183848 453.996088955 424 496 40.7344194996 8.06160490747 0.103948421331 1146694.75632
LAUB micro 1000.0 240 116.055788006 0.551442522329 0.1306 0.668649550449 0.493166666667 -0.0113670549347 0.811264847557 0.352746521921 0.12 0.968096 120.0 19.3 7.32554565097 1.6780552028 372.21141934 410.551240502 356 422 34.598793725 7.5894663844 0.106347231054 682661.264002
LAUB micro 800.0 128 344.299212598 0.441881970128 0.1026 1.08998833219 0.3990625 -0.0251412768442 0.719548882301 0.250611883944 0.18875 0.923865625 151.0 32.0 5.96939532299 1.65679177842 196.612080891 244.765376557 191 226 18.9988596457 4.52548339959 0.167275331406 775.21887923
LAUB micro 834.0 167 182.475867542 0.489366448561 0.1209 0.745071335033 0.456597596175 -0.0182211202193 0.780156983588 0.32053342382 0.166666666667 0.950462651462 139.0 26.9784172662 7.4094020143 1.51907270781 295.569254117 292.269878039 250 307 24.6794885146 5.78273706489 0.147704487571 2952.75124621
LAUB micro 662.0 245 101.554299097 0.702039615566 0.0673 0.839198014019 0.571601208459 -0.00806817154093 0.81448547451 0.357770527103 0.235649546828 0.939376237895 156.0 25.9818731118 14.4823905024 2.12468420622 454.921061698 524.875442044 391 487 37.5658235831 9.52219541062 0.208838413476 133.299553945
LAUB micro 72.0 16 20.1333333333 0.496141198038 0.5176 0.463532587288 0.597222222222 -0.207056717095 0.847794095535 0.632779915843 0.208333333333 0.87924382716 15.0 38.8888888889 1.15468150535 0.30684816963 30.1971830986 24.0952995736 23 29 3.5074049698 1.88561808316 0.184630589151 325.492369151
LAUB micro 1191.0 251 534.5027251 0.554725383686 0.0406 0.703374587093 0.465596890356 -0.0109642550246 0.729572099466 0.221317532398 0.302267002519 0.901812572745 360.0 34.0050377834 14.5867257313 1.65220467104 409.864570344 427.595130744 373 449 35.298028323 7.27307122689 0.267809667173 35.32352355
LAUB micro 993.0 262 93.5994413735 0.579001223935 0.1335 0.862719468791 0.567014905868 -0.0105866978464 0.853949770166 0.441278554876 0.146022155086 0.971408114607 145.0 18.026183283 12.2014964422 1.12081873102 449.049127195 416.782241508 384 467 37.82208185 8.31431868928 0.129408765549 17845.8853554
LAUB micro 1004.0 126 826.462984127 0.420332749319 0.0719 1.03521037142 0.350961234427 -0.0263599040943 0.658299914709 0.185091758494 0.252988047809 0.889577149569 254.0 43.0278884462 6.89195249606 1.80591670058 180.088961187 212.459532805 182 210 18.0851519261 3.97652473952 0.224202062156 86.236913742
LAUB micro 1046.0 284 127.58826457 0.587996603048 0.0964 0.748156372085 0.523631271376 -0.00909770827644 0.819632797569 0.358737572028 0.162523900574 0.963477364375 170.0 22.1797323136 11.9875802245 1.59054361313 491.398277512 500.176147789 432 528 40.7034438513 8.78117228026 0.144033056716 4023.54070561
LAUB micro 926.0 218 111.044349554 0.542822614027 0.1403 0.907974014788 0.511770067569 -0.0130844916053 0.822192412769 0.381048913042 0.11879049676 0.967311038443 110.0 21.7062634989 7.63244592074 1.42594069694 329.108999109 353.024329129 319 375 31.7675296815 7.16392450092 0.105275336717 857052.289097
LAUB micro 1115.0 243 118.441519573 0.511414420165 0.1515 0.875237058389 0.496395947517 -0.0123242379057 0.821015374117 0.371535646189 0.0977578475336 0.972829536086 109.0 16.1434977578 6.40160003729 1.38111271853 427.24524237 421.100482901 361 442 34.4895912559 7.27727589106 0.0866356366586 182320321.13
LAUB micro 780.0 250 55.6401606426 0.634014880132 0.1494 0.901053703015 0.560307692308 -0.0093557066857 0.84816291456 0.430138568466 0.121794871795 0.973228139382 95.0 18.2051282051 8.91082883768 1.76918748265 408.845850361 445.440378137 382 460 37.3913515461 8.95143592549 0.107937894767 492964.960374
LAUB micro 1246.0 267 231.478696742 0.528538349558 0.0863 0.854955796513 0.491974317817 -0.0109990351137 0.796327968965 0.317915481641 0.174959871589 0.956594328174 218.0 24.6388443018 11.3249366376 1.38853830045 415.19660779 447.324852018 391 464 37.319224313 7.5640125406 0.155054149036 1689.80019545
LAUB micro 948.0 162 405.369220152 0.471697498439 0.0783 0.780976648762 0.392717612127 -0.0184882301023 0.705503840463 0.218691925376 0.204641350211 0.921206537414 194.0 32.9113924051 7.17873627185 1.8635969398 321.359590195 323.902417453 249 313 23.4887180036 5.26151539994 0.18135866287 376.721156564
LAUB micro 961.0 229 140.228759672 0.557355464514 0.112 0.812251247904 0.507045517542 -0.011950297152 0.804513476148 0.342817939285 0.15296566077 0.961013339166 147.0 21.8522372529 8.91203265704 1.61009613045 350.487242268 378.841681752 338 399 33.1975610891 7.38709677419 0.135562287244 9015.54630822
LAUB micro 936.0 289 53.6198817762 0.608730497233 0.1641 0.862695893117 0.564450063585 -0.00874854242085 0.865652757785 0.465222989221 0.114316239316 0.978913269779 107.0 15.0641025641 10.5764909842 1.40344222087 534.061818182 530.366251378 442 548 42.0953210525 9.44626050916 0.101310129299 2115094.59796
LAUB micro 1246.0 174 512.77164308 0.42368876466 0.0914 0.486230405366 0.389651482445 -0.0194990401572 0.725759458317 0.238592926219 0.174959871589 0.937113691582 218.0 30.8988764045 7.08826244846 1.56648242177 258.879715965 284.268642683 251 294 24.271525587 4.92935648713 0.155054149036 1689.80019545
LAUB micro 1102.0 264 68.0455697661 0.53326562078 0.2045 1.2089792062 0.522466039707 -0.0110691103272 0.851232991412 0.434116333292 0.0580762250454 0.981475686839 64.0 11.6152450091 5.05350487651 1.29992033023 424.693188011 434.594141768 388 465 37.5452435011 7.9526730773 0.0514687143639 1.69424439001e+21
LAUB micro 1095.0 227 227.499785583 0.509590561724 0.0932 0.581134323001 0.420690764991 -0.0121277294148 0.752008558294 0.257178491675 0.143378995434 0.95271408019 157.0 24.4748858447 7.1357384402 1.97902462437 449.888482633 477.858152479 355 447 32.2925896445 6.8599159972 0.127066326298 23734.2687736
LAUB micro 36.0 17 3.73529411765 0.752098590653 0.5606 1.00460767291 0.704248366013 -0.113180229599 0.897455957739 0.732109462574 0.194444444444 0.895061728395 7.0 38.8888888889 1.97111288707 1.28561996966 23.7324675325 32.253968254 26 30 4.46488501241 2.83333333333 0.172321899963 587.382605656
LAUB micro 1029.0 296 98.8468964727 0.610482733509 0.1093 0.769555814878 0.549641478213 -0.00849843225895 0.838946585119 0.397901452418 0.151603498542 0.969082232365 156.0 19.1448007775 12.6514033585 1.55882354559 474.072213321 490.951679268 442 529 42.5296170093 9.22749935855 0.134355102401 10235.6390298
LAUB micro 826.0 242 24.8990775351 0.577748102017 0.3197 1.19179001327 0.570598122986 -0.0113024691099 0.890716390882 0.547021644936 0.0508474576271 0.987072680264 42.0 8.47457627119 3.80170293514 1.14595296588 432.630787879 424.219623921 362 445 35.8812773625 8.42025690773 0.04506238604 1.92194774574e+27
LAUB micro 1502.0 269 299.773761305 0.482536578814 0.0945 0.686202021061 0.430934714062 -0.0113930571824 0.766274554747 0.26773910024 0.115845539281 0.960671169023 174.0 22.1704394141 7.40604195142 1.63704596932 447.756374871 449.838721104 397 480 36.6392869316 6.94092439267 0.102665436104 1535523.19768
LAUB micro 985.0 180 285.177995034 0.496691366828 0.0955 0.856366065937 0.458573040045 -0.0169962633715 0.757480472787 0.279825160456 0.175634517766 0.941831018578 173.0 28.0203045685 7.53779172987 1.52994765022 286.337465014 280.986139085 261 312 25.9697238474 5.73527689089 0.155652038637 1620.04521986
LAUB micro 1163.0 153 808.504471964 0.439023059078 0.0671 0.760698512929 0.384030482356 -0.0215669864426 0.66898577185 0.183828484348 0.191745485813 0.902605338434 223.0 36.8873602752 6.66701856548 1.68577953931 244.210502387 256.989353711 223 267 21.533532771 4.48643699821 0.169930011003 668.025143741
LAUB micro 789.0 245 37.7790899967 0.595985309664 0.2161 0.840831983324 0.553332816016 -0.0103163724992 0.866164773621 0.476764985568 0.084917617237 0.981110677391 67.0 13.4347275032 6.39237518962 1.49870842593 490.110659898 498.158777969 381 480 36.5775067307 8.72223096773 0.0752562788407 38253503049.5
LAUB micro 61.0 14 100.401098901 0.514072231512 0.1692 1.11841676794 0.432084309133 -0.189007721836 0.577547020874 0.276259670182 0.639344262295 0.577801666219 39.0 70.4918032787 3.27250371551 2.32462770672 25.3866666667 24.4217687075 22 28 3.16234465701 1.79251631906 0.530098421119 5.12689512522
LAUB micro 929.0 253 191.499090282 0.595864329532 0.066 1.02852579596 0.525266234678 -0.010161515714 0.799593317292 0.327253283383 0.232508073197 0.940131465365 216.0 25.6189451023 14.3988437065 1.51436230027 462.896526369 472.40678057 387 479 36.8738645566 8.3006607438 0.206054510525 145.610994467
LAUB micro 1074.0 281 94.546797153 0.570558368197 0.1342 0.956738410744 0.522316547049 -0.00954749965985 0.834660061466 0.391503377996 0.120111731844 0.973490562439 129.0 18.0633147114 9.19995801196 1.53134793161 445.553215284 487.847838467 419 500 40.119525954 8.57440867765 0.106446250823 668688.632638
LAUB micro 943.0 202 157.695409093 0.526855172242 0.1219 0.780362806051 0.475851243661 -0.0141082484387 0.7869375872 0.319343274207 0.112407211029 0.959405071021 106.0 21.5270413574 6.28950515015 1.67831929683 307.170350943 338.461992066 297 350 29.3470659657 6.57802505116 0.0996182970286 3211737.34636
LAUB micro 1105.0 177 450.184964047 0.456139684442 0.0801 0.635790006465 0.42063552931 -0.0182503739344 0.731190126517 0.244458206996 0.219909502262 0.929460084765 243.0 32.036199095 8.8358500439 1.54686794048 285.129600874 296.319886681 260 312 25.1155865889 5.32466301273 0.194889626385 214.87633818
LAUB micro 1575.0 322 541.847961533 0.537105183469 0.0424 0.867517834565 0.4783436853 -0.00901922161804 0.761087915672 0.249345425749 0.260317460317 0.926777727387 410.0 29.0158730159 16.4891188788 1.40579783417 472.311263061 525.931026912 467 543 43.6022194976 8.11363735393 0.230695391944 73.4001557342
LAUB micro 614.0 100 488.384242424 0.47081584292 0.0723 0.513299911011 0.407328990228 -0.0307949591938 0.667944901484 0.20880344905 0.320846905537 0.861749196278 197.0 48.6970684039 7.37907522778 1.74921666278 188.074478258 186.975630862 151 188 15.42057293 4.03567156136 0.284183404519 27.5990962962
LAUB micro 828.0 207 82.5533980583 0.549353069715 0.163 0.883639531612 0.544685990338 -0.0139265760582 0.846939239214 0.439386942008 0.140096618357 0.970363952484 116.0 17.6328502415 9.49507450326 1.18303082354 349.052157592 347.402198195 305 370 30.6592642798 7.19374728497 0.124157395353 34562.0916022
LAUB micro 1205.0 311 213.226159112 0.589517983297 0.066 0.898197188044 0.530474576723 -0.00854313474379 0.810115133604 0.334109052385 0.206639004149 0.951261858439 249.0 24.979253112 15.4207800193 1.40785948652 512.518586693 530.030747037 461 556 43.6974538809 8.95915118979 0.183129033469 347.764185405
LAUB micro 973.0 241 84.6777662517 0.557869343202 0.162 0.951255438255 0.536233490978 -0.0116851871476 0.843756112844 0.422049774877 0.118191161357 0.974384433138 115.0 16.7523124358 8.36606425303 1.33772934247 370.495726496 372.020771872 350 414 34.8817736239 7.72610529183 0.104744189545 961745.235426
LAUB micro 12.0 10 0.4 0.931116999044 0.8 1.20459179491 0.85 -0.0599243066546 0.959900932368 0.902003136424 0.25 0.875 3.0 33.3333333333 2.66666666667 3.16227766017 88.5454545455 69.4545454545 19 28 3.62186643944 2.88675134595 0.221554589211 92.4275999491
LAUB micro 1060.0 241 141.132330567 0.534193406873 0.121 0.771693216338 0.484459406561 -0.0117293768124 0.804236992903 0.338992007849 0.131132075472 0.96570487718 139.0 19.8113207547 7.85984230784 1.60035400257 396.27007671 421.501794365 359 433 34.4529380826 7.40225615785 0.116212776074 111125.096649
LAUB micro 973.0 221 129.705265323 0.530668376859 0.1305 0.812936104204 0.486650886143 -0.0128574022528 0.805394819593 0.346803537122 0.125385405961 0.965334324817 122.0 20.7605344296 7.20182748412 1.58944111617 353.964240102 372.066401596 329 394 31.9749591552 7.08493472819 0.111119922821 267571.147402
LAUB micro 1083.0 302 87.9510351807 0.594313292822 0.1279 0.984197418249 0.53617924211 -0.00847754456105 0.834744675508 0.387164305 0.100646352724 0.974117755389 109.0 18.3748845799 8.4347727675 1.60156562933 532.498547663 537.322097378 458 562 43.0769832028 9.17683059449 0.0891955077325 71612991.374
LAUB micro 401.0 75 344.391711712 0.515224410856 0.0776 0.556211441534 0.406783042394 -0.0362964775761 0.640496531969 0.201140254624 0.334164588529 0.828178929236 134.0 56.8578553616 6.00974284315 2.19903713139 146.482608696 136.902138186 116 146 12.34575846 3.74532127079 0.295872418935 23.6243953042
LAUB micro 893.0 221 163.721061292 0.581465638265 0.0911 0.656695408918 0.488672581618 -0.0115569926346 0.779611285443 0.301152120191 0.146696528555 0.950307793978 131.0 28.1075027996 8.33020326675 1.89763449391 347.352017937 381.628191427 331 394 32.3787175837 7.39548301958 0.130006413476 16632.7400962
LAUB micro 940.0 260 82.0754380754 0.587994972259 0.1378 1.10489647156 0.535188216039 -0.0100570870486 0.838981713087 0.406171903365 0.121276595745 0.972095971028 114.0 19.2553191489 8.92761991384 1.50350079487 419.884375475 459.653688991 390 468 37.8329746825 8.48026494969 0.107478584576 540777.147892
LAUB micro 1149.0 170 466.420779673 0.445337509349 0.0897 0.867869687069 0.362207546204 -0.0182028756774 0.697182970446 0.206477845634 0.137510879025 0.93441074503 158.0 27.0670147955 5.45220124258 1.97740747033 301.377498625 302.452130001 257 316 23.9830366607 5.0152075085 0.121865843535 47331.6648541
LAUB micro 428.0 76 280.129122807 0.490454332012 0.1029 0.795341073039 0.436792916872 -0.0399951589464 0.700464255489 0.263603951046 0.296728971963 0.872150406149 127.0 47.1962616822 6.07823693615 1.69437706952 112.278310795 121.388679095 110 129 12.378028566 3.67359865837 0.262918524951 38.3161325236
LAUB micro 755.0 161 274.152950311 0.543035815594 0.0747 0.754761908962 0.473662128255 -0.0173613662313 0.741960499993 0.264929994583 0.235761589404 0.916836980834 178.0 38.4105960265 8.90618401941 1.65879629013 295.646424742 275.947897576 241 298 24.1446830926 5.85938992824 0.208937702214 132.888004593
LAUB micro 897.0 247 93.3555840822 0.573128298762 0.1242 0.937254100345 0.524496860881 -0.0107275575288 0.834076159654 0.398426149546 0.153846153846 0.967409014813 138.0 19.5094760312 11.279375912 1.4929477917 460.719742063 460.02929878 379 471 36.1814941649 8.24708995668 0.136342603916 8319.57332084
LAUB micro 1012.0 186 383.015402499 0.52081568325 0.0721 0.794593470101 0.425358068766 -0.0151556887722 0.71389959794 0.22003546368 0.182806324111 0.925436266775 185.0 33.2015810277 7.41293200981 1.95698224693 290.980447949 300.245591973 274 326 26.735325488 5.8468599052 0.162007886336 1062.96637544
LAUB micro 939.0 224 82.3800248238 0.544980428933 0.1765 0.856698729955 0.542294233988 -0.0131482290682 0.854456853859 0.452478303164 0.123535676251 0.974700613913 116.0 17.1458998935 9.06321195389 1.11410706749 320.123873719 351.932171317 319 368 32.579402714 7.30996373145 0.109480642548 364212.330335
LAUB micro 1137.0 282 140.550579238 0.542045145438 0.104 1.01591284936 0.507260614907 -0.00999942084189 0.824187777948 0.368626437215 0.160949868074 0.965903421261 183.0 20.3166226913 12.5743278708 1.38511213939 554.486567553 528.422599964 431 540 39.9366216119 8.36313054463 0.142638106734 4552.57645871
LAUB micro 921.0 198 296.877941855 0.532613126805 0.0683 0.7460867943 0.473513638009 -0.0144591774706 0.762512264492 0.281189448667 0.252985884908 0.926000983211 233.0 30.9446254072 11.9870925606 1.53591622873 333.103213611 347.821868392 295 358 28.8625233982 6.52432182256 0.22420014583 86.2411735998
LAUB micro 1010.0 157 811.285562633 0.48964139614 0.0488 0.667331605622 0.408179352967 -0.0192012518966 0.661292404 0.175144303767 0.326732673267 0.869563768258 330.0 44.8514851485 9.93645022723 1.80001274538 237.941678738 258.055928083 230 271 22.5508295378 4.94013668789 0.289355231527 25.7145405839
LAUB micro 779.0 150 309.096599553 0.530736841031 0.0807 0.805241332348 0.433718442448 -0.0184540424248 0.720891302527 0.241910268874 0.18998716303 0.917439658823 148.0 37.8690629012 7.30182944143 1.97024854053 203.031038751 229.651555027 216 242 22.379055693 5.37430772925 0.168371738388 728.427538719
LAUB micro 814.0 180 100.574922408 0.507869291172 0.1698 0.893280825806 0.49297024297 -0.0167560941793 0.820954619359 0.391260634831 0.110565110565 0.967274176119 90.0 20.515970516 6.09584226709 1.35002250554 306.96954156 310.337793426 267 325 26.7086031884 6.3089967351 0.0979857779985 4903769.72865
LAUB micro 1042.0 275 94.8531652289 0.587100401183 0.1319 0.725786247143 0.568462746467 -0.00997729159794 0.854639753074 0.439959139946 0.141074856046 0.972426788879 147.0 18.6180422265 12.0898272749 1.14746201635 418.458064035 428.756593446 397 468 39.4307170237 8.51920039862 0.125024335932 30818.4153426
LAUB micro 1090.0 272 80.4575103104 0.53393479538 0.1669 0.999929787017 0.510415542364 -0.0104438647688 0.839861385163 0.405317321242 0.0935779816514 0.977971551216 102.0 15.0458715596 7.07284466094 1.41549825121 526.455667789 504.044759595 416 520 38.7478691832 8.23864244629 0.082931326969 821390035.438
LAUB micro 918.0 162 315.465838509 0.468435759445 0.0929 0.583007727986 0.389978213508 -0.0183877564057 0.722589068463 0.239115917044 0.154684095861 0.933558318026 142.0 30.3921568627 6.3618984232 1.88191439797 278.158280106 334.338669103 248 303 23.5994344317 5.34679673207 0.137085210691 7716.52567587
LAUB micro 1041.0 259 125.763191763 0.553231459949 0.1142 0.892406808999 0.518809876159 -0.0107394093797 0.821486028575 0.36840628354 0.146974063401 0.966197617195 153.0 20.6532180596 10.1898987172 1.41610015833 475.949145299 460.222521262 392 485 37.1333242446 8.02739066949 0.130252372329 16162.1027152
LAUB micro 1044.0 246 59.2137381782 0.54835258323 0.234 0.956833660431 0.562891318568 -0.011959436843 0.867834667586 0.48095025275 0.0727969348659 0.98262466787 76.0 11.7816091954 5.42225689222 1.07700158501 384.488816507 344.919044207 347 412 35.2476663761 7.61350886526 0.0645146037686 9.37640152868e+13
LAUB micro 951.0 254 96.6259531294 0.568916828924 0.1271 0.790694286137 0.516219975658 -0.0104423585478 0.828280640062 0.383980398584 0.141955835962 0.969032541981 135.0 18.7171398528 10.0907183991 1.58238199655 442.972903226 464.354867911 387 474 36.8938361179 8.23651432609 0.125805084055 27849.2438863
LAUB micro 850.0 146 451.44393009 0.507036591552 0.0703 0.794464757827 0.430265914585 -0.0203158509414 0.709746845371 0.230117780989 0.261176470588 0.902549480969 222.0 40.3529411765 8.48331528008 1.72916629538 188.296674374 223.229892082 205 224 21.4966522279 5.00775868616 0.23145633456 72.0829600285
LAUB micro 899.0 290 54.775432526 0.637666597007 0.1497 0.989567989614 0.589543937709 -0.00845736846979 0.873500272554 0.48632704694 0.130144605117 0.976964888685 117.0 16.0177975528 12.8789448104 1.31529387518 458.005061753 491.926485107 433 516 42.4919825473 9.67204151649 0.115337653257 128212.530951
LAUB micro 1004.0 250 109.806971888 0.548744615124 0.1285 0.896872230827 0.502756972112 -0.0110004964299 0.817967030789 0.363466316917 0.119521912351 0.96887549404 120.0 20.1195219124 7.92522531657 1.55065984918 441.539090593 462.140671597 381 468 36.0256226368 7.88993003872 0.105923536907 746296.875092
LAUB micro 1271.0 315 210.689859468 0.589219470455 0.0719 0.831528219517 0.509387683739 -0.0081941821604 0.789575020189 0.295817193391 0.166011014949 0.955872730728 211.0 25.9638080252 11.3563542465 1.73130168141 509.880601288 532.873700303 469 563 43.9310802592 8.83563523689 0.147123431365 3096.4396388
LAUB micro 921.0 127 446.142357205 0.43909857057 0.1062 0.617323723007 0.449015534296 -0.0275628847006 0.749560149719 0.291673893811 0.229098805646 0.925854798342 211.0 31.7046688382 7.71590021986 1.18184855436 189.795454545 172.282604725 173 203 18.4602941532 4.18479228013 0.203033250241 160.85918896
LAUB micro 847.0 235 69.6333151482 0.580858089272 0.1578 1.04173509448 0.541696601271 -0.0113208048964 0.847123948609 0.431612086371 0.125147579693 0.973032119753 106.0 18.6540731995 9.00549554874 1.42510940283 401.53396565 400.566304482 353 430 34.7093427309 8.07469555974 0.110909154779 278186.38048
LAUB micro 1035.0 239 99.4154917197 0.5287859513 0.1593 1.00914343208 0.520635498151 -0.0123655533221 0.836194801881 0.405272954388 0.113043478261 0.97372820836 117.0 17.4879227053 7.69806236079 1.27612548597 388.927990492 386.780109865 351 422 34.2832940957 7.42895497231 0.100182174182 2787934.42407
LAUB micro 961.0 223 131.223649659 0.545068924407 0.1245 0.880060850326 0.510846791692 -0.0127393165506 0.811416061959 0.357821337227 0.120707596254 0.963971582671 116.0 22.6847034339 7.62351807593 1.44510935745 364.032832278 368.545933659 329 396 32.3239410604 7.1935483871 0.106974321907 599424.513465
LAUB micro 1046.0 138 779.296519623 0.429708052969 0.0691 0.939447499579 0.374774849669 -0.0243237304934 0.675578655401 0.196374953193 0.247609942639 0.895173820692 259.0 43.1166347992 7.52468347235 1.63282948947 233.359458513 224.866296379 201 244 19.7044940199 4.26690765731 0.219436858747 97.8551476294
LAUB micro 936.0 251 103.422310757 0.566549542543 0.1189 1.12379216101 0.530910545851 -0.0108413029956 0.835350275469 0.400229584862 0.159188034188 0.966503670831 149.0 19.5512820513 11.9257775684 1.36826022066 475.811611917 470.009036828 383 477 36.5410773025 8.20419165328 0.141076722107 5249.33743557
LAUB micro 930.0 278 41.2666026024 0.602345270294 0.2139 0.977518148922 0.579716871664 -0.00951049292417 0.883539312361 0.51750047008 0.0978494623656 0.983186495549 91.0 12.3655913978 9.7180177578 1.16093272722 445.379978471 466.094493453 411 492 40.5256063693 9.1159791174 0.0867168281895 176774695.391
SED micro 7097.0 182 95076.3369862 0.28589715534 0.0158 0.140644225686 0.192747438556 -0.0244646880224 0.416830361901 0.0428241719302 0.579681555587 0.652839775816 4114.0 64.5484007327 12.8096231128 1.60053772613 224.98851342 224.694668708 232 254 20.4117824764 2.16039908848 0.490312942291 5.95780092516
SED micro 5467.0 179 65480.766493 0.293213371234 0.0141 0.145289880315 0.199218674158 -0.024052415031 0.396408570915 0.0382987780266 0.623010792025 0.604439447433 3406.0 66.9654289373 12.937959114 1.64472100688 274.581119649 274.474960714 252 298 20.6820779701 2.420909162 0.519467968352 5.32509874655
SED micro 6137.0 127 104360.807649 0.239871747113 0.0221 0.126952127498 0.184113656805 -0.0389605945203 0.404423908168 0.0483569565921 0.583183966107 0.642989101518 3579.0 66.3679322144 10.4403407858 1.45312941675 190.881376961 185.528741621 172 202 14.446076707 1.62115917787 0.492723369067 5.89981481618
SED micro 8419.0 176 143639.784123 0.254724591867 0.0158 0.134692037927 0.163561316935 -0.0264531143554 0.391291450067 0.0374984597239 0.589499940611 0.639674870447 4963.0 66.0292196223 12.5261460331 1.70033782839 258.295489258 251.493922154 240 280 19.3621631351 1.91814932385 0.497045658092 5.79861883537
SED micro 54681.0 257 3391183.93747 0.164201033932 0.0132 0.10773489212 0.115706826513 -0.0227728203616 0.352080130634 0.0236518710569 0.507964375194 0.705761232623 27776.0 63.0877269984 13.4646137088 1.65257572298 378.602223848 390.069485914 353 412 23.4662780323 1.09904354327 0.438711821178 7.54093335456
SED micro 20573.0 155 1008944.44558 0.190878761904 0.0173 0.112446579964 0.134682946486 -0.0361453616455 0.33323004303 0.0283694011333 0.577747533175 0.626441339122 11886.0 75.1567588587 10.7270447421 1.4916919201 207.467666596 204.789755351 203 230 15.5058509778 1.08064459377 0.488977724359 5.99041480833
SED micro 4599.0 109 59840.1569827 0.247941224761 0.0291 0.132294968557 0.199157774626 -0.0435105881729 0.431849070797 0.0609568861088 0.535986083931 0.685270501103 2465.0 67.6451402479 9.18238700204 1.64233674371 127.239260036 138.285429696 140 146 12.8059280367 1.60729203724 0.45939679436 6.81646178338
SED micro 8818.0 173 147278.493346 0.275060382613 0.0174 0.140096245941 0.156238487487 -0.0258414333243 0.394714357351 0.0386348917234 0.556815604445 0.668437273992 4910.0 65.9333182127 11.9305405357 1.77092824339 233.314532241 212.871932832 222 252 18.9332430414 1.84230298548 0.474332650144 6.37298709046
SED micro 18328.0 145 900822.241667 0.181907841064 0.0175 0.112990142977 0.131962025316 -0.0384483355857 0.334471458641 0.0297460374868 0.607485814055 0.606939754245 11134.0 72.1955477957 10.9564494891 1.62765155333 210.535490597 230.711233692 201 234 14.6696498397 1.0710517722 0.509184997091 5.53219545876
SED micro 38036.0 137 5066813.11582 0.182346278483 0.0151 0.107682852942 0.107481732634 -0.0427408606175 0.270431882631 0.0204633009022 0.676043748028 0.516396852466 25714.0 79.4089809654 10.7347680359 1.40336789989 147.266936593 152.132612839 159 159 12.8955320938 0.702462504552 0.553318182541 4.74223029502
SED micro 23527.0 184 1126131.85576 0.192304640439 0.0144 0.114048214935 0.137990625017 -0.0300118448675 0.334400711404 0.02578951867 0.591363114719 0.622253050713 13913.0 72.1171420071 12.16209351 1.54609539325 244.00255037 258.278147623 244 275 18.1801853487 1.19959472336 0.498314739636 5.7695642235
SED micro 22984.0 246 704289.887042 0.223027034505 0.0123 0.119724471267 0.161940154905 -0.0213599103804 0.375709234559 0.0282129974523 0.552166724678 0.669297257924 12691.0 68.1865645667 14.0361131894 1.34645247928 327.572176536 300.585406628 311 351 24.3961854467 1.62264045943 0.471030980666 6.46603835692
SED micro 18785.0 201 573550.419453 0.208121416931 0.0151 0.116809445921 0.160652950314 -0.0268098109057 0.378340643618 0.0321845630972 0.551770029279 0.669953148586 10365.0 67.4154910833 12.6667751962 1.42758906808 263.108569443 263.867054941 261 293 20.3235221043 1.4665283325 0.47074840543 6.47412734405
SED micro 18639.0 261 385057.428117 0.23745792903 0.0131 0.120808471188 0.198671306549 -0.0199473338717 0.427734764553 0.0377169345095 0.5223456194 0.707995350574 9736.0 62.3209399646 14.6914340971 1.09483680532 301.312021933 303.738213292 315 334 26.4415435312 1.91174165526 0.449413851267 7.1483113752
SED micro 34918.0 209 2981743.11502 0.208124766799 0.0093 0.122157498405 0.0909130646757 -0.0246284590101 0.241473760191 0.0126582134689 0.701958875079 0.486546817298 24511.0 80.250873475 13.5714496991 1.78711198046 359.12194633 356.623117907 297 360 19.8838368384 1.11846295896 0.569194405598 4.51153923279
SED micro 29095.0 168 2545869.63641 0.217153754738 0.0117 0.121916617051 0.0969212104845 -0.0307010222808 0.253743224049 0.0159875729638 0.697576903248 0.491802286428 20296.0 80.1202955834 12.1116921012 1.75285720763 193.574649497 202.326841653 208 218 16.2477889116 0.984918059946 0.56653872789 4.54850613132
SED micro 19419.0 177 694896.524461 0.208638481708 0.0171 0.118042073391 0.151072556059 -0.0301198364359 0.365389154373 0.0319774939424 0.540604562542 0.67002628532 10498.0 68.0519079252 11.3318085394 1.54307086962 206.187943739 210.802250461 219 232 17.8245767492 1.27016410539 0.46274035846 6.71197872994
SED micro 5007.0 115 76961.6366133 0.251822229635 0.0242 0.132633474058 0.189612802945 -0.0411321207118 0.413862344118 0.0537367587275 0.586978230477 0.641339871334 2939.0 65.5682045137 10.036260745 1.62495720944 142.371320269 146.73272326 149 163 13.3824929235 1.62520834878 0.495323703529 5.83851434381
SED micro 8326.0 137 176685.691069 0.231455899499 0.0206 0.124030645081 0.176016208132 -0.0369901802649 0.40145061872 0.0456437658482 0.581071342782 0.646069670303 4838.0 66.7787653135 10.8732272461 1.46730667478 177.058865352 172.729864789 176 197 15.0656823409 1.50142057802 0.491270587065 5.9346274458
SED micro 19298.0 259 294980.057077 0.235608105279 0.0185 0.120550208756 0.218478238688 -0.0201454821524 0.488953549906 0.0547880456886 0.42641724531 0.791782824954 8229.0 55.4098870349 13.5328872125 1.07013123326 295.640196525 282.373661218 301 320 26.1457600476 1.86441939898 0.374551687853 11.1403651661
SED micro 35587.0 135 4259409.35965 0.170688158409 0.0162 0.106583429298 0.101038144391 -0.0438300730387 0.272459190909 0.0209376977211 0.651923455194 0.541909337284 23200.0 78.3375951893 10.4128762554 1.58156229253 179.910352897 174.412245405 174 197 12.7865820352 0.715629243578 0.538158616762 4.98633684423
SED micro 10759.0 150 298845.354318 0.252753604456 0.017 0.128594935611 0.154880565108 -0.032553773137 0.351915087865 0.0324278927772 0.603401803142 0.608662762175 6492.0 72.097778604 11.0343053598 1.44207571701 184.157020893 182.744257754 187 205 16.0499847928 1.44612323925 0.506450190497 5.59004319338
SED micro 7138.0 163 109872.585852 0.2588368903 0.0173 0.134297239531 0.182502874961 -0.0286493945711 0.400402147822 0.041278628599 0.583216587279 0.644522651979 4163.0 67.7500700476 11.9312858922 1.61101990407 215.112563881 224.46236653 218 245 18.2572488886 1.92929808219 0.492745773852 5.89928113732
SED micro 7271.0 153 146410.751118 0.264157477005 0.0153 0.133621695982 0.186460133955 -0.0306808747986 0.371800338812 0.0361208118661 0.647366249484 0.572516229791 4707.0 71.1594003576 11.9281942149 1.5173634114 191.617556073 195.795139846 197 217 17.0946916679 1.79429711357 0.535251057534 5.03612538391
SED micro 7288.0 169 96731.4428008 0.268728474396 0.019 0.134564860999 0.192712832637 -0.0275756349401 0.43646372552 0.0499052419042 0.54541712404 0.688125963194 3975.0 60.8260153677 12.0994088211 1.50040729783 198.610620305 206.924026591 212 225 18.889171794 1.97962314435 0.466204988832 6.6069898322
SED micro 21166.0 195 754005.888554 0.210071803401 0.0155 0.116420222214 0.162931600511 -0.0277292215289 0.374336873242 0.0319512348751 0.545308513654 0.66835999275 11542.0 70.9534158556 12.1179324767 1.37887876184 214.803752541 223.663530258 233 236 19.4776155719 1.34034073131 0.466127016465 6.60931698823
SED micro 5689.0 133 80628.7669173 0.258440011417 0.0224 0.131921627274 0.210202514548 -0.0357629301487 0.433842827468 0.0556426962528 0.568817015293 0.663635567877 3236.0 63.2272807172 10.8344479228 1.4809398873 155.901984845 159.717017636 167 177 15.2666639208 1.76333031565 0.482773223632 6.14676499059
SED micro 27175.0 139 2232909.4547 0.179119528347 0.0169 0.110984811244 0.110635701191 -0.0408479753263 0.299429502577 0.0245079396963 0.627598896044 0.575541585807 17055.0 75.7056117755 10.571171181 1.68215066568 197.260208406 182.077709531 182 210 13.5160908462 0.843198885569 0.52247324592 5.26750448303
SED micro 4480.0 135 53664.3609729 0.287884306413 0.0203 0.142416261159 0.199379960317 -0.0325578892655 0.413922763268 0.0493818646052 0.59375 0.634302555006 2660.0 67.8794642857 10.9492617722 1.64602639099 181.156644286 180.519354636 179 203 15.9383811235 2.01694827825 0.49993659947 5.73285587222
SED micro 16992.0 221 446748.709872 0.23915125085 0.0131 0.125600000264 0.166102653578 -0.0226366219682 0.371614693362 0.0292445254828 0.56679613936 0.655069283463 9631.0 66.9373822976 13.441391864 1.4701795853 251.287496742 271.768836894 274 282 22.5861143563 1.69539158796 0.481360238003 6.18351575721
SED micro 22368.0 238 614862.573556 0.210334450144 0.0142 0.11757119419 0.159321990599 -0.0224918454003 0.386313113471 0.030723132864 0.507063662375 0.704544186648 11342.0 67.4445636624 12.9653358258 1.43458095152 302.171882999 306.569682756 306 339 23.6635896745 1.5913414681 0.438035437192 7.56715881945
SED micro 14070.0 210 247363.952153 0.232999793463 0.0179 0.12316666056 0.187917555082 -0.0243053123794 0.432606513919 0.04357248443 0.485856432125 0.734085406049 6836.0 62.1037668799 12.393522582 1.39029307105 241.776906374 247.126678016 258 271 21.8806923005 1.77040344504 0.421900389321 8.24943548529
SED micro 17292.0 260 343611.586813 0.234220383308 0.0128 0.121724709755 0.192033666079 -0.019869636277 0.413514078507 0.0346270289849 0.527006708304 0.698523567837 9113.0 65.3423548462 14.4387781492 1.24145058701 319.172253113 325.899982812 328 358 26.5423262983 1.97720060437 0.452843367603 7.03079980717
SED micro 18001.0 245 330162.504416 0.233672735981 0.0162 0.119691916703 0.206380144414 -0.0214530668295 0.45073535533 0.0448222419035 0.474973612577 0.747305093424 8550.0 60.9521693239 13.5053566614 1.06241282247 293.041884532 280.406185397 295 320 24.9025773644 1.82607145812 0.413463854932 8.65521958219