FUNGI micro 4946.0 178 3429.5473878 0.307806691006 0.1846 0.627513963231 0.399737388515 -0.0255560005136 0.783322337473 0.321563614382 0.0948241002831 0.969567732645 469.0 14.2539425799 3.95491261951 0.870898605595 178.0 178.0 178 136 20.808022666 2.53100466891 0.0840356708527 513768758.85
FUNGI micro 125696.0 900 337066.789005 0.208249178345 0.0548 0.919013190131 0.316705844082 -0.0064274269835 0.728644832223 0.156951972434 0.0821585412424 0.979709589404 10327.0 13.239084776 10.6295363514 0.651952372065 900.0 900.0 900 832 76.5652337257 2.53852696354 0.0728111114049 168280352190.0
FUNGI micro 5074.0 157 5881.12869508 0.306183359387 0.1516 1.22256150366 0.398011342952 -0.0292384649667 0.768173953718 0.305269301797 0.141505715412 0.957994950258 718.0 21.9747733544 5.76246388385 0.833139042617 157.0 157.0 157 133 18.2843538973 2.20406511589 0.125406175103 29322.0514764
FUNGI micro 7504.0 203 8907.23147832 0.271326688393 0.1336 1.2317262348 0.364554995956 -0.0239469103301 0.744049458487 0.25300204459 0.091684434968 0.963121125734 688.0 16.4045842217 4.52382288709 0.928421384518 203.0 203.0 203 154 22.6376403791 2.34341726494 0.0812532149136 1737616891.49
FUNGI micro 6358.0 155 20580.9022204 0.282257008528 0.076 0.820246952601 0.321554759561 -0.0300923210286 0.677121917992 0.191021855781 0.252595155709 0.915143328629 1606.0 31.0946838628 8.75534405341 1.14297633021 155.0 155.0 155 128 17.5849891689 1.94388888442 0.223853959385 87.0157876987
FUNGI micro 4263.0 116 7638.20652174 0.280036724646 0.1514 0.87114607879 0.391742904058 -0.0418450280151 0.741062686093 0.285878707606 0.161388693408 0.94304466106 688.0 24.7243725076 4.8266026857 0.78283086979 116.0 116.0 116 93 13.7597196589 1.77664362916 0.143027005561 4396.94301376
FUNGI micro 7504.0 203 8907.23147832 0.271326688393 0.1336 0.767803190722 0.364554995956 -0.0239469103301 0.744049458487 0.25300204459 0.091684434968 0.963121125734 688.0 16.4045842217 4.52382288709 0.928421384518 203.0 203.0 203 154 22.6376403791 2.34341726494 0.0812532149136 1737616891.49
FUNGI micro 5694.0 161 9309.37111801 0.308105255276 0.1191 0.632435390618 0.359740120907 -0.0278716698536 0.725338791132 0.242966292278 0.127678257815 0.947847295553 727.0 23.8672286617 5.08694829321 1.04492804566 161.0 161.0 161 134 18.5031671692 2.13362034862 0.113151909871 185865.42389
FUNGI micro 2773.0 112 2807.17559524 0.355747597307 0.1806 0.888348536981 0.42894170831 -0.0373014056534 0.779545946694 0.347554278001 0.152902993148 0.950549246904 424.0 22.9715109989 4.88656444002 0.873523501152 112.0 112.0 112 99 14.0015653197 2.12688049205 0.13550674951 9067.70247768
FUNGI micro 6135.0 234 3639.35572796 0.327253223777 0.1594 0.671570200805 0.411591749734 -0.0187538118256 0.787378086266 0.310564700388 0.0715566422168 0.973197009158 439.0 14.3113284434 4.60463810059 0.891610569886 234.0 234.0 234 186 26.714775101 2.98750453959 0.0634154230275 2.61660580308e+14
FUNGI micro 4100.0 164 4245.03067485 0.33363149154 0.129 0.795476093333 0.334634146341 -0.0247202210644 0.717995461632 0.232679274746 0.0921951219512 0.952740035693 378.0 17.6097560976 3.8271204051 1.45220191788 164.0 164.0 164 125 19.5943082558 2.56124969497 0.0817057994686 1413355128.31
FUNGI micro 5900.0 190 5343.54218881 0.299472980702 0.1536 0.903387263375 0.382042818912 -0.0242224585167 0.768177147242 0.292577534397 0.114745762712 0.965724217179 677.0 18.0847457627 5.16386055879 0.924868173132 190.0 190.0 190 151 21.7674034479 2.47358930864 0.101690784497 1930735.22615
FUNGI micro 3598.0 169 1681.5166244 0.35728583243 0.2133 0.786185606218 0.457364545063 -0.0249107503321 0.816457179986 0.386389630649 0.0928293496387 0.97226116294 334.0 14.7581989994 4.27881060377 0.739602313355 169.0 169.0 169 132 20.517496662 2.81744940023 0.0822678691221 1098667283.26
FUNGI micro 10429.0 198 33191.165795 0.245584781317 0.0775 0.993779816923 0.313405897115 -0.0256078440765 0.671495945209 0.171826832886 0.167609550292 0.934831650839 1748.0 29.2166075367 6.67189890545 1.06107943633 198.0 198.0 198 155 21.2918979801 1.93884841757 0.148540096426 2760.26624388
FUNGI micro 7465.0 161 26105.458618 0.268721282992 0.0765 1.03574100417 0.360530508834 -0.0306252777128 0.690456109588 0.202485552726 0.243000669792 0.918835359833 1814.0 32.4179504354 8.73293935887 0.878924694944 161.0 161.0 161 135 17.9412812388 1.86342093349 0.215352591441 109.704422304
FUNGI micro 4946.0 178 3429.5473878 0.307806691006 0.1846 0.92518734506 0.399737388515 -0.0255560005136 0.783322337473 0.321563614382 0.0948241002831 0.969567732645 469.0 14.2539425799 3.95491261951 0.870898605595 178.0 178.0 178 136 20.808022666 2.53100466891 0.0840356708527 513768758.85
FUNGI micro 5976.0 121 13916.622865 0.252849392475 0.1502 1.26073798112 0.351189883501 -0.0422630381971 0.723810310265 0.259805847983 0.138052208835 0.944973445769 825.0 23.2095046854 4.0648676952 0.85166894654 121.0 121.0 121 102 13.8002308284 1.56523689351 0.122345584588 44254.0889866
FUNGI micro 3119.0 99 9520.10966811 0.318017483618 0.0953 0.857428944863 0.35125865905 -0.0438435740158 0.668171028453 0.20968291362 0.263866623918 0.893994867067 823.0 37.8326386662 6.19306679603 1.19917669445 99.0 99.0 99 80 12.1810738253 1.77266841749 0.233839241363 68.1773547539
FUNGI micro 6336.0 166 32990.347134 0.343977810105 0.0425 1.08352628033 0.303167214312 -0.0243750670983 0.610769899183 0.131499103088 0.348484848485 0.858381897415 2208.0 41.7929292929 10.5568652008 1.41791955232 166.0 166.0 166 137 18.8485200717 2.08545346666 0.308379828933 20.3246312512
FUNGI micro 3834.0 147 5261.50013978 0.354558786201 0.1152 1.14889199493 0.419043360693 -0.0283814696053 0.74552714655 0.275925711887 0.174230568597 0.940938624269 668.0 28.8993218571 6.46566999775 0.936619862692 147.0 147.0 147 124 17.6934011554 2.37405775725 0.154407821094 1769.50548598
FUNGI micro 5104.0 75 29233.5646847 0.219169166614 0.1383 0.764963397532 0.291630094044 -0.0719418377693 0.642489226812 0.202994981717 0.160462382445 0.903625744391 819.0 29.0556426332 3.07663902281 1.07981742704 75.0 75.0 75 61 8.66735867129 1.04979845804 0.142206083844 4733.43802299
FUNGI micro 17853.0 284 50880.3521002 0.260271012626 0.0723 1.0763291662 0.327577011951 -0.0177078300229 0.703624419556 0.184583523474 0.167142777124 0.951302211775 2984.0 23.1837786366 8.9853062508 0.878687827631 284.0 284.0 284 246 28.9072640293 2.12550796891 0.148126429477 2853.5500206
FUNGI micro 4009.0 113 10665.1267383 0.290895832846 0.1064 0.91030494679 0.341501533055 -0.040495279817 0.676446918177 0.20963640137 0.16662509354 0.916829376358 668.0 33.3250187079 4.91370042219 1.16096900496 113.0 113.0 113 89 13.4999986716 1.78468024082 0.147667644346 2961.61424451
FUNGI micro 2058.0 103 2298.6074624 0.38884948056 0.1492 0.797355683273 0.444894185136 -0.0381169605979 0.760140483904 0.322426112129 0.186103012634 0.93493404581 383.0 29.4946550049 5.40166015062 0.946013883356 103.0 103.0 103 80 13.3691768543 2.27046357801 0.164929500244 889.13409986
FUNGI micro 4263.0 116 7638.20652174 0.280036724646 0.1514 1.33191404166 0.391742904058 -0.0418450280151 0.741062686093 0.285878707606 0.161388693408 0.94304466106 688.0 24.7243725076 4.8266026857 0.78283086979 116.0 116.0 116 93 13.7597196589 1.77664362916 0.143027005561 4396.94301376
FUNGI micro 2949.0 104 5029.74598581 0.3007749445 0.139 0.985082986251 0.348970967994 -0.042587781152 0.703869768576 0.245497664326 0.165479823669 0.930813774255 488.0 26.6191929468 4.11721564709 1.21474266967 104.0 104.0 104 74 12.8923701985 1.91511982932 0.146652675351 3219.22507008
FUNGI micro 5204.0 202 5255.17708487 0.325089727367 0.1126 1.20260118034 0.370908516678 -0.0212602142024 0.74532992379 0.255071549361 0.151037663336 0.956045532881 786.0 23.193697156 7.04171755727 1.11414806599 202.0 202.0 202 148 23.4890388305 2.80015921366 0.133853644006 10800.1966819
FUNGI micro 8687.0 200 18464.7193719 0.311788309259 0.0931 0.899254622186 0.358587544607 -0.0224167745176 0.708609236191 0.209598749148 0.120524922298 0.946308164629 1047.0 22.9308161621 5.6935058615 1.02048140774 200.0 200.0 200 179 21.9414719996 2.1458288745 0.106812431328 619755.994374
FUNGI micro 4946.0 178 3429.5473878 0.307806691006 0.1846 0.847877994317 0.399737388515 -0.0255560005136 0.783322337473 0.321563614382 0.0948241002831 0.969567732645 469.0 14.2539425799 3.95491261951 0.870898605595 178.0 178.0 178 136 20.808022666 2.53100466891 0.0840356708527 513768758.85
FUNGI micro 9041.0 230 7879.61171445 0.265671848721 0.1645 1.09836080536 0.376060747416 -0.0216859110565 0.775735465725 0.29228059746 0.0884857869705 0.973576835956 800.0 14.3236367658 4.51055889943 0.794706582254 230.0 230.0 230 180 25.1385224062 2.41890939546 0.0784184869331 6869717051.38
FUNGI micro 6654.0 185 15578.9772033 0.33786777935 0.0771 0.841217693424 0.368683742354 -0.0230286979147 0.703876346899 0.208849704039 0.217463180042 0.929851840228 1447.0 28.5993387436 8.59012012032 1.04128869761 185.0 185.0 185 160 20.9020282644 2.26793357335 0.192721655117 233.410318712
FUNGI micro 6181.0 157 8856.10623877 0.282972632412 0.1498 1.03964766066 0.356002625675 -0.0301271180899 0.742403537089 0.26719161947 0.0944830933506 0.95746878249 584.0 17.8611875101 4.03070095207 0.986534515676 157.0 157.0 157 134 17.8709811056 1.99696420626 0.0837334613274 583106864.264
FUNGI micro 8065.0 316 6625.44395218 0.359910429069 0.0898 1.05826582216 0.392525524418 -0.0128818883115 0.762681196233 0.252774599265 0.146435213887 0.964749353229 1181.0 20.0371977681 10.046354723 1.09945101882 316.0 316.0 316 265 35.0183301871 3.51872151725 0.129774829381 17090.8310127
FUNGI micro 5900.0 190 5343.54218881 0.299472980702 0.1536 0.965386952931 0.382042818912 -0.0242224585167 0.768177147242 0.292577534397 0.114745762712 0.965724217179 677.0 18.0847457627 5.16386055879 0.924868173132 190.0 190.0 190 151 21.7674034479 2.47358930864 0.101690784497 1930735.22615
FUNGI micro 2238.0 105 2834.87142857 0.382218893299 0.1393 1.24766223567 0.405706625814 -0.036839340339 0.743990395334 0.297083422171 0.196157283289 0.931612628089 439.0 29.0884718499 5.58777405438 1.18907868225 105.0 105.0 105 89 13.4831381042 2.21952099752 0.173839863098 542.709575357
FUNGI micro 6358.0 155 20580.9022204 0.282257008528 0.076 0.737010672423 0.321554759561 -0.0300923210286 0.677121917992 0.191021855781 0.252595155709 0.915143328629 1606.0 31.0946838628 8.75534405341 1.14297633021 155.0 155.0 155 128 17.5849891689 1.94388888442 0.223853959385 87.0157876987
FUNGI micro 5067.0 177 3996.43971495 0.313994676117 0.171 1.06286442231 0.414339377762 -0.0256140455564 0.785172010373 0.325093442977 0.100651272943 0.966954473758 510.0 17.3080718374 4.67748555161 0.789546312731 177.0 177.0 177 143 20.6318402477 2.48655353657 0.0891998681628 71503872.2557
FUNGI micro 8778.0 185 6759.04218566 0.244275176216 0.2509 0.939907842264 0.399491973176 -0.0287738776787 0.807622745072 0.362865143594 0.0524037366143 0.978454286257 460.0 9.11369332422 2.39073873379 0.561158920996 185.0 185.0 185 156 20.2643085432 1.97457639135 0.0464416023819 5.85449761179e+25
FUNGI micro 1091.0 71 1372.63541247 0.427565408432 0.1486 1.26650153324 0.4096513084 -0.0485944695824 0.719930775044 0.293097266514 0.213565536205 0.905191295165 233.0 36.6636113657 4.2914449405 1.51880984829 71.0 71.0 71 54 10.0073625799 2.14954218902 0.189267486362 267.73568138
FUNGI micro 2949.0 104 5029.74598581 0.3007749445 0.139 0.523526599592 0.348970967994 -0.042587781152 0.703869768576 0.245497664326 0.165479823669 0.930813774255 488.0 26.6191929468 4.11721564709 1.21474266967 104.0 104.0 104 74 12.8923701985 1.91511982932 0.146652675351 3219.22507008
FUNGI micro 5074.0 157 5881.12869508 0.306183359387 0.1516 1.10575770927 0.398011342952 -0.0292384649667 0.768173953718 0.305269301797 0.141505715412 0.957994950258 718.0 21.9747733544 5.76246388385 0.833139042617 157.0 157.0 157 133 18.2843538973 2.20406511589 0.125406175103 29322.0514764
FUNGI micro 7465.0 161 26105.458618 0.268721282992 0.0765 1.09718101267 0.360530508834 -0.0306252777128 0.690456109588 0.202485552726 0.243000669792 0.918835359833 1814.0 32.4179504354 8.73293935887 0.878924694944 161.0 161.0 161 135 17.9412812388 1.86342093349 0.215352591441 109.704422304
FUNGI micro 4423.0 157 9259.41254287 0.327869786607 0.0794 0.471656261201 0.313952399948 -0.026195484613 0.674659683122 0.187839447418 0.22563870676 0.919793554431 998.0 33.7101514809 7.54574986669 1.45617137434 157.0 157.0 157 117 18.5834337398 2.36070208022 0.199966907753 178.715225201
FUNGI micro 1898.0 113 1876.32427307 0.427865827077 0.1317 0.95518611529 0.415351044882 -0.0309841553018 0.739823164009 0.28598649994 0.152792413066 0.93281486474 290.0 30.5584826133 5.01787002457 1.43193620302 113.0 113.0 113 89 14.8372748787 2.59376329075 0.135408750464 9160.6227439
FUNGI micro 7975.0 168 18904.9452167 0.261827643941 0.1071 0.894134068232 0.325538140021 -0.029200158408 0.69777256767 0.207829502066 0.151598746082 0.944407763288 1209.0 24.6018808777 5.36739354394 1.07092673167 168.0 168.0 168 135 18.5884634815 1.88123883681 0.134350890642 10240.2312204
FUNGI micro 4463.0 135 5942.05616363 0.280622933155 0.1563 1.10860560362 0.377432552427 -0.035411324383 0.7471526797 0.283997867003 0.111584136231 0.952617656596 498.0 21.9807304504 4.25304970569 0.888220070277 135.0 135.0 135 104 15.9455918042 2.020786003 0.0988888659815 3870477.41419
FUNGI micro 3135.0 115 8360.86117468 0.331562088196 0.0823 1.05837727752 0.320948616601 -0.0351996171687 0.649185948886 0.182156777205 0.217543859649 0.894324661879 682.0 42.4880382775 6.12677185271 1.50942018212 115.0 115.0 115 87 14.160814389 2.05389892581 0.192793154828 232.764860499
FUNGI micro 2505.0 119 4077.81099558 0.380103862405 0.0988 1.23321502365 0.392757342458 -0.0324498522044 0.707495323409 0.240731003123 0.2375249501 0.914914601934 595.0 33.6526946108 6.86296223519 1.27423862025 119.0 119.0 119 91 15.0778605124 2.37762356406 0.210500330199 126.641140116
FUNGI micro 4100.0 164 4245.03067485 0.33363149154 0.129 1.09481102615 0.334634146341 -0.0247202210644 0.717995461632 0.232679274746 0.0921951219512 0.952740035693 378.0 17.6097560976 3.8271204051 1.45220191788 164.0 164.0 164 125 19.5943082558 2.56124969497 0.0817057994686 1413355128.31
FUNGI micro 5204.0 202 5255.17708487 0.325089727367 0.1126 0.915505273457 0.370908516678 -0.0212602142024 0.74532992379 0.255071549361 0.151037663336 0.956045532881 786.0 23.193697156 7.04171755727 1.11414806599 202.0 202.0 202 148 23.4890388305 2.80015921366 0.133853644006 10800.1966819
FUNGI micro 6135.0 234 3639.35572796 0.327253223777 0.1594 0.899441229747 0.411591749734 -0.0187538118256 0.787378086266 0.310564700388 0.0715566422168 0.973197009158 439.0 14.3113284434 4.60463810059 0.891610569886 234.0 234.0 234 186 26.714775101 2.98750453959 0.0634154230275 2.61660580308e+14
FUNGI micro 5204.0 202 5255.17708487 0.325089727367 0.1126 1.13235595062 0.370908516678 -0.0212602142024 0.74532992379 0.255071549361 0.151037663336 0.956045532881 786.0 23.193697156 7.04171755727 1.11414806599 202.0 202.0 202 148 23.4890388305 2.80015921366 0.133853644006 10800.1966819
FUNGI micro 5900.0 190 5343.54218881 0.299472980702 0.1536 0.991011090341 0.382042818912 -0.0242224585167 0.768177147242 0.292577534397 0.114745762712 0.965724217179 677.0 18.0847457627 5.16386055879 0.924868173132 190.0 190.0 190 151 21.7674034479 2.47358930864 0.101690784497 1930735.22615
FUNGI micro 4461.0 165 4840.04745011 0.345971078301 0.1319 0.689087535242 0.404846039412 -0.0254861207968 0.758652974253 0.287300298854 0.150638870208 0.954052609979 672.0 22.1475005604 6.0884695438 1.00632353391 165.0 165.0 165 142 19.5165413892 2.47040315097 0.133500222799 11220.5901955
FUNGI micro 7975.0 168 18904.9452167 0.261827643941 0.1071 0.561636952759 0.325538140021 -0.029200158408 0.69777256767 0.207829502066 0.151598746082 0.944407763288 1209.0 24.6018808777 5.36739354394 1.07092673167 168.0 168.0 168 135 18.5884634815 1.88123883681 0.134350890642 10240.2312204
FUNGI micro 2254.0 104 4719.19305452 0.392607954225 0.0913 0.829931021463 0.379811958228 -0.0361704137621 0.679961113348 0.218675964319 0.242679680568 0.894709907419 547.0 40.7719609583 5.99504300109 1.34891954154 104.0 104.0 104 78 13.3411710432 2.19056620573 0.215068155943 110.605129717
FUNGI micro 6358.0 155 20580.9022204 0.282257008528 0.076 1.21670163464 0.321554759561 -0.0300923210286 0.677121917992 0.191021855781 0.252595155709 0.915143328629 1606.0 31.0946838628 8.75534405341 1.14297633021 155.0 155.0 155 128 17.5849891689 1.94388888442 0.223853959385 87.0157876987
FUNGI micro 5694.0 161 9309.37111801 0.308105255276 0.1191 0.655655526848 0.359740120907 -0.0278716698536 0.725338791132 0.242966292278 0.127678257815 0.947847295553 727.0 23.8672286617 5.08694829321 1.04492804566 161.0 161.0 161 134 18.5031671692 2.13362034862 0.113151909871 185865.42389
FUNGI micro 8134.0 184 14754.4270611 0.284437697953 0.1175 1.11822417557 0.336216204659 -0.0254259229707 0.721993644113 0.230438258218 0.138800098353 0.953755357535 1129.0 20.5802803049 5.43528760081 1.08127005237 184.0 184.0 184 160 20.3247335175 2.04016709614 0.123008384416 40378.7092198
FUNGI micro 4461.0 165 4840.04745011 0.345971078301 0.1319 0.854334119718 0.404846039412 -0.0254861207968 0.758652974253 0.287300298854 0.150638870208 0.954052609979 672.0 22.1475005604 6.0884695438 1.00632353391 165.0 165.0 165 142 19.5165413892 2.47040315097 0.133500222799 11220.5901955
FUNGI micro 4263.0 116 7638.20652174 0.280036724646 0.1514 0.662442740521 0.391742904058 -0.0418450280151 0.741062686093 0.285878707606 0.161388693408 0.94304466106 688.0 24.7243725076 4.8266026857 0.78283086979 116.0 116.0 116 93 13.7597196589 1.77664362916 0.143027005561 4396.94301376
FUNGI micro 2773.0 112 2807.17559524 0.355747597307 0.1806 0.674696374852 0.42894170831 -0.0373014056534 0.779545946694 0.347554278001 0.152902993148 0.950549246904 424.0 22.9715109989 4.88656444002 0.873523501152 112.0 112.0 112 99 14.0015653197 2.12688049205 0.13550674951 9067.70247768
FUNGI micro 13997.0 256 50049.9532935 0.278699489355 0.0566 1.1037481766 0.305517476959 -0.0185236104033 0.654429317761 0.143813179837 0.171608201758 0.930949823503 2402.0 29.3634350218 7.90257837883 1.12529393066 256.0 256.0 256 216 26.7110851414 2.16382674311 0.152083809009 2098.05907559
FUNGI micro 6336.0 166 32990.347134 0.343977810105 0.0425 0.989383372432 0.303167214312 -0.0243750670983 0.610769899183 0.131499103088 0.348484848485 0.858381897415 2208.0 41.7929292929 10.5568652008 1.41791955232 166.0 166.0 166 137 18.8485200717 2.08545346666 0.308379828933 20.3246312512
FUNGI micro 9525.0 195 18206.1617764 0.267826292856 0.1164 0.926879740687 0.361340601656 -0.0254713173588 0.732120947605 0.239627981331 0.120524934383 0.955941278994 1148.0 22.750656168 5.57900571499 0.833832856119 195.0 195.0 195 168 21.1751667424 1.99803052636 0.106812442039 619754.623692
FUNGI micro 10429.0 198 33191.165795 0.245584781317 0.0775 0.941381605473 0.313405897115 -0.0256078440765 0.671495945209 0.171826832886 0.167609550292 0.934831650839 1748.0 29.2166075367 6.67189890545 1.06107943633 198.0 198.0 198 155 21.2918979801 1.93884841757 0.148540096426 2760.26624388
FUNGI micro 4463.0 135 5942.05616363 0.280622933155 0.1563 1.17496301552 0.377432552427 -0.035411324383 0.7471526797 0.283997867003 0.111584136231 0.952617656596 498.0 21.9807304504 4.25304970569 0.888220070277 135.0 135.0 135 104 15.9455918042 2.020786003 0.0988888659815 3870477.41419
FUNGI micro 6654.0 185 15578.9772033 0.33786777935 0.0771 1.47273434084 0.368683742354 -0.0230286979147 0.703876346899 0.208849704039 0.217463180042 0.929851840228 1447.0 28.5993387436 8.59012012032 1.04128869761 185.0 185.0 185 160 20.9020282644 2.26793357335 0.192721655117 233.410318712
FUNGI micro 3834.0 147 5261.50013978 0.354558786201 0.1152 1.15501469591 0.419043360693 -0.0283814696053 0.74552714655 0.275925711887 0.174230568597 0.940938624269 668.0 28.8993218571 6.46566999775 0.936619862692 147.0 147.0 147 124 17.6934011554 2.37405775725 0.154407821094 1769.50548598
FUNGI micro 6135.0 234 3639.35572796 0.327253223777 0.1594 1.29048992372 0.411591749734 -0.0187538118256 0.787378086266 0.310564700388 0.0715566422168 0.973197009158 439.0 14.3113284434 4.60463810059 0.891610569886 234.0 234.0 234 186 26.714775101 2.98750453959 0.0634154230275 2.61660580308e+14
FUNGI micro 6654.0 185 15578.9772033 0.33786777935 0.0771 0.593582747599 0.368683742354 -0.0230286979147 0.703876346899 0.208849704039 0.217463180042 0.929851840228 1447.0 28.5993387436 8.59012012032 1.04128869761 185.0 185.0 185 160 20.9020282644 2.26793357335 0.192721655117 233.410318712
FUNGI micro 2633.0 148 2698.62929767 0.413564382052 0.1056 0.962500885852 0.400814506113 -0.0241943411814 0.731395812304 0.256225892303 0.171667299658 0.936021794718 452.0 29.6619825294 6.2109938786 1.42884806757 148.0 148.0 148 116 18.6645829657 2.8842724776 0.152136183159 2089.85240441
FUNGI micro 7551.0 155 13830.7111018 0.232570686789 0.1473 1.06900195087 0.32528141968 -0.0337582526117 0.7227896548 0.242179343173 0.104224606012 0.956192737748 787.0 19.3749172295 3.84699485281 0.994777429608 155.0 155.0 155 121 17.2463313866 1.78373142271 0.0923666521429 24965075.4476
FUNGI micro 5067.0 177 3996.43971495 0.313994676117 0.171 1.17197370593 0.414339377762 -0.0256140455564 0.785172010373 0.325093442977 0.100651272943 0.966954473758 510.0 17.3080718374 4.67748555161 0.789546312731 177.0 177.0 177 143 20.6318402477 2.48655353657 0.0891998681628 71503872.2557
FUNGI micro 2058.0 103 2298.6074624 0.38884948056 0.1492 0.787662698832 0.444894185136 -0.0381169605979 0.760140483904 0.322426112129 0.186103012634 0.93493404581 383.0 29.4946550049 5.40166015062 0.946013883356 103.0 103.0 103 80 13.3691768543 2.27046357801 0.164929500244 889.13409986
FUNGI micro 9525.0 195 18206.1617764 0.267826292856 0.1164 1.07315096169 0.361340601656 -0.0254713173588 0.732120947605 0.239627981331 0.120524934383 0.955941278994 1148.0 22.750656168 5.57900571499 0.833832856119 195.0 195.0 195 168 21.1751667424 1.99803052636 0.106812442039 619754.623692
FUNGI micro 8226.0 238 8583.59727689 0.303868964322 0.1226 0.804276619621 0.38911976169 -0.019351823757 0.760588085696 0.266704773646 0.100048626307 0.965734768856 823.0 19.7665937272 5.99142962679 0.865747001144 238.0 238.0 238 197 26.2893566471 2.62411343323 0.0886657864877 86329183.2333
FUNGI micro 3119.0 99 9520.10966811 0.318017483618 0.0953 1.05283932568 0.35125865905 -0.0438435740158 0.668171028453 0.20968291362 0.263866623918 0.893994867067 823.0 37.8326386662 6.19306679603 1.19917669445 99.0 99.0 99 80 12.1810738253 1.77266841749 0.233839241363 68.1773547539
FUNGI micro 4115.0 210 3037.38083846 0.411387529763 0.1127 1.32025062536 0.434172308048 -0.0177714991479 0.768919567816 0.287262863085 0.142162818955 0.957748922606 585.0 21.992709599 7.01967644732 1.12365409791 210.0 210.0 210 170 25.1129659518 3.27366605336 0.125988517956 27201.3296856
FUNGI micro 8431.0 184 25112.3228498 0.286176799374 0.0775 0.878774719916 0.335328858818 -0.0255264801473 0.681240513047 0.185272351535 0.190013047088 0.929913539987 1602.0 32.3211955877 7.26108448185 1.02847764228 184.0 184.0 184 150 20.2441003354 2.00391030382 0.168394677533 727.488118789
FUNGI micro 5976.0 121 13916.622865 0.252849392475 0.1502 0.861697176974 0.351189883501 -0.0422630381971 0.723810310265 0.259805847983 0.138052208835 0.944973445769 825.0 23.2095046854 4.0648676952 0.85166894654 121.0 121.0 121 102 13.8002308284 1.56523689351 0.122345584588 44254.0889866
FUNGI micro 8226.0 238 8583.59727689 0.303868964322 0.1226 1.2897360691 0.38911976169 -0.019351823757 0.760588085696 0.266704773646 0.100048626307 0.965734768856 823.0 19.7665937272 5.99142962679 0.865747001144 238.0 238.0 238 197 26.2893566471 2.62411343323 0.0886657864877 86329183.2333
FUNGI micro 12133.0 295 8211.09219417 0.279337762547 0.1713 0.644053639851 0.41009070374 -0.0166556263847 0.800974209895 0.320130017384 0.0669249155197 0.980211377255 812.0 11.4646006758 4.67528074272 0.655556043817 295.0 295.0 295 257 31.2643418121 2.67816862034 0.0593106621172 2.0154319808e+16
FUNGI micro 6181.0 157 8856.10623877 0.282972632412 0.1498 1.28600789004 0.356002625675 -0.0301271180899 0.742403537089 0.26719161947 0.0944830933506 0.95746878249 584.0 17.8611875101 4.03070095207 0.986534515676 157.0 157.0 157 134 17.8709811056 1.99696420626 0.0837334613274 583106864.264
FUNGI micro 7465.0 161 26105.458618 0.268721282992 0.0765 0.708463770945 0.360530508834 -0.0306252777128 0.690456109588 0.202485552726 0.243000669792 0.918835359833 1814.0 32.4179504354 8.73293935887 0.878924694944 161.0 161.0 161 135 17.9412812388 1.86342093349 0.215352591441 109.704422304
FUNGI micro 9716.0 223 24265.8588858 0.285104969181 0.0729 0.995410381916 0.378189459576 -0.0214101901508 0.71085600002 0.205850877149 0.206051873199 0.938450194668 2002.0 26.9143680527 9.6521230147 0.864108658078 223.0 223.0 223 190 24.1789785759 2.26235685572 0.182608703537 355.957042146
FUNGI micro 8778.0 185 6759.04218566 0.244275176216 0.2509 1.22021609795 0.399491973176 -0.0287738776787 0.807622745072 0.362865143594 0.0524037366143 0.978454286257 460.0 9.11369332422 2.39073873379 0.561158920996 185.0 185.0 185 156 20.2643085432 1.97457639135 0.0464416023819 5.85449761179e+25
FUNGI micro 12133.0 295 8211.09219417 0.279337762547 0.1713 0.928778527427 0.41009070374 -0.0166556263847 0.800974209895 0.320130017384 0.0669249155197 0.980211377255 812.0 11.4646006758 4.67528074272 0.655556043817 295.0 295.0 295 257 31.2643418121 2.67816862034 0.0593106621172 2.0154319808e+16
FUNGI micro 17853.0 284 50880.3521002 0.260271012626 0.0723 1.03773327616 0.327577011951 -0.0177078300229 0.703624419556 0.184583523474 0.167142777124 0.951302211775 2984.0 23.1837786366 8.9853062508 0.878687827631 284.0 284.0 284 246 28.9072640293 2.12550796891 0.148126429477 2853.5500206
FUNGI micro 4115.0 210 3037.38083846 0.411387529763 0.1127 1.02945471461 0.434172308048 -0.0177714991479 0.768919567816 0.287262863085 0.142162818955 0.957748922606 585.0 21.992709599 7.01967644732 1.12365409791 210.0 210.0 210 170 25.1129659518 3.27366605336 0.125988517956 27201.3296856
FUNGI micro 4423.0 157 9259.41254287 0.327869786607 0.0794 0.840131813427 0.313952399948 -0.026195484613 0.674659683122 0.187839447418 0.22563870676 0.919793554431 998.0 33.7101514809 7.54574986669 1.45617137434 157.0 157.0 157 117 18.5834337398 2.36070208022 0.199966907753 178.715225201
FUNGI micro 4463.0 135 5942.05616363 0.280622933155 0.1563 1.34636510008 0.377432552427 -0.035411324383 0.7471526797 0.283997867003 0.111584136231 0.952617656596 498.0 21.9807304504 4.25304970569 0.888220070277 135.0 135.0 135 104 15.9455918042 2.020786003 0.0988888659815 3870477.41419
FUNGI micro 5328.0 182 11023.9351588 0.370447395622 0.0725 0.935265287391 0.402602465102 -0.0221563073666 0.714235927399 0.221746968122 0.230668168168 0.924216587083 1229.0 32.6576576577 9.13499176322 1.02468324714 182.0 182.0 182 157 21.0937734237 2.4933846408 0.204424009294 153.575304805
FUNGI micro 7975.0 168 18904.9452167 0.261827643941 0.1071 0.820236977265 0.325538140021 -0.029200158408 0.69777256767 0.207829502066 0.151598746082 0.944407763288 1209.0 24.6018808777 5.36739354394 1.07092673167 168.0 168.0 168 135 18.5884634815 1.88123883681 0.134350890642 10240.2312204
FUNGI micro 13313.0 250 19881.0486908 0.255177049127 0.1253 1.02780866981 0.3645570495 -0.020476071873 0.753725752539 0.253728663534 0.113047397281 0.968068981528 1505.0 17.1336287839 6.05210568631 0.789427266934 250.0 250.0 250 218 26.2201966543 2.16671626096 0.100185647323 2785525.51423
FUNGI micro 13997.0 256 50049.9532935 0.278699489355 0.0566 0.97824127266 0.305517476959 -0.0185236104033 0.654429317761 0.143813179837 0.171608201758 0.930949823503 2402.0 29.3634350218 7.90257837883 1.12529393066 256.0 256.0 256 216 26.7110851414 2.16382674311 0.152083809009 2098.05907559
FUNGI micro 2505.0 119 4077.81099558 0.380103862405 0.0988 1.01872052185 0.392757342458 -0.0324498522044 0.707495323409 0.240731003123 0.2375249501 0.914914601934 595.0 33.6526946108 6.86296223519 1.27423862025 119.0 119.0 119 91 15.0778605124 2.37762356406 0.210500330199 126.641140116
FUNGI micro 30836.0 338 64753.8278932 0.222825646576 0.1142 1.3332664534 0.353647584741 -0.0165225012732 0.750465702878 0.231582592797 0.0673239071215 0.974091600653 2076.0 13.3642495784 5.44222892331 0.636511614243 338.0 338.0 338 309 32.6031071987 1.92480918219 0.0596642592178 1.33826399957e+16
FUNGI micro 9716.0 223 24265.8588858 0.285104969181 0.0729 1.11986584191 0.378189459576 -0.0214101901508 0.71085600002 0.205850877149 0.206051873199 0.938450194668 2002.0 26.9143680527 9.6521230147 0.864108658078 223.0 223.0 223 190 24.1789785759 2.26235685572 0.182608703537 355.957042146
FUNGI micro 13313.0 250 19881.0486908 0.255177049127 0.1253 1.18221542703 0.3645570495 -0.020476071873 0.753725752539 0.253728663534 0.113047397281 0.968068981528 1505.0 17.1336287839 6.05210568631 0.789427266934 250.0 250.0 250 218 26.2201966543 2.16671626096 0.100185647323 2785525.51423
FUNGI micro 2423.0 128 1896.0343873 0.402076491211 0.16 1.24234385004 0.432324984523 -0.0295911151063 0.773038191919 0.327207185715 0.113908378044 0.951172463506 276.0 22.7816756087 4.61092340698 1.09157962037 128.0 128.0 128 103 16.2971748078 2.6003587168 0.100948671657 2308572.07987
FUNGI micro 9585.0 235 10731.8348791 0.310687531685 0.1347 1.27039902589 0.376286085306 -0.0192405984352 0.759997669842 0.266614761564 0.0943140323422 0.968410528862 904.0 15.5972874283 4.82734300526 0.907948719071 235.0 235.0 235 207 25.5236864484 2.40033470106 0.0835836349097 621187916.92
FUNGI micro 2633.0 148 2698.62929767 0.413564382052 0.1056 1.3642261402 0.400814506113 -0.0241943411814 0.731395812304 0.256225892303 0.171667299658 0.936021794718 452.0 29.6619825294 6.2109938786 1.42884806757 148.0 148.0 148 116 18.6645829657 2.8842724776 0.152136183159 2089.85240441
FUNGI micro 8778.0 185 6759.04218566 0.244275176216 0.2509 1.08653612479 0.399491973176 -0.0287738776787 0.807622745072 0.362865143594 0.0524037366143 0.978454286257 460.0 9.11369332422 2.39073873379 0.561158920996 185.0 185.0 185 156 20.2643085432 1.97457639135 0.0464416023819 5.85449761179e+25
FUNGI micro 6530.0 174 10847.4760481 0.297978536085 0.1155 0.773179175276 0.351667810811 -0.0262353413009 0.728143878515 0.241617614505 0.136753445636 0.95024317029 893.0 25.4058192956 5.8039336234 1.05971738257 174.0 174.0 174 152 19.6945361006 2.15324108425 0.121194585671 52067.5418211
FUNGI micro 4009.0 113 10665.1267383 0.290895832846 0.1064 0.79507866774 0.341501533055 -0.040495279817 0.676446918177 0.20963640137 0.16662509354 0.916829376358 668.0 33.3250187079 4.91370042219 1.16096900496 113.0 113.0 113 89 13.4999986716 1.78468024082 0.147667644346 2961.61424451
FUNGI micro 7597.0 234 7686.68766736 0.323017713141 0.121 1.16863726741 0.37630238657 -0.0186611971046 0.747964847266 0.249649990908 0.0837172568119 0.964694414527 636.0 16.6644728182 4.98433332766 1.0569074508 234.0 234.0 234 200 26.0757397841 2.6846940124 0.0741924871117 71594030470.7
FUNGI micro 6181.0 157 8856.10623877 0.282972632412 0.1498 0.79246745539 0.356002625675 -0.0301271180899 0.742403537089 0.26719161947 0.0944830933506 0.95746878249 584.0 17.8611875101 4.03070095207 0.986534515676 157.0 157.0 157 134 17.8709811056 1.99696420626 0.0837334613274 583106864.264
FUNGI micro 9585.0 235 10731.8348791 0.310687531685 0.1347 0.70350256703 0.376286085306 -0.0192405984352 0.759997669842 0.266614761564 0.0943140323422 0.968410528862 904.0 15.5972874283 4.82734300526 0.907948719071 235.0 235.0 235 207 25.5236864484 2.40033470106 0.0835836349097 621187916.92
FUNGI micro 13997.0 256 50049.9532935 0.278699489355 0.0566 0.865713141581 0.305517476959 -0.0185236104033 0.654429317761 0.143813179837 0.171608201758 0.930949823503 2402.0 29.3634350218 7.90257837883 1.12529393066 256.0 256.0 256 216 26.7110851414 2.16382674311 0.152083809009 2098.05907559
FUNGI micro 2758.0 76 11793.4350877 0.342544899223 0.1017 0.588357020799 0.400929353841 -0.0560005532396 0.679996767985 0.240112934624 0.314720812183 0.870559953219 868.0 43.2922407542 6.36877400836 0.956759427686 76.0 76.0 76 68 9.46699426434 1.44715970474 0.278791907811 29.8151871701
FUNGI micro 2254.0 104 4719.19305452 0.392607954225 0.0913 1.23886384399 0.379811958228 -0.0361704137621 0.679961113348 0.218675964319 0.242679680568 0.894709907419 547.0 40.7719609583 5.99504300109 1.34891954154 104.0 104.0 104 78 13.3411710432 2.19056620573 0.215068155943 110.605129717
FUNGI micro 12133.0 295 8211.09219417 0.279337762547 0.1713 1.00234081017 0.41009070374 -0.0166556263847 0.800974209895 0.320130017384 0.0669249155197 0.980211377255 812.0 11.4646006758 4.67528074272 0.655556043817 295.0 295.0 295 257 31.2643418121 2.67816862034 0.0593106621172 2.0154319808e+16
FUNGI micro 5146.0 196 7399.6166405 0.368092053749 0.0856 1.03626380594 0.387562759266 -0.0204120321789 0.720895863942 0.225251018071 0.167897396036 0.940409532517 864.0 29.9844539448 7.37436268857 1.15887374939 196.0 196.0 196 160 22.8177592566 2.73225469192 0.148795193074 2704.6197681
FUNGI micro 8431.0 184 25112.3228498 0.286176799374 0.0775 0.937526389586 0.335328858818 -0.0255264801473 0.681240513047 0.185272351535 0.190013047088 0.929913539987 1602.0 32.3211955877 7.26108448185 1.02847764228 184.0 184.0 184 150 20.2441003354 2.00391030382 0.168394677533 727.488118789
FUNGI micro 9041.0 230 7879.61171445 0.265671848721 0.1645 1.02975620671 0.376060747416 -0.0216859110565 0.775735465725 0.29228059746 0.0884857869705 0.973576835956 800.0 14.3236367658 4.51055889943 0.794706582254 230.0 230.0 230 180 25.1385224062 2.41890939546 0.0784184869331 6869717051.38
FUNGI micro 7504.0 203 8907.23147832 0.271326688393 0.1336 1.26834873313 0.364554995956 -0.0239469103301 0.744049458487 0.25300204459 0.091684434968 0.963121125734 688.0 16.4045842217 4.52382288709 0.928421384518 203.0 203.0 203 154 22.6376403791 2.34341726494 0.0812532149136 1737616891.49
FUNGI micro 9525.0 195 18206.1617764 0.267826292856 0.1164 0.793547652921 0.361340601656 -0.0254713173588 0.732120947605 0.239627981331 0.120524934383 0.955941278994 1148.0 22.750656168 5.57900571499 0.833832856119 195.0 195.0 195 168 21.1751667424 1.99803052636 0.106812442039 619754.623692
FUNGI micro 8431.0 184 25112.3228498 0.286176799374 0.0775 0.924610430757 0.335328858818 -0.0255264801473 0.681240513047 0.185272351535 0.190013047088 0.929913539987 1602.0 32.3211955877 7.26108448185 1.02847764228 184.0 184.0 184 150 20.2441003354 2.00391030382 0.168394677533 727.488118789
FUNGI micro 5328.0 182 11023.9351588 0.370447395622 0.0725 0.9051496056 0.402602465102 -0.0221563073666 0.714235927399 0.221746968122 0.230668168168 0.924216587083 1229.0 32.6576576577 9.13499176322 1.02468324714 182.0 182.0 182 157 21.0937734237 2.4933846408 0.204424009294 153.575304805
FUNGI micro 7597.0 234 7686.68766736 0.323017713141 0.121 1.06006979037 0.37630238657 -0.0186611971046 0.747964847266 0.249649990908 0.0837172568119 0.964694414527 636.0 16.6644728182 4.98433332766 1.0569074508 234.0 234.0 234 200 26.0757397841 2.6846940124 0.0741924871117 71594030470.7
FUNGI micro 8687.0 200 18464.7193719 0.311788309259 0.0931 1.13761288261 0.358587544607 -0.0224167745176 0.708609236191 0.209598749148 0.120524922298 0.946308164629 1047.0 22.9308161621 5.6935058615 1.02048140774 200.0 200.0 200 179 21.9414719996 2.1458288745 0.106812431328 619755.994374
FUNGI micro 4423.0 157 9259.41254287 0.327869786607 0.0794 0.785448663347 0.313952399948 -0.026195484613 0.674659683122 0.187839447418 0.22563870676 0.919793554431 998.0 33.7101514809 7.54574986669 1.45617137434 157.0 157.0 157 117 18.5834337398 2.36070208022 0.199966907753 178.715225201
FUNGI micro 9716.0 223 24265.8588858 0.285104969181 0.0729 0.784842037841 0.378189459576 -0.0214101901508 0.71085600002 0.205850877149 0.206051873199 0.938450194668 2002.0 26.9143680527 9.6521230147 0.864108658078 223.0 223.0 223 190 24.1789785759 2.26235685572 0.182608703537 355.957042146
FUNGI micro 5074.0 157 5881.12869508 0.306183359387 0.1516 0.637766529604 0.398011342952 -0.0292384649667 0.768173953718 0.305269301797 0.141505715412 0.957994950258 718.0 21.9747733544 5.76246388385 0.833139042617 157.0 157.0 157 133 18.2843538973 2.20406511589 0.125406175103 29322.0514764
FUNGI micro 5328.0 182 11023.9351588 0.370447395622 0.0725 0.949675058113 0.402602465102 -0.0221563073666 0.714235927399 0.221746968122 0.230668168168 0.924216587083 1229.0 32.6576576577 9.13499176322 1.02468324714 182.0 182.0 182 157 21.0937734237 2.4933846408 0.204424009294 153.575304805
FUNGI micro 30836.0 338 64753.8278932 0.222825646576 0.1142 1.09526474085 0.353647584741 -0.0165225012732 0.750465702878 0.231582592797 0.0673239071215 0.974091600653 2076.0 13.3642495784 5.44222892331 0.636511614243 338.0 338.0 338 309 32.6031071987 1.92480918219 0.0596642592178 1.33826399957e+16
