27 4 0.484248242391 0.609531772575 -0.910497985632 0.622237280204 0.829404321726 0.759698446706 0.555555555556 0 0.25 1 0.508325672945
34938 2182 0.400679346731 0.34276938138 -0.00183178984943 0.552376385976 0.843928019602 0.922846707853 0.00732726544164 0 0.000458295142071 207 4.02947062668
9588 1115 0.499378091472 0.301482400272 -0.00305113030189 0.574314238625 0.817995834833 0.921056740429 0.0228410513141 0 0.000896860986547 141 7.88884658631
128 42 0.659640364353 0.563721442334 -0.0606349967534 0.721519600526 0.761795220201 0.91512142002 0.09375 0 0.0238095238095 16 1.64666881057
3667 652 0.508460514639 0.341169920819 -0.0051092812999 0.576725609753 0.814343342807 0.915237673887 0.0259067357513 0 0.00153374233129 175 5.29323164865
33027 1588 0.408409690329 0.567233539381 -0.00244326389515 0.697002820369 0.839413619954 0.951060946781 0.00508674720683 0 0.000629722921914 106 1.48764491941
2157 533 0.570846751011 0.367652470534 -0.00555252147648 0.607449085158 0.792556833201 0.920797400804 0.0278164116829 0 0.00187617260788 191 4.83768608256
576 10 0.491421650593 0.599501282932 -0.345741196163 0.674148360386 0.820759442632 0.849255692834 0.244791666667 0 0.8 0 0.486531709074
1567 86 0.306140490562 0.40395859813 -0.0554835875193 0.538548878599 0.868484558177 0.86328792775 0.0784939374601 0 0.0116279069767 12 1.93933930405
2469 260 0.362659001975 0.270174391239 -0.0161293565863 0.441429479651 0.850976692315 0.853816121638 0.0429323612799 0 0.00384615384615 75 3.29487352158
1490 225 0.506348836906 0.511355260733 -0.0150965025146 0.668970204762 0.817727245429 0.926179561711 0.0241610738255 0 0.00444444444444 45 1.79651038879
2789 128 0.282173366993 0.188950507319 -0.03872583155 0.366924132102 0.873270105124 0.796124345071 0.148081749731 0 0.0078125 23 5.71183905241
5 2 0.973849334762 0.961538461538 -0.405465108108 0.960131704208 0.433773782538 0.970950594455 0.6 0 1.0 0 0.0
2989 399 0.437919437377 0.39348529482 -0.00943512983519 0.571717238518 0.834710906859 0.906956317658 0.0270993643359 0 0.00250626566416 97 2.72228068556
56 1 1.0 1.0 nan nan nan nan 1.0 0 56.0 0 0.0
49 14 0.590760181049 0.417274939173 -0.20047183552 0.591676168288 0.782098898433 0.819375501733 0.34693877551 0 0.0714285714286 6 2.42885374471
944 297 0.643600754447 0.540817936636 -0.00883857281202 0.711540426095 0.768288327684 0.940468048175 0.0180084745763 0 0.003367003367 113 1.87552042402
15219 1070 0.503147106349 0.591433859777 -0.00310857397652 0.732865158793 0.814075777161 0.955493257885 0.00854195413628 0 0.000934579439252 74 1.95311248897
452 60 0.39003393125 0.387732483109 -0.0668930077767 0.53054824745 0.844548683573 0.848765858593 0.0862831858407 0 0.0166666666667 19 1.78522615448
1576 108 0.36141700351 0.415545062264 -0.0399224605901 0.567463107426 0.854913292284 0.880493171691 0.0552030456853 0 0.00925925925926 16 1.99118120116
9205 712 0.388806917528 0.415332557698 -0.00575986444669 0.595088426301 0.847737009255 0.921119986311 0.0175991309071 0 0.00140449438202 108 3.26222278781
5746 624 0.441157301194 0.434709350729 -0.00603351530101 0.610332007043 0.834723357077 0.923443435927 0.0168813087365 0 0.00160256410256 111 2.56884053543
1637 570 0.68303528827 0.545083956267 -0.00426007498664 0.730921028738 0.751301494458 0.950705619824 0.0116065974343 0 0.00175438596491 225 2.52388489529
13 6 0.749756513598 0.599290780142 -0.335182459097 0.718759838993 0.706239149032 0.850955398431 0.461538461538 0 0.166666666667 3 1.54511321391
41903 997 0.247453853872 0.161955210012 -0.00538608264572 0.351427781919 0.882789758071 0.848813997275 0.0408085339952 0 0.00100300902708 86 8.33121833064
37 6 0.722283669079 0.681094527363 -0.39195813691 0.762983873124 0.744045018123 0.877193242512 0.378378378378 0 0.333333333333 0 0.815339434728
45949 1429 0.448120823783 0.592442577556 -0.00247423330567 0.728752930499 0.824527204421 0.956480133557 0.00424383555681 0 0.000699790062981 52 1.6008158957
20 8 0.797957934608 0.714285714286 -0.231830810598 0.815798391925 0.685189571068 0.915479781557 0.3 0 0.125 2 1.23328828747
332 70 0.453841896939 0.304217266505 -0.0472913538957 0.466055029333 0.813239418564 0.824121881711 0.102409638554 0 0.0142857142857 36 2.38735392374
2 2 1.0 1.0 0.0 1.0 -0.0 1.0 0.5 0 0.5 2 0.0
313 142 0.745946763177 0.624364285259 -0.0144939453028 0.779305190142 0.712066853806 0.950086999597 0.0287539936102 0 0.00704225352113 73 1.63385915604
1180 156 0.476476463645 0.321436222473 -0.0224463972067 0.539851064928 0.822907599298 0.879003878272 0.0813559322034 0 0.00641025641026 29 4.27735137068
4 2 1.0 1.0 0.0 1.0 -0.0 1.0 0.5 0 1.0 0 0.0
812 215 0.589404438354 0.470211021017 -0.0133906648596 0.655145303681 0.787173917374 0.921712663184 0.0283251231527 0 0.0046511627907 75 2.21953969115
8 5 0.868795299418 0.8 -0.28903717579 0.863914933378 0.614651172891 0.92838321177 0.375 0 0.2 3 0.84375
5614 737 0.447882410506 0.372845629374 -0.00502511650575 0.570535214445 0.832107490087 0.91516060683 0.0154969718561 0 0.00135685210312 171 3.30165507418
61462 1740 0.312066914035 0.359040710867 -0.00269765062198 0.527578845709 0.866371069385 0.91436970614 0.00754938010478 0 0.000574712643678 97 2.73925368333
28 9 0.775825870066 0.764132553606 -0.222146967345 0.843085796057 0.704746505594 0.93163302443 0.25 0 0.111111111111 2 0.861172120438
6087 637 0.390535970676 0.313783471964 -0.00636773678032 0.49888882531 0.846120617913 0.892547445525 0.0182355840315 0 0.00156985871272 145 3.17232991608
79 22 0.574242263781 0.500320666987 -0.132325612684 0.645237086897 0.789357036397 0.866241592823 0.177215189873 0 0.0454545454545 9 1.46177750827
114 6 0.386193928635 0.290582237725 -0.645799229531 0.30852458454 0.839210820301 0.520826713059 0.745614035088 0 0.333333333333 0 1.74386001753
715 86 0.485536244828 0.431979997397 -0.0404106941552 0.628642947885 0.821635345474 0.897325835698 0.0867132867133 0 0.0116279069767 13 3.11064328135
6673 975 0.523182745126 0.48278202106 -0.00338699055233 0.666745214134 0.812808371491 0.941178574068 0.00974074629102 0 0.00102564102564 163 2.89100248999
1856 164 0.380972029508 0.385092545557 -0.0253118644352 0.55902364638 0.849507362571 0.886905846133 0.0474137931034 0 0.00609756097561 32 2.61680783049
29407 1270 0.352255904164 0.489853666204 -0.00339318279458 0.639243364327 0.854839045022 0.937450675199 0.00884143231203 0 0.000787401574803 109 2.28860347541
408 42 0.45974162213 0.441853798376 -0.0863044470233 0.612466632639 0.828633051966 0.872833093241 0.139705882353 0 0.0238095238095 6 2.35121638144
96 17 0.646339656788 0.651583710407 -0.15510859197 0.771110200414 0.769235793792 0.914367905332 0.1875 0 0.0588235294118 2 1.41990530747
187 58 0.65902798132 0.545623342175 -0.0442922479692 0.718685096549 0.763675845024 0.92030281703 0.0855614973262 0 0.0172413793103 20 2.13148842266
18199 1172 0.380597103857 0.358600515422 -0.0035469165494 0.551220125347 0.849711026029 0.915809892225 0.0117039397769 0 0.000853242320819 130 3.45144947287
22 10 0.746415326961 0.537777777778 -0.197839906187 0.706642994974 0.70205849451 0.86686524291 0.363636363636 0 0.1 5 2.2034779222
1 1 1.0 1.0 nan nan nan nan 1.0 0 1.0 1 0.0
4998 422 0.431588041454 0.414392578545 -0.0090605567831 0.590045313409 0.837148251223 0.913000756988 0.0178071228491 0 0.00236966824645 45 2.32841757921
268 72 0.591627246015 0.463548120611 -0.0399113488586 0.657277261215 0.786804855385 0.90356194057 0.0932835820896 0 0.0138888888889 27 2.80001985928
330 170 0.798923952336 0.628027681661 -0.0104131631549 0.804989741801 0.672645267759 0.958039290123 0.0363636363636 0 0.00588235294118 91 3.04329993501
44 19 0.732248219666 0.519871106337 -0.107174949106 0.705883142861 0.7093913704 0.889074681267 0.204545454545 0 0.0526315789474 9 2.20715177966
5875 1676 0.666085842992 0.572645450306 -0.00153127444306 0.744957357019 0.763463351932 0.960369409953 0.00442553191489 0 0.000596658711217 472 2.34359498274
10155 1229 0.496904182548 0.470307036712 -0.00280305211426 0.656066585818 0.820144997752 0.940811199515 0.00974889217134 0 0.000813669650122 173 3.20424566444
331 34 0.362401217271 0.237376232261 -0.122371943976 0.395568224949 0.849838376065 0.749466580887 0.287009063444 0 0.0294117647059 9 3.60230316929
87 30 0.773485576558 0.748664688427 -0.0686472401095 0.844868209318 0.712222038256 0.952230725389 0.0804597701149 0 0.0333333333333 7 0.747894565956
204 76 0.697296792101 0.625090122567 -0.0311139517448 0.767825280951 0.745297815485 0.939912651093 0.0539215686275 0 0.0131578947368 33 1.45233154861
650 138 0.563038870656 0.470580111113 -0.022108602269 0.6484789111 0.798364246537 0.912891547213 0.0369230769231 0 0.00724637681159 36 1.98084474029
1 1 1.0 1.0 nan nan nan nan 1.0 0 1.0 1 0.0
369 12 0.793338555055 0.738384199909 -0.16655768426 0.834084468759 0.704666164699 0.933607211756 0.192411924119 0 0.916666666667 0 0.889752316306
5500 588 0.426304069746 0.382677097141 -0.00654938560844 0.582054963608 0.838260942936 0.915321767559 0.02 0 0.00170068027211 110 3.68536118858
34358 2114 0.445345409041 0.481303095945 -0.0017551764347 0.653880371725 0.832406854029 0.944545219106 0.00547179696141 0 0.000473036896878 130 2.60468822889
84 49 0.813128988738 0.545454545455 -0.0305920702175 0.765202941167 0.625472186017 0.932840777827 0.119047619048 0 0.0204081632653 33 3.54650355985
2406 376 0.510451839269 0.469471257716 -0.00895186318502 0.644336817675 0.816149523694 0.926121910652 0.0195344970906 0 0.00265957446809 75 2.23535496505
26605 1342 0.416068709225 0.539965654626 -0.0028687314894 0.68105864785 0.838212627713 0.946714465736 0.00436008269122 0 0.000745156482861 93 1.55144711578
291 43 0.442247176617 0.466775440008 -0.0869086976779 0.60843750636 0.833547280901 0.871847927984 0.113402061856 0 0.0232558139535 12 1.63789421667
1902 373 0.556897242757 0.472644748601 -0.00833045528478 0.657924657328 0.801782496312 0.929533668014 0.0205047318612 0 0.00268096514745 86 2.45320655003
4 2 1.0 1.0 0.0 1.0 -0.0 1.0 0.5 0 1.0 0 0.0
51 33 0.870956609016 0.662337662338 -0.0379220350495 0.840334331457 0.570800886745 0.951890762842 0.137254901961 0 0.030303030303 21 3.67378593905
89 35 0.72022318787 0.594000749906 -0.0640185850501 0.757604957131 0.732764916431 0.924481846657 0.123595505618 0 0.0285714285714 15 2.12638009598
71 33 0.754179033561 0.535991493886 -0.0588344821969 0.733583578445 0.697211268727 0.91452365918 0.140845070423 0 0.030303030303 17 2.60182544598
2444 234 0.402133666863 0.404805452476 -0.0171578150622 0.567229771758 0.84459883641 0.896663162283 0.0270049099836 0 0.0042735042735 41 2.03982290269
192 39 0.496348892239 0.43121841662 -0.0856251883121 0.587811421759 0.814770279191 0.859828024234 0.119791666667 0 0.025641025641 13 1.84226934701
3991 638 0.514229480852 0.437081254935 -0.00522953817091 0.631878779442 0.814616284963 0.929061475802 0.0172889000251 0 0.00156739811912 134 3.00702387175
689 81 0.465201158007 0.445989885581 -0.0446917596936 0.607280067133 0.828418728503 0.888310662605 0.0638606676343 0 0.0123456790123 11 1.8457665492
72 22 0.601153948982 0.444596912521 -0.12470230245 0.626095605173 0.777477514498 0.857178073799 0.236111111111 0 0.0454545454545 10 2.45619747753
278 34 0.432709070844 0.483835424336 -0.11220433687 0.618777840662 0.83679668717 0.868972295546 0.115107913669 0 0.0294117647059 8 1.45435682176
144 40 0.56635594114 0.472131147541 -0.0733159336318 0.635105978939 0.790790412761 0.880803351716 0.104166666667 0 0.025 18 1.72873023823
22 3 0.640007299039 0.683615819209 -0.972955074528 0.6815416874 0.789873297329 0.782775952814 0.636363636364 0 0.666666666667 0 0.381801774161
53 17 0.641937499485 0.521246984598 -0.15354221782 0.684530113911 0.767085263461 0.875662592059 0.245283018868 0 0.0588235294118 7 2.08270654169
1330 75 0.319596730312 0.433299039781 -0.0612669725545 0.579677880627 0.863581605913 0.875932212762 0.0827067669173 0 0.0133333333333 14 2.03527296093
16486 546 0.276966969456 0.315291259133 -0.00923144184519 0.495307852784 0.87531487624 0.888822198418 0.0245056411501 0 0.0018315018315 54 3.8600077743
519 40 0.45466041043 0.507500565227 -0.0924266591907 0.641432410952 0.83182824567 0.88338655339 0.104046242775 0 0.025 2 1.36397522187
250 11 0.238445614901 0.27371703352 -0.486751071713 0.308880609381 0.882454616502 0.587287124176 0.452 0 0.0909090909091 3 1.66874532568
3 1 1.0 1.0 nan nan nan nan 1.0 0 3.0 0 0.0
3329 207 0.364064145447 0.411550701725 -0.0206150004742 0.571718020708 0.853458819505 0.895832308864 0.0303394412737 0 0.0048309178744 28 2.04417275523
6313 1232 0.617252275581 0.613076865568 -0.00229237527535 0.757545216446 0.783354148027 0.961017855902 0.00665293838112 0 0.000811688311688 220 1.8634978872
571 16 0.314222079078 0.677873740062 -0.264299150486 0.729676382923 0.8521712871 0.894588137812 0.133099824869 0 0.0625 2 -0.0575690363235
4671 319 0.380239631142 0.356973365268 -0.0130513774459 0.535579321521 0.84993369362 0.892164604297 0.0310426032969 0 0.00313479623824 35 2.8327538523
5163 383 0.37352232042 0.428306616452 -0.01100945867 0.586645570568 0.851760071888 0.9106433593 0.0184001549487 0 0.00261096605744 59 2.08453282136
6914 348 0.300572295651 0.431838440156 -0.0138585656951 0.562080731408 0.869841777951 0.901938887217 0.0163436505641 0 0.00287356321839 52 1.54493369516
3361 166 0.33901375395 0.430977957187 -0.0270352714699 0.576391119685 0.860426242313 0.893084391372 0.0374888426064 0 0.00602409638554 15 1.86322673665
77959 2408 0.442213451182 0.526417219502 -0.00150644943388 0.688858811049 0.828756491014 0.952157077836 0.00312985030593 0 0.000415282392027 73 2.2039771945
177 84 0.775714245951 0.635373570212 -0.0228584665753 0.794783516625 0.69432618609 0.948854495156 0.045197740113 0 0.0119047619048 41 1.96717881717
4327 820 0.546933985523 0.411988961655 -0.00384980077697 0.640504040989 0.804702381032 0.93370167993 0.0201063092212 0 0.00121951219512 198 5.32450846669
1413 63 0.323920365632 0.156942576566 -0.0720913182348 0.361272450827 0.862030922869 0.760942831197 0.284501061571 0 0.015873015873 8 6.25146700303
7923 688 0.423686693309 0.408404208748 -0.00561841095746 0.601378468456 0.838839132047 0.92231646165 0.017922504102 0 0.00145348837209 95 3.41364782033
717 54 0.361374793306 0.455009638516 -0.0795168459333 0.590709934721 0.854335320147 0.871225173524 0.0822873082287 0 0.0185185185185 9 1.54481359784
520 8 0.137495204292 0.249623349384 -0.882513378607 0.202057693428 0.910424449198 0.423889004627 0.634615384615 0 0.125 3 1.58787576702
10 4 0.606955166309 0.480769230769 -0.583773044717 0.520376172629 0.74241152161 0.678389824724 0.7 0 0.25 3 1.15470053838
4085 1010 0.60871460795 0.489758557892 -0.00280310520707 0.684766810223 0.783844573097 0.945325624757 0.00832313341493 0 0.000990099009901 286 2.75286680627
25 5 0.747274386238 0.739644970414 -0.439444915467 0.794406389719 0.728097636328 0.888349296344 0.36 0 0.4 0 0.275809034644
5398 165 0.309668062916 0.378880900834 -0.0283007110073 0.553909618598 0.865696228609 0.885254411012 0.0602074842534 0 0.00606060606061 14 3.110398188
477 24 0.249713589035 0.326537905142 -0.218657981344 0.40564483929 0.880125224814 0.734737697008 0.201257861635 0 0.0416666666667 6 1.50478174131
4 1 1.0 1.0 nan nan nan nan 1.0 0 4.0 0 0.0
94344 2031 0.278172092132 0.334035041937 -0.00246598827699 0.505619638691 0.874539970651 0.910522070073 0.0068472822861 0 0.000492368291482 119 3.16472454799
30 4 0.541979976222 0.646551724138 -0.762948991639 0.651426710165 0.798414186657 0.781403315847 0.466666666667 0 0.5 0 0.0483822730797
61 26 0.756308750316 0.647580925861 -0.0796792684741 0.790035078652 0.713702099665 0.930785344703 0.131147540984 0 0.0384615384615 11 1.68427983539
88767 2242 0.394960814322 0.554790324787 -0.00172932857428 0.697548220195 0.839304557514 0.95333966421 0.00406682663602 0 0.000446030330062 87 1.87119830717
1 1 1.0 1.0 nan nan nan nan 1.0 0 1.0 1 0.0
2069 384 0.526298559793 0.444366209757 -0.0084951306629 0.636848241929 0.810635283824 0.924421605434 0.0227162880619 0 0.00260416666667 100 2.86813996796
13 3 0.948643396927 0.92349726776 -0.34657359028 0.940165797544 0.512395732156 0.962947015627 0.461538461538 0 1.0 0 0.381801774161
32586 1008 0.282399200199 0.289444048214 -0.00494615044165 0.463585658138 0.873983460914 0.889004114672 0.015620204996 0 0.000992063492063 91 3.57901870753
11571 1166 0.529921672441 0.599245342635 -0.00275858442665 0.737773929522 0.80810820336 0.956975122105 0.00570391495981 0 0.000857632933105 115 1.61606599379
1194 658 0.808263215066 0.641391373828 -0.00253257229904 0.809712720907 0.655918807879 0.967527813666 0.00837520938023 0 0.00151975683891 392 2.40076460546
49 29 0.806330151029 0.520711342442 -0.0497882967611 0.742526966594 0.614377835877 0.915121793815 0.183673469388 0 0.0344827586207 21 3.32550134001
979 287 0.614120098805 0.456904594259 -0.0095218972554 0.65758298973 0.776678401196 0.92625269003 0.0255362614913 0 0.00348432055749 111 2.65496151774
270 56 0.652441523453 0.554895871392 -0.0467913467993 0.736013502546 0.767905255353 0.925441942214 0.0888888888889 0 0.0178571428571 9 2.65944507359
6380 718 0.545248143349 0.571381855132 -0.00442138543952 0.719048541431 0.805725802213 0.94993022197 0.00689655172414 0 0.00139275766017 67 1.53072635896
211 47 0.589873987896 0.495167443361 -0.0623475048459 0.673781235051 0.790637481164 0.900107416322 0.113744075829 0 0.0212765957447 12 2.30206045825
4399 908 0.5807496842 0.546613028661 -0.0033078867538 0.708611099562 0.795393704622 0.949495917324 0.00727438054103 0 0.0011013215859 215 1.91067418175
2084 125 0.34339316735 0.396934241192 -0.0356028933637 0.549927304863 0.859288136637 0.877505237169 0.0475047984645 0 0.008 16 2.05392360328
2 2 1.0 1.0 0.0 1.0 -0.0 1.0 0.5 0 0.5 2 0.0
2512 252 0.406073623947 0.433747686961 -0.0158589494063 0.590685502714 0.843908883868 0.905283978096 0.0234872611465 0 0.00396825396825 47 1.91192575454
14 2 0.569438385813 0.662162162162 -1.79175946923 0.506993065773 0.826755082102 0.591672778582 0.857142857143 0 1.0 0 0.0
329 132 0.683725275823 0.414354510236 -0.0169117493975 0.652734405199 0.731884588154 0.913458985169 0.0668693009119 0 0.00757575757576 72 3.77346740068
1661 827 0.787404384258 0.629801633057 -0.00222622944057 0.800627528089 0.683234866927 0.966944799479 0.00782661047562 0 0.00120918984281 429 2.5729577117
982 64 0.394696781588 0.420013449852 -0.0632956578623 0.578111914907 0.845926098127 0.87096302656 0.0997963340122 0 0.015625 6 2.19322839604
1603 169 0.403165856448 0.308757985222 -0.0233937587929 0.489431096532 0.842282869983 0.861915821494 0.0555208983157 0 0.00591715976331 33 2.99276828084
158 60 0.680339030678 0.346722222222 -0.0372901027978 0.605863691789 0.732421442829 0.880245463816 0.158227848101 0 0.0166666666667 30 4.40963938806
8188 1047 0.528072283916 0.463180352715 -0.00311948981432 0.658146163865 0.810852452514 0.939912103191 0.0095261358085 0 0.000955109837631 128 3.03087046444
412 101 0.567732789685 0.41031095297 -0.0295476220943 0.621015933175 0.79416364503 0.898079693645 0.0898058252427 0 0.00990099009901 35 3.55815539365
5 5 1.0 1.0 0.0 1.0 -0.0 1.0 0.2 0 0.2 5 0.0
107 43 0.734119697598 0.590367658433 -0.0498633626347 0.756762305884 0.722178743631 0.92787966554 0.0841121495327 0 0.0232558139535 17 1.87322857936
5 5 1.0 1.0 0.0 1.0 -0.0 1.0 0.2 0 0.2 5 0.0
1143 264 0.563053378041 0.48837170182 -0.0115692593224 0.66443722501 0.798567681151 0.927025212988 0.0244969378828 0 0.00378787878788 85 2.11665792923
689 63 0.468380176695 0.397617749367 -0.057014354313 0.593618068284 0.82713991717 0.876733108593 0.126269956459 0 0.015873015873 5 3.2490388433
7368 926 0.52101706126 0.512167175072 -0.00357541545467 0.681795557178 0.813262835743 0.944001084312 0.00827904451683 0 0.00107991360691 121 2.25648210708
45 8 0.599311833952 0.609939759036 -0.364398729199 0.702340252192 0.789627234184 0.854905049325 0.288888888889 0 0.125 1 0.823355036743
17 12 0.884662508781 0.77688172043 -0.0937911749555 0.875687381062 0.537543921828 0.951311834384 0.176470588235 0 0.0833333333333 9 1.4256129189
8931 670 0.401610504713 0.450218008944 -0.0060103818073 0.606699316718 0.845044823492 0.923354295996 0.00985331989699 0 0.00149253731343 79 1.86071725908
10861 940 0.425349583922 0.46853409731 -0.00410993883527 0.632604802401 0.838754259374 0.933201905405 0.0101279808489 0 0.00106382978723 125 2.27599333422
6740 267 0.266345384022 0.229119970226 -0.0192724407064 0.389635498682 0.877805299186 0.832351529156 0.0517804154303 0 0.00374531835206 38 3.87560365341
43 6 0.685902236156 0.612657388999 -0.421673215429 0.713234781978 0.760372798586 0.847589010402 0.441860465116 0 0.333333333333 0 1.27499256604
1606 259 0.50920191141 0.453150716893 -0.0129978514595 0.632364871103 0.816177555688 0.917930412883 0.0236612702366 0 0.003861003861 55 2.28607761831
4900 904 0.560237397733 0.472778214128 -0.00342697805512 0.667373614796 0.801227030565 0.940669283942 0.0120408163265 0 0.00110619469027 187 3.05324173625
703 49 0.355916307816 0.485809833784 -0.0885852765192 0.605044641128 0.855851421596 0.874295546663 0.0796586059744 0 0.0204081632653 8 1.16590628521
2270 326 0.494602890802 0.444775781355 -0.0105793125732 0.629261083257 0.820337985715 0.920267567181 0.0264317180617 0 0.00306748466258 64 2.60760921339
349 119 0.643218102461 0.397799384037 -0.0208516779223 0.625663792048 0.75611384196 0.902926348082 0.0744985673352 0 0.00840336134454 55 3.4294683375
74 8 0.403604746508 0.452113606341 -0.492960744222 0.521871511501 0.841904567971 0.739397457482 0.405405405405 0 0.125 1 1.09722253339
11065 553 0.296172791808 0.27141904715 -0.00876644986398 0.457854289778 0.870496305554 0.87663955905 0.0309986443742 0 0.00180831826401 93 4.33497227432
5 2 0.714865583331 0.735294117647 -1.38629436112 0.649384888466 0.779632848843 0.721928094887 0.8 0 0.5 1 0.0
3406 240 0.41333311696 0.498379352772 -0.0163552434289 0.64488563328 0.841192715107 0.920375982135 0.0226071638285 0 0.00416666666667 26 1.5948160653
9898 467 0.336405951218 0.424869032287 -0.00959793543389 0.578970325121 0.860256827285 0.911337635774 0.0173772479289 0 0.00214132762313 51 2.04010297307
3 2 0.923898109345 0.9 -0.69314718056 0.889881574842 0.602169971904 0.918295834054 0.666666666667 0 0.5 1 0.0
3 1 1.0 1.0 nan nan nan nan 1.0 0 3.0 0 0.0
1745 297 0.450375752456 0.274185260011 -0.0118926196808 0.46940400635 0.824358645451 0.867838398952 0.0372492836676 0 0.003367003367 108 3.49399556676
6524 683 0.429924435474 0.477225767475 -0.00562308301581 0.632544379221 0.837838696486 0.929954021195 0.0113427345187 0 0.00146412884334 121 1.89212912498
8535 766 0.413632219874 0.381403421194 -0.00513724575531 0.565681550483 0.84157484113 0.914364317121 0.0115992970123 0 0.00130548302872 108 2.73121019931
67669 2090 0.454377025305 0.614187571098 -0.00168045274559 0.739367746533 0.823410655436 0.960523951716 0.00264522898225 0 0.000478468899522 61 1.3341584376
1485 146 0.365617780893 0.268439419587 -0.0287091894273 0.443494583833 0.850905036434 0.838568365448 0.0801346801347 0 0.00684931506849 36 3.49572188051
48 5 0.325007276678 0.62102425876 -0.863052187672 0.607043290397 0.855031330717 0.765501734378 0.416666666667 0 0.2 2 -0.0228754331777
464 228 0.770060736319 0.558085521131 -0.00824513204447 0.765908582847 0.688771495907 0.95112618454 0.0387931034483 0 0.00438596491228 126 3.92689512189
2179 486 0.571478334017 0.481381211493 -0.00621378772119 0.66422801134 0.796426641027 0.934032260282 0.0160624139514 0 0.00205761316872 136 2.28858431179
27 3 0.371429705844 0.556064073227 -1.49786613678 0.485565166884 0.8605989826 0.617694848939 0.740740740741 0 0.333333333333 1 0.507672003443
2911 314 0.41271825403 0.479232318544 -0.0125654959036 0.625322891104 0.841976831687 0.918673021756 0.0195809000344 0 0.0031847133758 62 1.73655187695
1797 415 0.590289657216 0.482138082039 -0.00705858964188 0.676754875652 0.790569857549 0.935421718319 0.0222593210907 0 0.00240963855422 114 2.95350137086
988 197 0.530592113941 0.514970451598 -0.0164800602341 0.668559978986 0.809780746427 0.924266441691 0.0263157894737 0 0.00507614213198 56 1.57347216873
116 20 0.460974740477 0.460821917808 -0.179274352736 0.593382986649 0.826845555957 0.837025983 0.189655172414 0 0.05 7 1.4846984556
741 179 0.615412206744 0.529882815704 -0.0157171544291 0.703179092085 0.78258301338 0.932569451621 0.029689608637 0 0.00558659217877 45 2.04736882142
2141 259 0.459129991506 0.44520871983 -0.0141416455516 0.62015833702 0.830323069745 0.914444282594 0.0298925735638 0 0.003861003861 45 2.49040091471
918 147 0.455441868993 0.217729446507 -0.0238979199291 0.437169787966 0.823451129418 0.835943348907 0.117647058824 0 0.00680272108844 48 5.49208130131
2955 643 0.556513574275 0.487459427576 -0.00481549421489 0.660225263511 0.80112934347 0.935916350956 0.010152284264 0 0.00155520995334 185 1.94466212529
1423 281 0.549798116649 0.455020081133 -0.0111492357345 0.646849478612 0.803305149951 0.923080283567 0.0267041461701 0 0.00355871886121 72 2.62583401864
750 61 0.484361261856 0.531181536602 -0.0575278853791 0.675574955678 0.823269941286 0.906504180444 0.076 0 0.016393442623 4 1.55596383643
2690 163 0.315885986159 0.271980808554 -0.0285945687281 0.464998969396 0.865452858018 0.851055447871 0.0825278810409 0 0.00613496932515 31 4.63634630197
1278 185 0.497035416382 0.486154304084 -0.0185337851114 0.656712747534 0.819339983303 0.91998879499 0.0359937402191 0 0.00540540540541 40 2.23764538022
117 37 0.617969061936 0.521823657226 -0.0728346439233 0.679882616549 0.773793668746 0.896649563182 0.111111111111 0 0.027027027027 16 1.5814077305
120 58 0.766127147066 0.432536345068 -0.0310273733335 0.69213246667 0.677109142454 0.911256472978 0.125 0 0.0172413793103 32 4.0841957051
6784 630 0.433165378229 0.332096061865 -0.00603691757971 0.553701220983 0.836316863986 0.908489435701 0.0271226415094 0 0.0015873015873 82 4.99441035229
3987 1325 0.696728867738 0.60914489359 -0.00181879775264 0.767337401352 0.749597885586 0.963194645514 0.0050163029847 0 0.000754716981132 434 1.99589365515
5 5 1.0 1.0 0.0 1.0 -0.0 1.0 0.2 0 0.2 5 0.0
10897 1246 0.425019387456 0.377630215274 -0.00309886742676 0.57193175923 0.838668120381 0.921694855283 0.0110122051941 0 0.000802568218299 253 3.59683998287
665 127 0.557539914829 0.474722101455 -0.0244200592636 0.655394592577 0.80142863788 0.913631288793 0.0421052631579 0 0.00787401574803 28 2.16927579426
1377 332 0.584166357242 0.426179533446 -0.00883641872912 0.647443256359 0.790860261493 0.925396171017 0.037037037037 0 0.00301204819277 104 4.18404858231
14 5 0.693184281367 0.675862068966 -0.496981329958 0.739813165026 0.756429843395 0.854991220618 0.428571428571 0 0.2 2 0.612269207886
105 27 0.56934354367 0.44432354008 -0.106868894588 0.606190749981 0.787616278548 0.85533734144 0.152380952381 0 0.037037037037 9 1.71250381426
3069 360 0.447808654547 0.402430667713 -0.0103449315785 0.592248446481 0.832996819252 0.911330408606 0.0312805474096 0 0.00277777777778 64 3.21919545239
1626 127 0.335034055823 0.407922586116 -0.0354734828968 0.548835573166 0.860944615765 0.877481096037 0.0448954489545 0 0.00787401574803 28 1.7668595896
9971 741 0.38255257452 0.415057818773 -0.00559882616848 0.588112756668 0.849422969796 0.919810557615 0.0145421722997 0 0.00134952766532 107 2.71655488363
5 3 0.833177907698 0.757575757576 -0.549306144334 0.793204644929 0.652772541083 0.864973520718 0.6 0 0.333333333333 2 0.707106781187
65 40 0.866886636321 0.77098540146 -0.0350523104109 0.878195412285 0.605586493308 0.96572816325 0.0769230769231 0 0.025 23 1.67005536624
3509 295 0.425951161066 0.448891277192 -0.0130360796922 0.622902138699 0.838043689968 0.917123644509 0.026503277287 0 0.00338983050847 37 2.47704141876
1193 99 0.440526404947 0.50009575 -0.0380448979622 0.648097838463 0.834787577509 0.906804611589 0.0528080469405 0 0.010101010101 9 1.67945538495
4132 218 0.347181346601 0.405161140162 -0.0202364800937 0.56809705848 0.85809070785 0.895629652428 0.0358180058083 0 0.0045871559633 24 2.43401203079
32 19 0.804539564919 0.626682986536 -0.0784030784709 0.785943520077 0.623630482256 0.923028601815 0.1875 0 0.0526315789474 14 2.03705209616
5808 573 0.40753071103 0.363313653594 -0.00693285334015 0.54840414652 0.843006154142 0.905634158219 0.0189393939394 0 0.00174520069808 100 2.97492281962
8 2 0.517445699263 0.64 -1.94591014906 0.457569264981 0.839884849674 0.5435644432 0.875 0 0.5 1 0.0
8765 650 0.371568743901 0.308229224779 -0.0064821633443 0.498522056332 0.851650957111 0.89276454816 0.0229321163719 0 0.00153846153846 94 3.58146645742
228 60 0.646127072822 0.581476510067 -0.0443819640109 0.736389832661 0.771304899 0.926716697462 0.0614035087719 0 0.0166666666667 16 1.66366486486
1370 259 0.497290618623 0.394400682852 -0.0130502667779 0.589940880341 0.816875731645 0.905512135238 0.0394160583942 0 0.003861003861 82 3.13467238651
15 6 0.764195635001 0.681818181818 -0.350132406061 0.777601452381 0.717167399946 0.88560140732 0.4 0 0.166666666667 2 1.20453951861
683 53 0.303291349562 0.201757690436 -0.087488851048 0.359315146726 0.864777010181 0.750530661302 0.245973645681 0 0.0188679245283 15 4.44246177748
7 2 0.569438385813 0.662162162162 -1.79175946923 0.506993065773 0.826755082102 0.591672778582 0.857142857143 0 0.5 1 0.0
15135 639 0.373322795763 0.370814365211 -0.00657240709308 0.558431428019 0.85118654992 0.910000718033 0.0157912124215 0 0.00156494522692 34 3.13219778022
936 138 0.498492056726 0.385553366885 -0.0247540067657 0.59927286926 0.818704138955 0.89706144523 0.0769230769231 0 0.00724637681159 27 3.97046436389
5113 377 0.397686943227 0.468488179426 -0.0107350472242 0.621552936085 0.845786682217 0.920111115456 0.0168198709173 0 0.0026525198939 46 1.89752422935
994 320 0.645813207628 0.475602664818 -0.0080783061916 0.685578114753 0.765017888512 0.934805871069 0.0321931589537 0 0.003125 129 3.52126297334
6105 122 0.184145325195 0.35712096973 -0.0517355721078 0.452040991425 0.899968649316 0.836783504743 0.044226044226 0 0.00819672131148 17 1.49263319285
2633 457 0.543264257406 0.453065669498 -0.00694519104455 0.640899672881 0.805691175267 0.927562451855 0.0167109760729 0 0.00218818380744 85 2.44768708737
6591 881 0.469732176193 0.492553706698 -0.00409288124449 0.646613275574 0.827775271146 0.935793683079 0.00773782430587 0 0.0011350737798 175 1.68652949308
150 58 0.745299795337 0.608042373797 -0.0367122125971 0.776434754292 0.720483963381 0.938900633564 0.08 0 0.0172413793103 20 2.31592116414
221 98 0.740442672105 0.497879671349 -0.0205879593744 0.720066250534 0.70706050487 0.929235494983 0.0678733031674 0 0.0102040816327 50 3.2616818576
11 4 0.67157055093 0.703488372093 -0.621460809842 0.732346840577 0.75651292046 0.838368515026 0.454545454545 0 0.25 2 0.115317183391
654 92 0.413583239762 0.27020149695 -0.0408542204949 0.437621445976 0.8344575759 0.820307959199 0.0871559633028 0 0.0108695652174 31 2.76814555762
990 97 0.38300912178 0.419188670401 -0.0427091006865 0.558100627786 0.849214788799 0.874290127881 0.0505050505051 0 0.0103092783505 19 1.53711444258
15 3 0.554675089979 0.757575757576 -0.972955074528 0.719840624746 0.789873297329 0.811812688167 0.466666666667 0 0.333333333333 1 -0.707106781187
46 8 0.506080109998 0.479166666667 -0.397294576356 0.573210805738 0.805944050321 0.775174440106 0.369565217391 0 0.125 2 1.11270544016
5783 1227 0.589463108608 0.514739688676 -0.00240674111392 0.696161270741 0.792137025917 0.949128003913 0.00881895210099 0 0.00081499592502 284 2.64130279705
91 9 0.483577602649 0.663382199792 -0.382925870271 0.723168495378 0.820213335261 0.871447368595 0.252747252747 0 0.111111111111 1 0.264470706165
280 20 0.557853052804 0.646864686469 -0.150489427283 0.757080558036 0.795788568689 0.912418817387 0.142857142857 0 0.05 1 1.03187826555
888 183 0.541821308312 0.223402302289 -0.0162650388911 0.455607312347 0.793660696262 0.850346878701 0.0754504504505 0 0.00546448087432 58 4.61057696277
46 3 0.493840015805 0.543400102722 -1.22836788641 0.497051801913 0.831307481372 0.628242224391 0.760869565217 0 1.0 0 0.640587974516
639 97 0.503134422891 0.540024996198 -0.0352093711374 0.680508011818 0.818666749889 0.916915570488 0.0438184663537 0 0.0103092783505 20 1.38769041548
1 1 1.0 1.0 nan nan nan nan 1.0 0 1.0 1 0.0
1444 231 0.452752796735 0.390320970793 -0.0157292108975 0.562361747332 0.829022151635 0.894854317564 0.0290858725762 0 0.004329004329 71 2.21228466704
135 3 0.998571166289 0.997700771884 -0.0550004476072 0.99828807462 0.104105111059 0.998960565653 0.355555555556 0 14.3333333333 0 0.595170064139
2740 714 0.576660064524 0.358917461031 -0.00405513320093 0.595476598943 0.788290361844 0.921252257238 0.020802919708 0 0.00140056022409 274 4.45539119329
3137 544 0.584424457483 0.542076919992 -0.00548027470576 0.716778800612 0.793968073933 0.947251215954 0.0156200191266 0 0.00183823529412 92 2.69875979346
84 35 0.720496045966 0.614634146341 -0.0631527941966 0.763111256538 0.729524136951 0.926442852538 0.107142857143 0 0.0285714285714 17 1.59062467898
3291 299 0.392532907359 0.322506952446 -0.0135742489802 0.512514311138 0.846210010164 0.883298460751 0.0373746581586 0 0.00334448160535 54 3.29799859361
435 79 0.510780979197 0.4477945718 -0.0422518080691 0.621377682135 0.814692211486 0.892862255223 0.064367816092 0 0.0126582278481 21 2.10158031878
1052 65 0.359400264031 0.338965068378 -0.0660557538003 0.489942441457 0.854325962891 0.832890918952 0.0979087452471 0 0.0153846153846 6 2.1302271622
140 19 0.657728201565 0.612576572072 -0.137171160871 0.755544455085 0.766761715364 0.910532655653 0.192857142857 0 0.0526315789474 1 1.88301675004
136888 2261 0.253037719968 0.270170161872 -0.00233350210217 0.468444381166 0.880752282068 0.901879972994 0.0108775056981 0 0.000442282176028 133 5.41589586507
32 12 0.663658460111 0.561403508772 -0.204044611865 0.695236954585 0.753161457979 0.868154374204 0.25 0 0.0833333333333 6 1.31804704013
17 1 1.0 1.0 nan nan nan nan 1.0 0 17.0 0 0.0
1283 439 0.677299080338 0.495917637535 -0.00555677828936 0.707353138276 0.752329767419 0.94325198297 0.0202650038971 0 0.00227790432802 172 3.36909781327
2727 992 0.696259579658 0.538812693744 -0.00237260735004 0.733761160575 0.744227931111 0.955185738285 0.011367803447 0 0.00100806451613 398 3.17830307852
7 6 0.957581512908 0.907407407407 -0.0990210257943 0.948469498411 0.341285049491 0.975503759006 0.285714285714 0 0.166666666667 5 1.788854382
3156 238 0.361886188513 0.429876032423 -0.0181365262009 0.573059636373 0.855071301835 0.898828095269 0.02154626109 0 0.00420168067227 35 1.68709490472
93 14 0.503746183623 0.406170752325 -0.240159441884 0.570995497625 0.815959918344 0.807469806154 0.354838709677 0 0.0714285714286 3 2.43941947426
5273 182 0.251474648082 0.124789471143 -0.0287874270827 0.261805871369 0.879935772003 0.745431083911 0.125734875782 0 0.00549450549451 33 5.48549892099
4306 715 0.509001110753 0.0877563689221 -0.00448144292125 0.351772033838 0.807416893267 0.8414252613 0.0928936367859 0 0.0013986013986 204 14.7431027407
89 24 0.589228494355 0.464193624004 -0.119660958045 0.637553243355 0.786684164305 0.865733449026 0.202247191011 0 0.0416666666667 9 2.17615238239
1890 173 0.400814069156 0.442538833182 -0.0233349787649 0.594497733843 0.845413571274 0.899849758551 0.0328042328042 0 0.00578034682081 27 1.81950390813
1 1 1.0 1.0 nan nan nan nan 1.0 0 1.0 1 0.0
6088 1155 0.583734845295 0.551750716042 -0.00259089458965 0.713324923371 0.794687622752 0.952144460273 0.00492772667543 0 0.000865800865801 224 1.86488392225
812 79 0.389943694499 0.296024919567 -0.0512438584734 0.473898407148 0.845828870734 0.832288302909 0.115763546798 0 0.0126582278481 15 3.10615839975
7891 1455 0.575884756831 0.442192109006 -0.0020684928109 0.664530998634 0.795780245403 0.943932411532 0.00988467874794 0 0.000687285223368 279 4.35774845795
29 5 0.764661522788 0.754260089686 -0.439032543749 0.810641425933 0.727872226737 0.897933492105 0.379310344828 0 0.4 0 0.407451689224
599 65 0.436583375799 0.36881241295 -0.05784387091 0.552306903998 0.834510726238 0.860756105332 0.105175292154 0 0.0153846153846 12 2.67416691204
561 25 0.264155578434 0.465822016651 -0.206393490058 0.553704440134 0.878131002943 0.826214994331 0.135472370766 0 0.04 5 0.949278446321
224 72 0.618959876115 0.354110207769 -0.0358162535845 0.588081376252 0.76449574571 0.878127367099 0.102678571429 0 0.0138888888889 35 3.55191716356
376 85 0.618718517212 0.38518922159 -0.0321895627481 0.637878015368 0.776928350866 0.900295658419 0.119680851064 0 0.0117647058824 20 4.84677871146
117 14 0.501226087769 0.563565253191 -0.245354548633 0.675171917613 0.819649555159 0.863966345629 0.222222222222 0 0.0714285714286 2 1.09198128571
494 103 0.523853380572 0.433299479407 -0.0314905179124 0.6218901386 0.809612429604 0.898784532992 0.0769230769231 0 0.00970873786408 34 2.87022386296
4894 569 0.484242595364 0.475773228663 -0.00616519161154 0.663010762949 0.823212212264 0.93535956623 0.0226808336739 0 0.00175746924429 85 3.80101419171
846 24 0.444907967888 0.451923076923 -0.155024981181 0.598852547414 0.832843587407 0.847324346716 0.169030732861 0 0.0833333333333 0 1.73063782963
126 37 0.620527481134 0.519468621164 -0.0739171152361 0.684943073212 0.776839829131 0.89862288991 0.111111111111 0 0.027027027027 14 1.80749966203
3948 371 0.382382760737 0.36662837934 -0.0111736200721 0.54283855496 0.84930692758 0.897117121026 0.0225430597771 0 0.00269541778976 74 2.72483203669
720 51 0.36102003352 0.453659996535 -0.084628052837 0.576171393257 0.855056301271 0.863414668366 0.0694444444444 0 0.0196078431373 7 1.20799284952
2228 314 0.446297596781 0.357569579346 -0.0117570434106 0.551062794312 0.831595530345 0.89680382497 0.0318671454219 0 0.0031847133758 83 3.01900064296
678 91 0.464956400868 0.348281338077 -0.039221659205 0.540278566914 0.826092713805 0.865576984729 0.0855457227139 0 0.010989010989 17 2.92710920274
1055 171 0.520407948434 0.458665219411 -0.0192941606662 0.637565414733 0.812647050084 0.913106032921 0.036018957346 0 0.00584795321637 35 2.21045652757
19565 1651 0.542414749127 0.566953875841 -0.00190324989832 0.72579566167 0.803852881053 0.956775265219 0.00408893432149 0 0.000605693519079 105 2.06247370045
4438 476 0.496484310179 0.54514800044 -0.00723763599342 0.690238657636 0.820153095569 0.940024259442 0.00991437584498 0 0.00210084033613 55 1.44211478421
9627 1232 0.480306146347 0.397702207984 -0.00285803512253 0.597664944725 0.8238370668 0.92774729687 0.00976420484055 0 0.000811688311688 208 3.13385789689
283 21 0.354434777107 0.488630609194 -0.204712904218 0.582421318024 0.85450090233 0.833474826006 0.151943462898 0 0.047619047619 2 0.913237939802
446 68 0.495628023081 0.409926470588 -0.0499516553781 0.5844368251 0.817727220036 0.875173997849 0.0762331838565 0 0.0147058823529 12 2.10499185887
41 14 0.592825273 0.478372225384 -0.18611830153 0.613971838884 0.766713028344 0.831805277784 0.219512195122 0 0.0714285714286 8 1.296375936
8958 972 0.474855186238 0.501502675072 -0.00367055584959 0.661617849695 0.82602824991 0.940032013664 0.00658629158294 0 0.00102880658436 134 1.89690775814
24 6 0.666961703903 0.648648648649 -0.432853625722 0.727046556819 0.766013522242 0.855966689281 0.375 0 0.166666666667 1 0.705495690505
8113 744 0.387016376985 0.416749224091 -0.00553729011689 0.582995536718 0.848402985048 0.918540309886 0.0114630839394 0 0.00134408602151 143 2.3766733503
61 10 0.520231047672 0.389633507853 -0.324984919789 0.538445645215 0.809961374755 0.766859613859 0.459016393443 0 0.1 2 2.26233700963
1539 396 0.624639684432 0.497555414388 -0.0069452340229 0.693997812014 0.777988727922 0.93911579663 0.0214424951267 0 0.00252525252525 112 2.85416080408
296 90 0.658329146564 0.523956464538 -0.028471855967 0.709310113136 0.763131534592 0.92468143059 0.0574324324324 0 0.0111111111111 29 2.36558411308
115 26 0.543120075867 0.457011541917 -0.119454466201 0.613873894355 0.801696201654 0.857566687806 0.173913043478 0 0.0384615384615 8 1.77643905232
501 219 0.741859612367 0.603540435846 -0.00955612116324 0.770717052067 0.716223192247 0.951925585672 0.0199600798403 0 0.00456621004566 105 1.9614471496
39 14 0.690306766836 0.642857142857 -0.171686082195 0.760827284027 0.749007246561 0.90483605989 0.205128205128 0 0.0714285714286 6 1.14854710571
4926 385 0.376508302968 0.431752366006 -0.0108786303117 0.598478052428 0.850792879845 0.914059563341 0.0284206252538 0 0.0025974025974 64 2.81469785297
759 212 0.615691510404 0.526518738141 -0.013123692287 0.699533750389 0.780336687269 0.933667225073 0.0263504611331 0 0.00471698113208 75 2.06238709409
1203 9 0.198234762035 0.217409997823 -0.646602826819 0.249745860267 0.891662435141 0.499691458165 0.69825436409 0 0.111111111111 1 2.33944026321
234 39 0.559947675922 0.593406593407 -0.0799183942727 0.720103333854 0.802351954711 0.913078166498 0.0769230769231 0 0.025641025641 7 1.05989634
303 120 0.690473822443 0.488241863433 -0.018979459571 0.695454965408 0.736612304445 0.924898787826 0.0561056105611 0 0.00833333333333 60 2.85116163654
16541 963 0.334641364087 0.372331697912 -0.00469825004295 0.533425030732 0.861518695362 0.908657352133 0.00949156641074 0 0.00103842159917 130 2.36244999793
132 46 0.681350893078 0.521739130435 -0.0525133179841 0.709805300582 0.75013037146 0.912784709141 0.113636363636 0 0.0217391304348 18 2.46971262481
869 70 0.370655593285 0.451362465408 -0.0605972359093 0.587334576781 0.852608977964 0.877092144609 0.0678941311853 0 0.0142857142857 12 1.55559738318
12 5 0.836862325769 0.757894736842 -0.321887582487 0.834847656314 0.646065240403 0.911954364929 0.416666666667 0 0.2 1 1.17312512941
3144 284 0.421986246992 0.256714917028 -0.0135221873002 0.482118263713 0.837828004325 0.871518152584 0.0642493638677 0 0.00352112676056 37 5.38912362468
887 121 0.455751851584 0.424177907267 -0.0303081929882 0.600127329388 0.830526208872 0.894673920188 0.0518602029312 0 0.00826446280992 27 2.43487406618
100 20 0.650796753717 0.65445026178 -0.131979503765 0.769836972081 0.769455247286 0.917636722924 0.15 0 0.05 3 1.08219733731
522 70 0.450633473902 0.329716124973 -0.0524091039581 0.535339246164 0.830585489698 0.855823955329 0.141762452107 0 0.0142857142857 16 3.88107449344
2178 566 0.613363841813 0.563319474244 -0.00499066198435 0.719083811717 0.783390195813 0.948081958603 0.00872359963269 0 0.0017667844523 174 1.55932636878
93 2 0.674702213951 0.713025556472 -1.49751999623 0.608989540281 0.794851000882 0.68615494742 0.817204301075 0 8.5 0 0.0
241 12 0.319936313166 0.356176564378 -0.385464717023 0.445809321836 0.864455628668 0.714559470431 0.344398340249 0 0.0833333333333 1 1.58623716444
223 85 0.68424747621 0.482314145774 -0.0273959711255 0.691019750137 0.741775198407 0.91799035997 0.0762331838565 0 0.0117647058824 41 2.88128029472
9933 1152 0.43960016882 0.345338066315 -0.00325064836844 0.5439619128 0.833873051424 0.913728673505 0.0110741971207 0 0.000868055555556 220 3.23831499008
418 165 0.677795478392 0.450993753549 -0.0138213005847 0.666725084572 0.736918534666 0.921199205835 0.0454545454545 0 0.00606060606061 88 2.86713840736
11944 730 0.332840236526 0.392681556176 -0.0062244671266 0.546998907277 0.862092944364 0.908665161871 0.0153215003349 0 0.0013698630137 107 2.32822317283
275 72 0.66370784611 0.616762902068 -0.036021099111 0.75922135344 0.765717039395 0.936617247339 0.0472727272727 0 0.0138888888889 17 1.40100713948
323 40 0.467940615684 0.424861540968 -0.0891574215675 0.580378029905 0.825959436682 0.857365451178 0.117647058824 0 0.025 5 1.76534724124
59 16 0.752183202965 0.727633779264 -0.135603801434 0.824464309439 0.725055016024 0.935149997901 0.135593220339 0 0.0625 2 0.750215108681
736 74 0.367168432731 0.27069803329 -0.05641517749 0.44159233069 0.850326233516 0.814030637366 0.126358695652 0 0.0135135135135 19 3.23080046993
15142 1357 0.441511378308 0.487177823722 -0.00276643120853 0.652176015015 0.834266246161 0.940794957103 0.00567956676793 0 0.000736919675755 170 2.34853803146
3 2 0.923898109345 0.9 -0.69314718056 0.889881574842 0.602169971904 0.918295834054 0.666666666667 0 0.5 1 0.0
3 1 1.0 1.0 nan nan nan nan 1.0 0 3.0 0 0.0
1211 171 0.449201394513 0.263938269745 -0.0211738867246 0.478280127932 0.82845041219 0.857789247442 0.0809248554913 0 0.00584795321637 44 4.45833573717
315 53 0.532674625108 0.406728179735 -0.0604639558113 0.607188042063 0.807437117383 0.877393322827 0.130158730159 0 0.0188679245283 11 2.92767286525
12 3 0.554784226503 0.558139534884 -1.09861228867 0.528721229478 0.812461295883 0.656704548214 0.75 0 0.333333333333 1 0.665468866124
1981 356 0.516669243407 0.4539589818 -0.00931319542505 0.63183845747 0.813510681859 0.92212910557 0.020191822312 0 0.00280898876404 89 2.21388216552
13086 1408 0.432721067614 0.407221977063 -0.0027118079708 0.594456310401 0.83693075521 0.928327036438 0.0105456212746 0 0.000710227272727 251 3.2159297925
4596 373 0.398891275353 0.501919788511 -0.0108100892207 0.640881469443 0.845237148794 0.925119694654 0.0139251523064 0 0.00268096514745 55 1.46124464896
4022 603 0.473085405401 0.438831925999 -0.00590731310939 0.61116822244 0.825764920268 0.923252910052 0.0106911984088 0 0.0016583747927 148 2.10421829996
49178 858 0.240107169868 0.357117221482 -0.00632464329949 0.520419057852 0.883985674736 0.903466223066 0.0177111716621 0 0.0011655011655 66 3.52532913505
4 4 1.0 1.0 0.0 1.0 -0.0 1.0 0.25 0 0.25 4 0.0
17734 939 0.417824449008 0.539664000655 -0.00406313461404 0.685769724196 0.836810436468 0.94496191688 0.00654110747716 0 0.0010649627263 75 1.79190520691
142 37 0.532890520056 0.383244003497 -0.0808909064419 0.553665826244 0.794718332708 0.842245023753 0.133802816901 0 0.027027027027 17 2.05597353427
108 47 0.77676440669 0.70905775076 -0.0425421679106 0.827637914069 0.70476678344 0.95201267293 0.0648148148148 0 0.0212765957447 19 1.19931177107
21727 1793 0.454684359917 0.518942546437 -0.00204964120806 0.672548554157 0.83086547981 0.94708646276 0.00635154416164 0 0.000557724484105 175 2.13244538016
28 2 0.462909944724 0.618296529968 -2.1202635362 0.405649928615 0.852566080384 0.491237341824 0.892857142857 0 1.5 0 0.0
12 5 0.884293016393 0.9 -0.260268968544 0.922488651117 0.582889265599 0.960225238423 0.25 0 0.2 1 -0.84375
1014 167 0.460527457964 0.248300624111 -0.0207204976945 0.449788358086 0.820902402498 0.845314415922 0.077909270217 0 0.0059880239521 52 4.03547127872
11758 1167 0.40887158433 0.207318996851 -0.00334055965152 0.431571679416 0.840145166789 0.881170928984 0.018965810512 0 0.000856898029135 229 5.75345717001
54 9 0.494647225095 0.613636363636 -0.373554677424 0.675832476107 0.815947495695 0.845310972585 0.222222222222 0 0.111111111111 2 0.22239742511
3398 576 0.510919847761 0.359218698978 -0.00576049073814 0.57935691886 0.813645692452 0.914322275902 0.0200117716304 0 0.00173611111111 139 3.81819099578
1962 164 0.386274096163 0.392498904923 -0.0251671895796 0.562006002709 0.848674382318 0.887937863479 0.0468909276249 0 0.00609756097561 26 2.47612818036
38 13 0.657931088491 0.474687705457 -0.182355060881 0.636779704002 0.745871768463 0.840780563764 0.263157894737 0 0.0769230769231 5 1.77088186566
6 4 0.8583175682 0.75 -0.3295836866 0.821367205046 0.586872155251 0.89624062518 0.5 0 0.25 3 1.15470053838
9921 447 0.39226002267 0.549132838265 -0.00900301886635 0.675163398014 0.84494838717 0.935809745806 0.0115915734301 0 0.00223713646532 28 1.17323784007
63 18 0.597508714057 0.464210526316 -0.155487622793 0.628130955445 0.781536082819 0.850314876057 0.238095238095 0 0.0555555555556 7 1.93424281058
395 137 0.636819198928 0.495806971327 -0.0186570429964 0.678416517031 0.762587465168 0.92184119809 0.0430379746835 0 0.00729927007299 67 2.08121437503
12895 875 0.392124853771 0.500832695487 -0.00465845410326 0.64068590128 0.8468431111 0.934372523977 0.00721209771229 0 0.00114285714286 102 1.53951828617
1425 514 0.682544764864 0.478342692302 -0.00461145665202 0.69372026751 0.745840310641 0.941554816293 0.0147368421053 0 0.00194552529183 217 3.07509710653
20 4 0.929369329751 0.909090909091 -0.294735868927 0.933439862402 0.552164677281 0.963060373421 0.35 0 0.75 0 0.0
5 2 0.714865583331 0.735294117647 -1.38629436112 0.649384888466 0.779632848843 0.721928094887 0.8 0 0.5 1 0.0
1473 110 0.360558413671 0.356706676509 -0.0391545631726 0.524481976684 0.854762879818 0.8644530483 0.0760353021045 0 0.00909090909091 15 2.77936794291
5705 768 0.487581994127 0.467588392772 -0.00455202486316 0.643648034684 0.822634381922 0.933790408962 0.0119193689746 0 0.00130208333333 141 2.42189960342
274 20 0.440708515955 0.466542381307 -0.18259521792 0.626183777005 0.829845604797 0.853558536611 0.237226277372 0 0.05 2 2.23972624554
1437 48 0.387653331851 0.313186138189 -0.0852061266159 0.507194580103 0.847338354016 0.829814979369 0.187891440501 0 0.0416666666667 0 3.64601707675
4177 462 0.409048616961 0.417248907681 -0.00859028639466 0.578948349356 0.842861382834 0.911178663683 0.0134067512569 0 0.0021645021645 97 2.01745788233
13020 1109 0.466237780106 0.480688024227 -0.00324895257489 0.655591431144 0.827650606707 0.939847234858 0.00768049155146 0 0.000901713255185 104 2.54756075494
1271 59 0.402759000329 0.363187679001 -0.0673344034932 0.55122827587 0.843013924872 0.857290880692 0.13217938631 0 0.0169491525424 3 3.06469124855
29003 1852 0.485952892808 0.603218549067 -0.00184005908231 0.733336423375 0.818287982284 0.958804690742 0.002689376961 0 0.000539956803456 127 1.30294753494
224 63 0.583695006598 0.393500219587 -0.0446321244124 0.598232601949 0.782472502844 0.878552854783 0.116071428571 0 0.015873015873 26 2.91442675511
1162 201 0.506807147451 0.46181987081 -0.0167921653459 0.633350656929 0.816629778518 0.914420332794 0.0301204819277 0 0.00497512437811 50 2.08239012098
18991 1567 0.500521506339 0.529195683561 -0.00214930965168 0.699797823258 0.816256226934 0.951516372228 0.00652940866726 0 0.000638162093172 128 2.6651580264
370 52 0.541288199521 0.503190425782 -0.0612041785959 0.655294733045 0.806188072842 0.895575913471 0.0810810810811 0 0.0192307692308 5 1.46201913188
1715 201 0.43277200595 0.390994260494 -0.0189561779334 0.578532851433 0.836601808976 0.89748994653 0.0507288629738 0 0.00497512437811 41 3.15335450212
29482 1496 0.341680786412 0.433637426012 -0.00298416942299 0.584650846015 0.859713889068 0.926644961864 0.00742826131199 0 0.000668449197861 149 2.18402347617
1409 270 0.521939727699 0.456786518767 -0.0121272259691 0.630217084941 0.811301304237 0.917919703992 0.0212916962385 0 0.0037037037037 71 2.01819528642
380 113 0.673572919665 0.609092519635 -0.0224099745872 0.759382410046 0.760569437392 0.942367823021 0.0342105263158 0 0.00884955752212 34 1.62707281407
1 1 1.0 1.0 nan nan nan nan 1.0 0 1.0 1 0.0
3144 680 0.581168964155 0.489275545964 -0.00438397395949 0.674690842365 0.793957311888 0.939775175169 0.0117684478372 0 0.00147058823529 168 2.40885749634
12719 1070 0.406420822412 0.339167509433 -0.00371231466695 0.536350706718 0.842992940709 0.910806804853 0.0154100165107 0 0.000934579439252 147 3.70644339164
343 120 0.687291928603 0.540765765766 -0.0199903652024 0.72718857469 0.748559240237 0.934109965016 0.0495626822157 0 0.00833333333333 47 2.44366631138
132 51 0.707420917397 0.461685214626 -0.0431745589053 0.683597876673 0.728607746328 0.90555254838 0.121212121212 0 0.0196078431373 22 3.08327144058
7189 1257 0.541788639915 0.449960405586 -0.0025321984826 0.643684568654 0.806208446944 0.938330102024 0.00723327305606 0 0.00079554494829 261 2.67992234129
329 24 0.619222809045 0.738261854095 -0.108886457042 0.822431498404 0.767334114252 0.941305527125 0.100303951368 0 0.0416666666667 1 0.588964244336
554 102 0.595432231466 0.512428540899 -0.0285544277243 0.686098581947 0.789450266801 0.919511196066 0.0505415162455 0 0.00980392156863 14 1.9918358547
151 25 0.454612910176 0.291107564635 -0.141164877163 0.463659783273 0.824217465603 0.775271661005 0.304635761589 0 0.04 8 3.12697807856
257 80 0.631738655976 0.501282635094 -0.0332426207128 0.68878923375 0.771028551918 0.916205881562 0.0778210116732 0 0.0125 33 2.54283152216
607 58 0.425853406088 0.339074938111 -0.0660549966802 0.523695275818 0.837458850362 0.844527847336 0.135090609555 0 0.0172413793103 8 2.92835682716
1887 122 0.418854707005 0.482718871831 -0.0319145235529 0.641231143947 0.839953882165 0.908453834408 0.0556438791733 0 0.00819672131148 9 2.28732917264
231 49 0.59681663582 0.585169263837 -0.0593982473819 0.730699948989 0.78931339716 0.921306985765 0.0909090909091 0 0.0204081632653 12 1.73511027276
42587 1712 0.336403601395 0.220563333954 -0.00262027428732 0.478779604039 0.860367633233 0.901163472597 0.0292577547139 0 0.000584112149533 128 12.7447990484
101 39 0.730719019721 0.532717113165 -0.0554121240042 0.734669643613 0.724093955207 0.918353619127 0.138613861386 0 0.025641025641 15 3.01724449518
451 37 0.384647588173 0.27510005126 -0.110013723476 0.445906172616 0.846639026009 0.785480051353 0.239467849224 0 0.027027027027 5 3.33245910593
840 76 0.389436358595 0.383962387358 -0.0538602424255 0.554153838541 0.847463383241 0.866123744941 0.0892857142857 0 0.0131578947368 13 2.53156750764
