CATLIN micro 21459.0 157 479181.308182 0.162698684317 0.0378 0.102313340601 0.169278223649 -0.0392903958113 0.476760680941 0.0650054958495 0.335337154574 0.831298061808 7196.0 47.9099678457 7.90084275318 1.3289581468 179.106293322 188.662787172 193 201 15.6408234614 1.07175350513 0.296899171022 23.3207142696
CATLIN micro 20286.0 118 1536851.8731 0.159425651688 0.019 0.104951576721 0.13093943055 -0.0509389026993 0.322407577859 0.0312458004972 0.656068224391 0.554582178194 13309.0 74.7609188603 10.2377227357 1.55904467793 158.048485821 178.730290452 160 181 11.7971063807 0.82848337268 0.540790872182 4.94212148581
CATLIN micro 32519.0 177 916681.258154 0.151344102603 0.0357 0.0957453334461 0.18218797077 -0.0372818453433 0.505251090315 0.0719926477796 0.348473200283 0.841784670341 11332.0 45.056736062 9.5370866222 1.07121512359 221.075429449 203.55922044 212 234 16.9400498547 0.981532479745 0.30836968599 20.3269886701
CATLIN micro 1184698.0 1483 133104514.802 0.127909141299 0.0048 0.0877344636666 0.105897215851 -0.00486191165309 0.409998301206 0.012793582674 0.286073750441 0.858777364383 338911.0 50.0855914334 24.6132955748 1.08489432732 1703.77472216 1738.08442584 1772 1873 105.970694637 1.36250254884 0.2534983172 45.3267998415
CATLIN micro 94839.0 1193 241971.562276 0.186176398991 0.0255 0.10462645569 0.23930042927 -0.00505432603125 0.660448806113 0.0894609703094 0.143137316927 0.967094162702 13575.0 19.5837155601 19.3848973581 0.856352189649 1463.02548871 1445.51160381 1461 1597 104.014542525 3.87388710975 0.126852144297 24379.6712857
CATLIN micro 39979.0 385 445572.758685 0.189391628513 0.0237 0.10694727593 0.203418158169 -0.015315707936 0.539026271053 0.0618572775859 0.275644713475 0.890352762497 11020.0 37.5472122865 12.7880165962 1.04438867547 429.453285829 439.761665509 457 472 36.2397157701 1.92550551155 0.244269123224 54.3201927984
CATLIN micro 97454.0 1185 334727.707716 0.194750140066 0.0198 0.111655648999 0.185711852455 -0.00476206931556 0.590672195564 0.0543896303322 0.143842222998 0.95742653687 14018.0 20.5245551747 15.4586216661 1.27993623404 1545.3953895 1561.59711496 1534 1715 103.071821008 3.79593280164 0.127476851037 22552.7475042
CATLIN micro 9011.0 261 54647.3041851 0.289024845875 0.0214 0.146246776604 0.180495869034 -0.0163839319981 0.455808248056 0.0447443416618 0.272222838753 0.821185480388 2453.0 53.9673732105 9.35296611812 1.82450981513 384.140102313 401.130958148 365 426 28.5519713999 2.74950182633 0.241239542898 57.8732311465
CATLIN micro 278327.0 1803 1990852.70795 0.154902179696 0.0118 0.0941578049262 0.217462967329 -0.00372258861403 0.618405955766 0.0566946486626 0.183424533013 0.953134466831 51052.0 24.0433015841 28.2804740389 0.717946342857 2347.7118547 2225.94662832 2203 2457 143.739682625 3.4175750265 0.162555759679 1027.25626675
CATLIN micro 29773.0 947 18942.7412883 0.238726163459 0.0496 0.120606281937 0.300131572829 -0.00550706974252 0.724191662382 0.150144627521 0.0831625969838 0.97872833447 2476.0 15.745809962 12.171639029 0.957689391996 1183.43595685 1172.85562102 1194 1313 91.8325595023 5.48831058569 0.0737009326377 96515279700.7
CATLIN micro 70259.0 505 726309.888669 0.177161648228 0.026 0.104197904138 0.166281928012 -0.011990221887 0.520718311208 0.0487409581581 0.139811269731 0.923863414471 9823.0 26.6955123187 8.5159464559 1.13285879133 627.017736685 623.375144568 629 691 45.1615181824 1.90519922439 0.123904511717 35753.0227388
CATLIN micro 23757.0 333 89896.1776294 0.195563261849 0.0537 0.106793682548 0.281466590975 -0.0177333023576 0.66372341255 0.139242844023 0.184871827251 0.944116428633 4392.0 26.0807340994 10.3347918176 0.808212419838 353.792083989 359.240279684 377 376 32.9507849661 2.16047096772 0.163838390709 949.461502277
CATLIN micro 25317.0 395 88860.8363812 0.21428803883 0.0443 0.113343311126 0.259004431405 -0.0140690293217 0.640654314881 0.114418576575 0.180590117312 0.942844526015 4572.0 26.9542204843 10.6194271532 0.936992143864 440.95475635 435.505151522 458 479 38.8589612967 2.48250981843 0.160043824288 1204.7499442
CATLIN micro 394132.0 826 14570446.2782 0.129002209359 0.0154 0.0866436155082 0.16853107361 -0.00884036854086 0.540489802604 0.0445118582941 0.231681264145 0.921406730095 91313.0 31.5440004871 18.2228517345 0.886187704496 884.580030287 889.850537654 926 942 64.030716576 1.3157070408 0.205321804056 149.116459191
CATLIN micro 99307.0 572 1475594.09039 0.158299720478 0.0201 0.0975913441309 0.17911650465 -0.0113149355995 0.535446251299 0.0507054218628 0.222683194538 0.912815279309 22114.0 32.1961191054 13.1857980392 1.04017875147 684.559272982 674.628870928 693 750 49.6264055487 1.81512315767 0.197347708768 196.22088208
CATLIN micro 199557.0 1102 2901216.93443 0.162089235456 0.0112 0.101291449291 0.146643003909 -0.00565508525189 0.507695325474 0.0309127518026 0.212365389337 0.918881621945 42379.0 31.5899717875 18.1294753715 1.25078102953 1533.74129393 1489.61968785 1433 1638 90.2173930261 2.46688049592 0.188203890234 279.678511879
CATLIN micro 13624.0 236 149535.296358 0.218622696029 0.0219 0.121323480779 0.188132607462 -0.0219644626247 0.463975864523 0.0494362424876 0.324867880211 0.806440178104 4426.0 60.7824427481 10.2157517824 1.43922137524 324.396098653 343.984588099 319 364 24.6859417142 2.02190006159 0.287717572847 26.2879311658
CATLIN micro 2453.0 131 3223.07774516 0.289717468218 0.0988 0.134486545473 0.358206029072 -0.0355960202556 0.693884890803 0.2188760254 0.209131675499 0.922732781926 513.0 33.3469221362 6.37426029787 0.978981549032 165.013866232 158.256352459 165 183 16.6558466779 2.64498078616 0.185338099002 315.659422539
CATLIN micro 14992.0 331 51654.7290122 0.216438488453 0.0383 0.117168990028 0.241321655538 -0.0162291794549 0.615829503402 0.104931587815 0.235792422625 0.921137707097 3535.0 32.8775346852 11.9751995121 1.18867096424 406.807036697 410.874621132 419 457 34.3204019446 2.70332466559 0.20896502567 132.775064811
CATLIN micro 145852.0 744 3225896.20854 0.197492076609 0.0118 0.113874554541 0.112829133908 -0.0074338489761 0.437037161442 0.022864131817 0.212893892439 0.885984323133 31051.0 38.0255327318 13.4618712115 1.52688132737 883.583046571 876.193970673 912 980 62.4876596969 1.94812464804 0.188672261235 274.332222457
CATLIN micro 26758.0 468 71679.2369004 0.198180633263 0.0437 0.109674528721 0.24452452274 -0.0122801025363 0.64257893969 0.109166797722 0.133866507213 0.951110950674 3582.0 26.1491890276 10.0174293012 1.00239977277 623.946422089 590.993368525 594 670 45.8086157664 2.86100771136 0.118636103108 75974.1716115
CATLIN micro 29593.0 921 82229.4359817 0.281529154405 0.0124 0.132344779649 0.27128774511 -0.00514746649962 0.600979567826 0.0646291226461 0.255499611395 0.912529459795 7561.0 38.0360220322 22.131440601 1.01840855729 1215.49271005 1127.86803261 1166 1310 89.3612244696 5.35383685662 0.226427247114 81.4905931278
CATLIN micro 57473.0 257 1708417.49954 0.129977255059 0.0285 0.0880403998531 0.189713241088 -0.0279565727423 0.532049619667 0.0709045047687 0.337480208098 0.8637033834 19396.0 40.7165103614 12.6400851662 0.972432016762 311.46248608 320.006496699 317 345 23.3596452183 1.07201580847 0.298774597208 22.7824934516
CATLIN micro 2875.0 275 1825.69409423 0.364344058995 0.0567 0.164122006006 0.342102766798 -0.0137913633432 0.686939284259 0.169301291094 0.195130434783 0.935843085066 561.0 28.7304347826 9.58054945197 1.48411299904 416.887736094 446.651526645 394 464 34.4056513679 5.12877644532 0.172929842789 568.934008397
CATLIN micro 3262.0 231 6894.12437418 0.361571253881 0.0282 0.162450165978 0.296759749549 -0.0165949423669 0.580527137586 0.098078845673 0.353770692826 0.846652890558 1154.0 49.6321275291 12.0192807233 1.57669399524 321.098208778 326.977178441 319 365 28.4298240916 4.04454807101 0.312976864949 19.3019375182
CATLIN micro 127293.0 598 2326677.47408 0.143731207203 0.0191 0.092990425858 0.185541575835 -0.0113667552075 0.540517451591 0.051398872159 0.227553753938 0.912603947726 28966.0 33.491236753 14.076115178 1.0259390296 681.673384602 697.608642063 716 752 50.7901535863 1.67609612887 0.201664028014 168.510368657
CATLIN micro 16890.0 340 66142.9569669 0.201677133486 0.0361 0.112956757591 0.23701110995 -0.0164020338755 0.596375412549 0.0924421762564 0.179159265838 0.918458559389 3026.0 35.2042628774 9.68634967556 1.14373439029 452.120924016 477.737374307 449 506 34.8246751889 2.61615874138 0.158775765224 1309.216336
CATLIN micro 9991.0 267 84577.7933035 0.255120151304 0.0163 0.132332985608 0.204949248331 -0.0177574965895 0.469169593733 0.0479493070603 0.447702932639 0.770872245636 4473.0 59.5736162546 13.8441916777 1.45630189778 426.762469512 417.442820534 374 446 28.8834066958 2.67120231162 0.391860335362 9.88910511819
CATLIN micro 22843.0 176 564352.315552 0.16393749424 0.0291 0.102741434492 0.174154704246 -0.0349002300134 0.461471790206 0.0564016028358 0.312174407915 0.805048051797 7131.0 60.8413956135 8.62469359477 1.31067581115 220.124380616 221.041699532 223 246 17.4365310207 1.16449089699 0.276548587477 30.8232791324
CATLIN micro 30669.0 293 472331.89913 0.183564557806 0.0227 0.109458098526 0.167013483282 -0.0196541959205 0.479728181376 0.0488201418375 0.326322997163 0.849954308507 10008.0 45.4041540318 11.455141594 1.38050140081 405.820580061 389.053321727 383 438 28.2644258772 1.67308425658 0.288995532041 25.8387126212
CATLIN micro 875298.0 816 35117614.3566 0.0936437474171 0.0318 0.0717124533534 0.23431439249 -0.0108331061405 0.645562470558 0.0917810014301 0.149084083364 0.961417617378 130493.0 23.1460599704 15.5564826851 0.495622277103 839.118907531 846.97064913 874 861 59.5659229673 0.872192184376 0.132122328833 13058.3748582
CATLIN micro 144941.0 650 3041480.75327 0.147765708187 0.0161 0.0930715845424 0.190657482381 -0.0104481648268 0.540633276319 0.0495696370749 0.250350142472 0.904500617979 36286.0 36.1774791122 16.2164162286 0.908800422786 726.121330558 726.570487206 757 790 54.610864996 1.70733101607 0.221864829577 91.6693198322
CATLIN micro 4487.0 253 4963.10816237 0.320246310785 0.0598 0.1441558512 0.338742313103 -0.0171559363237 0.684369739362 0.171106056259 0.205482505014 0.933925901084 922.0 28.3262759082 9.56438953334 1.15252833093 285.597741121 299.054403322 312 319 29.9681067778 3.77696087807 0.18210411531 364.150176795
CATLIN micro 40183.0 898 67509.5826288 0.24287255827 0.0288 0.125765895418 0.217374664584 -0.00556338528877 0.617062199376 0.0729415987428 0.0906353433044 0.96138279756 3642.0 17.8334121395 10.2605095591 1.34029069749 1129.41839852 1130.13063107 1148 1264 84.6130682624 4.47976423312 0.080323481634 2684860407.0
CATLIN micro 58906.0 699 367339.777013 0.211471616926 0.019 0.111214660255 0.253990439024 -0.00810571188092 0.607754940625 0.0752839859981 0.202865582453 0.924676212038 11950.0 36.4207381251 16.4171972345 0.760147940788 783.616821087 763.155039045 799 841 63.5487233221 2.88003263656 0.179784932483 405.221105186
CATLIN micro 6418.0 83 276868.392889 0.215181224206 0.0214 0.121784817724 0.154557776134 -0.062210752015 0.291659335194 0.0320538503218 0.746182611405 0.436778969945 4789.0 79.214708632 8.80828054873 1.61382303536 115.874687481 116.241934489 111 128 9.35340395092 1.03604408597 0.595376130574 4.1777688406
CATLIN micro 45452.0 505 302428.170619 0.178635813012 0.0261 0.104433232198 0.210798161133 -0.0119627141341 0.569702844006 0.0668243982637 0.205469506292 0.924238420469 9339.0 29.7258646484 12.0015485082 1.0556858661 653.700946023 659.422428735 644 719 46.9955830826 2.36872628398 0.182092595519 364.340152082
CATLIN micro 27798.0 135 3601397.27562 0.184279194985 0.0117 0.10832887033 0.118508126084 -0.0431103826069 0.232729785593 0.015908853051 0.792539031585 0.368069173205 22031.0 82.7577523563 11.3938438397 1.35011507981 167.163319199 171.709873936 170 187 13.0952482283 0.809705320885 0.621698754674 3.89007613922
CATLIN micro 19838.0 464 28748.4621844 0.219438737079 0.0599 0.11453670451 0.29414724788 -0.011849386118 0.687233255134 0.144712115905 0.107571327755 0.964022784575 2134.0 19.2509325537 8.17895759577 0.906461478855 523.315091884 547.280720593 561 580 46.7896321205 3.29434468842 0.095332607063 10211147.6058
CATLIN micro 46522.0 612 306682.65767 0.21234548277 0.0185 0.111650071574 0.248162440821 -0.00922114362702 0.59414348655 0.0724412956951 0.261424702291 0.911786791962 12162.0 34.3471905765 18.0845899411 0.823907902891 684.948936474 678.833908385 711 744 56.84947505 2.83741090594 0.231676223695 71.7088442512
CATLIN micro 44166.0 523 166709.822421 0.175091718323 0.0411 0.101513513229 0.247163296408 -0.0118891747353 0.64320283757 0.105452942343 0.156319340669 0.953475557379 6904.0 21.9444821809 11.1686929042 0.87601208634 631.578458417 635.755811174 640 695 48.8046117165 2.48861465805 0.13853440867 6684.71451698
CATLIN micro 25490.0 448 129809.555429 0.217318234725 0.0244 0.120075198726 0.192168672589 -0.0116937979778 0.543299571428 0.059440920765 0.204354648882 0.908463116252 5209.0 34.2251863476 10.8246997843 1.39883569668 598.221720697 616.270997286 593 669 44.0565909489 2.80603508097 0.181104580935 381.137898255
CATLIN micro 28033.0 192 491664.047093 0.167925152289 0.0418 0.111217557061 0.117542271608 -0.0295090728297 0.468948476445 0.0563837695326 0.214604216459 0.875293108598 6016.0 37.812578033 6.07503274039 1.83796865932 274.318725967 272.571994717 261 302 18.6502717 1.14674390415 0.190187986486 257.9510865
CATLIN micro 132653.0 668 2408041.78481 0.15688090797 0.0161 0.0968108713817 0.174836019201 -0.00976817910352 0.518775653877 0.0422831353151 0.22307071834 0.907227183059 29591.0 34.2721235102 14.048725802 1.01163131081 763.536631802 779.390692234 800 842 56.5470267286 1.83407851906 0.197691136459 193.794101807
CATLIN micro 90100.0 578 1390630.09359 0.16690799751 0.0172 0.0999654220105 0.189538421362 -0.0109272868061 0.533983392373 0.0499856196068 0.261731409545 0.899428731426 23582.0 38.4805771365 15.6342687422 1.01460958725 658.082521471 661.814918417 687 723 50.5755469031 1.92559718745 0.231947909509 71.2505614868
CATLIN micro 18335.0 677 39661.6706624 0.274418083368 0.0182 0.133210381911 0.270745629812 -0.0069558375069 0.616232675215 0.0806228603814 0.241505317698 0.918768271234 4428.0 36.9348241069 18.4322484257 1.20076091865 899.282654807 904.470871935 892 1004 68.863177367 4.99974910742 0.214027520272 113.992237253
CATLIN micro 9335.0 579 5779.74445261 0.311752577618 0.0431 0.144991459329 0.313839035035 -0.00745174201552 0.691856931441 0.139345031422 0.133047670059 0.959936792984 1242.0 21.7568291377 11.2321811739 1.26955813008 823.112636742 839.71866311 792 913 63.227955208 5.99268434567 0.117910427575 84935.9791737
CATLIN micro 58984.0 275 1405868.30914 0.136094944039 0.0318 0.0904515131814 0.186874714869 -0.0254211611355 0.544987794757 0.074271627857 0.293486369185 0.885643461687 17311.0 39.2648853926 11.6774422397 1.02682315549 315.685621281 323.567640466 330 349 24.9430554149 1.13231062724 0.260052969968 40.2590326279
CATLIN micro 42021.0 539 241460.79216 0.203457088018 0.0246 0.116026035174 0.17044538955 -0.0100667605961 0.536548950192 0.0524473881562 0.145689060232 0.924575496081 6122.0 28.7427714714 9.79173111167 1.42887407098 697.415198477 726.337392268 706 786 50.5357694617 2.62939343039 0.129113567921 18483.7362396
CATLIN micro 282104.0 812 7724584.16724 0.132277376612 0.0154 0.0884864986255 0.164088037127 -0.00880314055952 0.531469835093 0.0421500370897 0.220298187902 0.920049852253 62147.0 32.0810764824 16.5133162238 0.972792338343 948.400483511 938.879751199 967 1035 64.6213539291 1.52880258075 0.195234085358 212.119042288
CATLIN micro 859184.0 1053 53654702.7739 0.116165594103 0.0123 0.0820897244945 0.152967182077 -0.00732396984349 0.522894338699 0.0352232972501 0.22169523641 0.922587360893 190477.0 30.6734063949 19.3051919 0.868805740863 1165.55046657 1134.35045026 1183 1239 76.9921064571 1.1360181779 0.196472168691 202.600468501
CATLIN micro 30485.0 494 112235.06208 0.223184394097 0.0329 0.114196627921 0.289760278998 -0.0111636572845 0.650094631573 0.112346444963 0.204592422503 0.938436497982 6237.0 29.8048220436 14.2791847026 0.740570564438 547.812291521 540.224220252 566 591 47.7482300873 2.82933159435 0.181315301905 377.470063946
CATLIN micro 45667.0 248 600420.29984 0.131150753126 0.0537 0.0884427805723 0.196683636168 -0.0288376187077 0.590723462289 0.101089930859 0.194144568288 0.924855011285 8866.0 32.3625374997 7.9016816901 0.962360486994 314.546911766 317.906922461 309 343 23.0214352907 1.1605141486 0.172056141753 595.692770405
CATLIN micro 6673.0 342 3249.10103583 0.293188219069 0.1052 0.136545550308 0.344701042781 -0.0134228361729 0.738600163947 0.215278990739 0.0612917728158 0.972194592868 409.0 11.7937958939 4.95974570185 1.07732698679 382.51702069 394.230240238 417 424 38.724367932 4.18663927858 0.0543184193781 1.56162323507e+19
CATLIN micro 148246.0 948 1452252.03253 0.166871385943 0.0166 0.102359264431 0.160098384764 -0.00650398347664 0.539781640015 0.0416488156061 0.176051967675 0.93636652447 26099.0 26.4270199533 14.7218416441 1.23470983301 1226.19235275 1208.28221497 1202 1341 79.5355304081 2.46216325317 0.156021993981 1578.69214463
CATLIN micro 9362.0 274 23919.4295874 0.264639190703 0.0467 0.136344427562 0.209608808399 -0.0167795390012 0.567415998359 0.0848599757062 0.138859218116 0.921846947856 1300.0 25.9987182226 6.02169581318 1.64512372249 360.075128162 361.60822684 363 407 29.8542906496 2.83182391066 0.123060777942 40089.6750461
CATLIN micro 62675.0 489 660940.030558 0.169113610874 0.0243 0.101606183628 0.185200930238 -0.0127040283539 0.556848440619 0.0623851950037 0.230267251695 0.915845550798 14432.0 32.5424810531 13.1538939296 1.10059846301 582.737032795 578.330432238 596 643 44.1800164915 1.95326733725 0.204068720436 155.391478566
CATLIN micro 38031.0 453 127889.442536 0.168516619768 0.0523 0.100571175887 0.238625652374 -0.0138571639817 0.653467638758 0.118162467996 0.118587468118 0.957825854443 4510.0 23.2389366569 9.06247910449 0.972445290154 530.460683394 547.324344789 555 591 42.8592144488 2.32289366453 0.105095407268 891005.751398
CATLIN micro 41770.0 749 98382.6598638 0.208537105159 0.0307 0.111266242679 0.265711492108 -0.00756103031046 0.647609599607 0.0958573176533 0.123940627244 0.95648637909 5177.0 24.7617907589 12.8765508297 0.884756025631 910.260405178 911.604456145 925 1006 70.3011902216 3.66479410401 0.109839521022 340048.202163
CATLIN micro 27169.0 388 126100.689383 0.193278636031 0.0375 0.109197669054 0.225332806151 -0.014878060856 0.608950513402 0.0948609945208 0.210313224631 0.931310555162 5714.0 28.6687033016 11.6549336857 1.11125103805 463.804770318 456.662930232 476 514 37.9046397556 2.35393734339 0.186385215496 301.826088814
CATLIN micro 965835.0 1141 67577042.3832 0.121960821697 0.0105 0.0835846833139 0.156978512692 -0.00663685300102 0.51150721447 0.0312534053107 0.213921632577 0.916539150129 206613.0 35.200008283 19.2550899592 0.781183732802 1205.61545152 1196.70428936 1246 1267 82.7241000209 1.16100522633 0.189583066488 264.325310933
CATLIN micro 5369.0 310 3182.91062741 0.3215916235 0.0864 0.141836184298 0.37685398254 -0.0142383988194 0.740428420297 0.223080413414 0.119761594338 0.962655207539 643.0 21.4937604768 7.64965579838 0.934928563485 352.894587245 358.747337538 375 392 35.9787748265 4.23072690001 0.106135949537 713592.970383
CATLIN micro 14986.0 178 233560.426585 0.179457740805 0.0296 0.10648664506 0.196012158164 -0.0332726942275 0.480595747805 0.0625164719812 0.304083811557 0.810304368957 4557.0 60.1294541572 8.71458764668 1.18978800212 245.919425809 250.272812961 235 269 18.4089819731 1.45404262568 0.269413357226 34.4221654631
CATLIN micro 58274.0 876 346876.153764 0.220158040211 0.0126 0.117841938067 0.203587743181 -0.00609643375115 0.560226577465 0.0497270507818 0.268610357964 0.909479993392 15653.0 35.0773930055 22.2211021861 1.22024252973 1076.80520799 1059.03925292 1090 1191 79.7418274676 3.62883056898 0.238040635154 62.0194949581
CATLIN micro 207503.0 783 12414499.7825 0.178963603565 0.0056 0.101110301016 0.186029525099 -0.00797351146713 0.426483434897 0.0206459802987 0.436335860204 0.773253663666 90541.0 60.8024944218 22.9188066949 0.646001395531 847.324634318 835.769339872 868 898 63.8737497854 1.71889588573 0.382664351755 10.51947579
CATLIN micro 63665.0 626 410783.509022 0.19063276599 0.0246 0.109704861392 0.182927459001 -0.00917806241039 0.571095293046 0.0616747475349 0.167721668106 0.935060591057 10678.0 30.1515746486 12.1838842392 1.25690394242 718.498562722 720.295418428 753 794 56.5028433532 2.48098398864 0.148639458252 2738.424508
CATLIN micro 39152.0 285 1037739.08742 0.193030951613 0.0179 0.114810357948 0.122596053886 -0.0192446413624 0.400437983458 0.0303394838416 0.351323048631 0.804226945741 13755.0 55.1491622395 10.6141146346 1.62239297459 387.849685757 396.062480431 379 431 26.8552668289 1.44034949273 0.310849622002 19.7640704889
CATLIN micro 44224.0 472 782173.282522 0.250657272431 0.0111 0.126825561995 0.167016835709 -0.0104937853077 0.422512595452 0.0265023699823 0.333551917511 0.809513045823 14751.0 56.5100397974 13.7549162915 1.33413851004 519.292407966 520.368012781 550 565 44.0309424491 2.24446577788 0.295335766988 23.7857406134
CATLIN micro 211820.0 1023 3583049.40469 0.153958839943 0.0118 0.0982526838734 0.147516934877 -0.00628336920709 0.510352716068 0.0326453663021 0.211061278444 0.917407524258 44707.0 32.5852138608 17.4813309528 1.21440475345 1323.77632771 1344.41090988 1309 1460 83.3367843868 2.22275784573 0.187048157951 293.487539068
CATLIN micro 47220.0 540 229516.970934 0.198707038049 0.0323 0.106339351739 0.290757212104 -0.0109831443721 0.66209993773 0.117689039881 0.207200338839 0.94266621262 9784.0 26.0821685726 16.1650602677 0.53964232206 597.759464957 588.571902354 613 641 50.0809620045 2.48502503573 0.183626502017 340.165432611
CATLIN micro 60466.0 849 337360.60591 0.191725158475 0.0148 0.105720565748 0.256690138472 -0.00702740165477 0.615316151584 0.0736046970892 0.26424767638 0.920575135557 15978.0 29.8829094036 24.4911242992 0.7676502698 1081.22606283 1086.31757251 1059 1175 77.0220338696 3.45264614301 0.234176756297 67.6496911785
CATLIN micro 14216.0 193 273496.017865 0.191199245958 0.0196 0.109112391285 0.211487239074 -0.0299341398816 0.454223353296 0.0516576137201 0.491910523354 0.734983798879 6993.0 61.6418120428 12.2911098514 1.10498993777 305.440341854 275.522425761 258 305 20.079222216 1.6187083299 0.426547618417 8.04110384927
CATLIN micro 32550.0 666 64379.2321886 0.215122022422 0.0358 0.119490801436 0.208553715005 -0.00790549481046 0.619482114119 0.0828821897056 0.109001536098 0.958090675577 3548.0 20.4792626728 9.74638535054 1.37509925335 946.347410638 933.784565467 893 1029 64.0005688401 3.69146480985 0.096600096206 7140102.08764
CATLIN micro 97102.0 828 965550.399412 0.18214918299 0.0141 0.107345620788 0.166461468825 -0.00709450280965 0.523440207766 0.0395202930448 0.218090255608 0.914103835579 21177.0 33.1589462627 15.9338699573 1.24987787192 1103.28780913 1057.1448128 1059 1194 72.016263127 2.6571510864 0.193277380521 228.457091925
CATLIN micro 15732.0 517 32258.7144828 0.266487447638 0.028 0.13381331263 0.240177715615 -0.00906624801608 0.608060084601 0.084621684609 0.211161962878 0.930810097224 3322.0 28.9410119502 13.6114293188 1.40683336285 657.561420934 679.511175388 677 747 53.3970668938 4.12191065771 0.187137386785 292.389024154
CATLIN micro 22963.0 480 82107.6923756 0.223141832062 0.0272 0.121201935915 0.209558946276 -0.010810290466 0.573876531891 0.0700838468019 0.212820624483 0.923329843772 4887.0 29.9525323346 12.1195474294 1.34360305572 648.373345448 675.523742716 641 726 47.7013738457 3.16757512997 0.188607329581 275.065089431
CATLIN micro 43636.0 634 264319.078854 0.21487619272 0.0176 0.111817670867 0.273037225363 -0.00888754764778 0.6213179166 0.0854333028075 0.27651480429 0.910552362988 12066.0 35.8373819782 20.6775279017 0.732132542621 744.592008106 700.485965889 737 793 59.2494816119 3.03505657768 0.245039369388 53.4695412454
CATLIN micro 62230.0 1026 154789.344854 0.204993334431 0.0232 0.109701161271 0.262835284687 -0.00560006310774 0.6568789909 0.09175766026 0.167989715571 0.958055401359 10454.0 23.1576410092 19.8199439592 0.817571650085 1248.30482754 1245.37697184 1257 1369 92.8560413915 4.11289346522 0.148877009132 2687.06740975
CATLIN micro 33332.0 546 92340.0527741 0.226657530024 0.0389 0.118025040839 0.23987388067 -0.00976556471114 0.623603932908 0.0916040113083 0.120814832593 0.952872078642 4027.0 20.8538341534 8.62505129268 1.08068030449 609.812133419 602.976687383 640 666 52.3320245989 2.99062497708 0.107069357638 587841.458637
CATLIN micro 43639.0 344 534979.119593 0.182738012531 0.0293 0.102282731297 0.242830247853 -0.0179374137655 0.572509407996 0.0796711224727 0.242489516258 0.90073644447 10582.0 38.9697289122 11.0352544427 0.548332425611 376.219916411 387.581943483 393 406 32.1049627486 1.64672488128 0.214899646819 111.143742806
CATLIN micro 118268.0 897 1382970.24484 0.174756215821 0.0124 0.105076240559 0.168611854813 -0.00669289664648 0.526690658621 0.0389613883502 0.250980823215 0.910294838483 29683.0 33.7335543004 19.6469330922 1.24215262217 1064.44851482 1109.76353932 1119 1195 76.7076756411 2.60830765958 0.222423633809 90.3261256665
CATLIN micro 128738.0 573 3053138.951 0.14476786296 0.0163 0.0925963349659 0.188442281016 -0.0119138984573 0.525092973622 0.0473302824447 0.278068635523 0.892881862834 35798.0 36.591371623 16.2226773494 0.951792048076 630.22587804 652.29577336 673 687 48.6165753573 1.59698649316 0.246414791428 52.0000976602
CATLIN micro 41226.0 586 231174.488177 0.229291259858 0.021 0.116403362264 0.264118587809 -0.00922866743486 0.601910612698 0.0775172101904 0.217702420802 0.918722779751 8975.0 36.2125842915 14.7770134021 0.726332521065 701.976839171 645.311412941 681 738 55.049371077 2.88610426468 0.192933674539 231.503416726
CATLIN micro 32782.0 181 1109768.41424 0.154260351358 0.0289 0.0995450606834 0.150409991199 -0.035044671794 0.443684917386 0.0502176269689 0.362027942163 0.808594577719 11868.0 52.574583613 8.90606979154 1.33790338844 235.446105298 229.253805508 231 259 17.3116292664 0.999679650964 0.320133569976 17.8746640103
CATLIN micro 97781.0 1008 411370.386271 0.187524048798 0.0224 0.106593474056 0.206681267241 -0.00586953542919 0.601851686012 0.0627757616258 0.124154999438 0.955681442608 12140.0 22.4849408372 13.0803628973 1.04942891998 1208.25510922 1191.82456088 1230 1330 87.6377237905 3.22354171656 0.110029503431 327998.408731
CATLIN micro 156754.0 618 3226788.96126 0.142660731561 0.0196 0.0920304463719 0.169627028403 -0.0111152695329 0.523694424472 0.0452973028789 0.167746915549 0.91735698463 26295.0 33.2572055578 11.6739280225 0.97541198019 716.07905706 721.66199257 741 788 51.5781364219 1.56091465882 0.148661833215 2733.53559865
CATLIN micro 64.0 22 16.9437229437 0.636707981874 0.3435 0.250819101712 0.600852272727 -0.109338864668 0.821854741501 0.556409063073 0.296875 0.86767578125 19.0 45.3125 3.106322581 1.49512806147 32.1587301587 42.0294117647 33 39 5.04943264311 2.75 0.263047544867 38.232132336
CATLIN micro 362915.0 1441 5732057.40856 0.148823611196 0.011 0.0963299692571 0.146363709696 -0.00455116247137 0.527394402689 0.0314791224582 0.167898819283 0.936635533696 60933.0 27.3744540733 18.3891353168 1.20955269084 1819.89317231 1790.61659264 1802 1992 112.483093035 2.39200190616 0.148796454393 2704.34809533
CATLIN micro 36929.0 319 325894.815619 0.181334944346 0.0396 0.10648956783 0.175306321518 -0.0185654355709 0.549182893937 0.0714335452279 0.184055891034 0.920872923462 6797.0 28.3841967018 7.72123037419 1.2197170814 393.030173676 382.667090044 392 430 30.237471324 1.65999549444 0.163115286119 992.353409979
CATLIN micro 88575.0 858 1360903.92755 0.207774621653 0.0078 0.114445339154 0.160404421996 -0.00641328742366 0.471759432545 0.0270767014103 0.358408128704 0.850177292374 31746.0 43.3971210838 23.9017172967 1.24890123309 1104.83383695 1093.32104522 1091 1215 75.2308393142 2.88291413391 0.317000072829 18.4766033443
CATLIN micro 85806.0 882 620225.480136 0.187140469611 0.015 0.110254252555 0.167643954302 -0.00648102213883 0.536727948796 0.0421102749428 0.205475141598 0.924651468363 17631.0 30.2904225812 16.1909609354 1.3268596094 1278.97236833 1246.87531754 1176 1362 77.5538804471 3.01099307458 0.182097589667 364.257776296
CATLIN micro 4629.0 181 20291.8902394 0.269283219729 0.0314 0.133116505982 0.272335468563 -0.0260360322996 0.555920745173 0.0944025117892 0.391445236552 0.824015858769 1812.0 50.291639663 11.2598802354 1.26171106142 254.714037605 256.464710574 244 281 21.3267712823 2.66032676903 0.34533716842 14.0521086444
CATLIN micro 26244.0 111 3375831.32039 0.182630143533 0.0164 0.116973348457 0.0846185691865 -0.0484779187015 0.216792728667 0.0161449715371 0.710676726109 0.451836328602 18651.0 91.6399939034 9.39438967646 1.98293286078 163.183806591 160.979463879 153 179 10.8106061047 0.685185185185 0.57444392851 4.44025993622
CATLIN micro 504917.0 802 49942583.6483 0.134676313188 0.0079 0.0878537052202 0.141374390083 -0.00897793471558 0.453265455904 0.0246175682767 0.368133772481 0.841838451673 185877.0 44.0163432802 23.0719337692 0.715148096466 899.479867858 894.268133706 912 961 60.9953465624 1.12866321709 0.325404532723 16.9351674037
CATLIN micro 41821.0 406 350415.627106 0.163354335362 0.0295 0.0999472695727 0.212533465698 -0.0155594530919 0.573219371149 0.0747638152385 0.226512995863 0.916394206978 9473.0 32.5243298821 11.7695390562 1.04760866896 504.771592539 515.983063659 514 564 38.0597822744 1.98531227124 0.200741706349 173.952733449
CATLIN micro 240899.0 1036 1743924.85622 0.136590376145 0.0301 0.0887907234136 0.201785674417 -0.00687581030342 0.622232582385 0.0716970528793 0.0985599774179 0.967932046763 23743.0 16.1258452713 10.9014980746 0.817136904006 1199.24296839 1204.34603846 1229 1309 83.5207301978 2.11077653125 0.0873465057598 139515373.926
CATLIN micro 72363.0 626 359570.042799 0.184502654731 0.0359 0.103800771279 0.235586280723 -0.00971029770301 0.631715374736 0.0918886708883 0.133065240523 0.955485453513 9629.0 22.1812252118 10.5890542109 0.804515461571 690.72816722 682.440951447 715 744 55.856183974 2.32710538703 0.117925998994 84731.235143
CATLIN micro 126206.0 623 2178190.71057 0.156575574715 0.0185 0.0973848162699 0.164432076183 -0.0104110530961 0.512922005125 0.0420000679262 0.156236629003 0.913334686664 19718.0 29.4906739775 11.1614416558 1.07826499002 702.854035869 727.905094846 747 776 52.9556814675 1.75367069824 0.138461107365 6732.73263924
CATLIN micro 115161.0 582 3500512.63225 0.154453724573 0.0111 0.0956881671093 0.170660447852 -0.0113451701332 0.470763116198 0.0327493331717 0.346679865579 0.844927144837 39924.0 49.2093677547 17.9464700286 0.934990937075 750.046572014 757.294885086 732 816 49.8537576134 1.71502427254 0.306807459583 20.6956720431
CATLIN micro 120908.0 757 1204619.2257 0.178132161871 0.0208 0.102249304499 0.209335327025 -0.00815392692701 0.583519651411 0.061989422968 0.185190392695 0.936382802484 22391.0 30.1493697687 14.7907591176 0.857817925154 846.189926857 814.009849297 857 902 64.6000064745 2.17704978591 0.164120711959 933.360851931
CATLIN micro 154734.0 871 1989941.3585 0.159708447242 0.0156 0.0975694260744 0.182923430969 -0.00743239965146 0.551504394753 0.0469249534433 0.209326974033 0.926543615234 32390.0 30.4535525482 16.8689714197 0.992903299196 975.292171985 996.721697948 1032 1070 72.8066202722 2.21424299153 0.185511177176 313.314894048
CATLIN micro 1129764.0 1046 71021899.7486 0.110361779175 0.0162 0.0799965018436 0.143650588851 -0.00756803528585 0.529300181514 0.0369852507834 0.153774593632 0.940896200646 173729.0 25.2088046707 13.830596131 0.881698084655 1113.57900719 1106.77978814 1154 1177 74.9774745461 0.984096797786 0.136279185327 8373.66247919
CATLIN micro 6061.0 380 9926.91306069 0.348485427685 0.0251 0.1640396939 0.257729747566 -0.00998582889088 0.585309435739 0.0827368224993 0.280976736512 0.894953116614 1703.0 37.386569873 13.8225205412 1.81019996281 565.354322483 589.674433814 541 633 43.5150513207 4.881029749 0.248988600993 49.4108376297
CATLIN micro 246038.0 987 3076654.02675 0.136841792344 0.0198 0.0892317128794 0.193953684785 -0.00718102690822 0.587461731327 0.0572188896333 0.161259642819 0.948873736639 39676.0 24.1531795901 15.561607702 0.866260236411 1124.10694024 1134.83855659 1167 1230 79.4313087286 1.98983038646 0.142912637454 4442.02735216
CATLIN micro 130624.0 607 2134799.33279 0.149211543982 0.0213 0.0940135638565 0.189497937463 -0.0110745906963 0.550603346085 0.0545788378348 0.2069527805 0.922532563131 27033.0 32.1395761881 13.3008650531 0.965957213645 669.264627614 676.15640623 707 728 51.442782241 1.67948914695 0.183407109767 343.488943131
CATLIN micro 81767.0 717 647546.547244 0.188214188158 0.0197 0.106944016464 0.192442266174 -0.00822417112697 0.551108173201 0.050937712629 0.168760013208 0.929258266565 13799.0 31.6606944122 12.9604974218 1.07270123816 911.200848334 846.705959454 877 972 63.2976911502 2.50743754056 0.149559667637 2545.98335804
CATLIN micro 47878.0 834 134356.894827 0.214346377442 0.024 0.114293495094 0.238354017901 -0.00660679960032 0.629491684518 0.0816327765089 0.166005263378 0.949977003999 7948.0 27.6076694933 16.116850776 1.03385814575 1011.93920038 1008.91564936 1031 1120 77.2984595735 3.81151866138 0.147118334168 3097.73786276
CATLIN micro 301689.0 1093 12164177.4383 0.167687276583 0.0062 0.0972818965317 0.201199421699 -0.00594058209412 0.501800533774 0.0297432911167 0.354931734336 0.853141023461 107079.0 46.1882932424 27.2906118828 0.499761838248 1188.23902536 1176.9900374 1215 1260 86.548850571 1.98994202663 0.313985024064 19.0892952752
CATLIN micro 11708.0 465 34526.3753986 0.317756935952 0.0181 0.149868077795 0.228341801029 -0.00896581836127 0.529000802254 0.0533798269847 0.235223778613 0.880979328563 2754.0 43.3037239494 12.1663103228 1.5940352862 648.388212516 655.286528166 633 725 49.5301697907 4.29745755555 0.208461109996 134.880006486
CATLIN micro 100746.0 821 916725.33242 0.174069401365 0.0162 0.105138960214 0.165917710639 -0.00730801588778 0.539543636281 0.0443423485116 0.215750501261 0.924719627826 21736.0 30.0845691144 16.577819564 1.25639532159 1071.39209577 1100.09675001 1062 1188 71.1783449688 2.58659986824 0.191203847039 247.708191755
CATLIN micro 25783.0 374 97099.1838755 0.181077733744 0.0468 0.104925022191 0.240308095891 -0.0160757744596 0.628831142833 0.108541613085 0.163634953264 0.942843642151 4219.0 25.9783578327 9.15864146492 1.02160498826 460.860511763 467.235238518 470 514 36.7217404073 2.32918979098 0.145017701526 3695.04312589
CATLIN micro 92494.0 472 944460.367969 0.143785160811 0.0392 0.0934648958254 0.177312692385 -0.0143269413766 0.571975550201 0.0697238412119 0.119196920881 0.945884447472 11025.0 21.2759746578 7.40705933104 1.08273514454 596.674245113 585.496424924 588 651 41.189694607 1.55197677536 0.105635520716 793380.563873
CATLIN micro 33291.0 350 296374.252714 0.188889913091 0.0297 0.114534536366 0.149163780859 -0.0157092043391 0.505947419589 0.0526405815331 0.205521011685 0.903814801633 6842.0 32.5823796221 8.55859080728 1.60411306614 495.261506244 508.022160665 474 546 33.5156611898 1.91824742537 0.182138240881 363.588180128
CATLIN micro 248552.0 722 7143912.90306 0.131064287104 0.0163 0.0886413989931 0.158992006355 -0.00988295885252 0.520191571901 0.0411779448971 0.207192056391 0.915239757886 51498.0 33.0510315749 14.2983905569 1.03061579069 874.014034417 847.26662478 873 950 58.0356080433 1.44820007797 0.183619161908 340.275928134
CATLIN micro 620269.0 864 33666582.5806 0.120123508364 0.0151 0.0833860358604 0.157793427574 -0.00878576164893 0.520377957698 0.03793310187 0.184832709679 0.923324732122 114646.0 30.3902016706 14.4216021134 0.854932813524 930.887525055 928.110616364 965 991 64.7027978792 1.09704313551 0.163803723666 951.463010793
CATLIN micro 81959.0 471 589798.844568 0.168241855316 0.0489 0.0977984905481 0.251644490362 -0.0137117137531 0.641389611328 0.108115076364 0.0998670066741 0.956609327939 8185.0 19.4499688869 7.62709534694 0.598803092993 502.775035582 500.38173595 519 532 41.5415470579 1.64521470164 0.0885048302789 91432991.1094
CATLIN micro 1041678.0 1108 85495173.8983 0.112081400006 0.0102 0.0804044400757 0.147241943423 -0.00710791932635 0.504841196147 0.0302038971731 0.238977879921 0.911876236912 248938.0 34.0121419479 20.5217232183 0.848916982838 1170.75309668 1185.57087043 1233 1235 79.8912068973 1.08560794831 0.211787851671 121.802532266
CATLIN micro 144004.0 1373 320653.69105 0.174108499811 0.0332 0.102290501875 0.206180892685 -0.00449380438862 0.649889633266 0.07903119177 0.0698591705786 0.978056755448 10060.0 12.6107608122 10.6708218028 1.00411950915 1741.86761341 1674.89155312 1700 1883 115.511586594 3.61812243816 0.0619110779565 1.16464052535e+15
CATLIN micro 28025.0 232 630584.491249 0.193198188516 0.0227 0.115176809 0.130646436371 -0.0235641705534 0.407081932472 0.0354208407372 0.275289919715 0.810223775923 7715.0 54.4656556646 8.37806514986 1.62181112087 329.234238784 337.238521498 312 360 22.5567164145 1.38584664333 0.24395503123 54.672980727
CATLIN micro 17002.0 452 46162.6585758 0.267774416796 0.0298 0.125473810462 0.338936179294 -0.0110793309661 0.676134000503 0.136156174474 0.250441124574 0.925765253494 4258.0 30.5258204917 17.1821872534 0.665360096274 489.202188107 490.469599286 515 526 46.2987379246 3.46647784513 0.221945443112 91.4737654974
CATLIN micro 45512.0 482 520789.920291 0.227627316104 0.0169 0.115084604874 0.269298544399 -0.0113513787919 0.567169263269 0.0670398848257 0.281705923712 0.876989254171 12821.0 47.3721216382 15.1034206596 0.5277458872 526.63866197 512.667911554 538 560 44.8454269698 2.25935293611 0.249633881947 48.7925762478
CATLIN micro 90029.0 942 1354418.1154 0.198897651059 0.0067 0.109007203261 0.197068936905 -0.00613903875981 0.498023169359 0.0311151218605 0.374723700141 0.841693182682 33736.0 46.1284697153 26.2643395529 0.945750695543 1195.59351447 1170.62662244 1176 1303 82.4867909484 3.13949423333 0.331071460717 16.0166164762
CATLIN micro 263720.0 1129 4210855.63267 0.150515534416 0.0128 0.0975403837547 0.142701417761 -0.00573567591502 0.516733628327 0.0326193157061 0.180919156681 0.930818567189 47712.0 28.4028515092 16.3997222803 1.25639613168 1412.67888723 1460.54744962 1435 1577 90.3654763444 2.1984794395 0.160335427825 1182.23891886
CATLIN micro 45302.0 732 493244.023002 0.222719659813 0.0077 0.115809563093 0.221399289239 -0.00742671333172 0.504550263721 0.0367712869325 0.39475078363 0.822944925948 17883.0 52.6356452254 23.197899087 0.926379201818 976.566802096 955.949271887 937 1057 68.1832609988 3.43916009677 0.348136236349 13.7160855586
CATLIN micro 146367.0 1033 1522549.88226 0.175543968529 0.013 0.107288577089 0.145777401792 -0.00568967236568 0.512336031021 0.0329585576999 0.180662307761 0.925687896336 26443.0 29.7273292477 15.5147557302 1.39245391955 1408.67730716 1418.66500938 1363 1549 86.7673673776 2.70009307999 0.160107801404 1199.76474759
CATLIN micro 198979.0 968 1884678.2553 0.145585906568 0.022 0.0919411262959 0.206698091484 -0.00710330973422 0.596406373932 0.0613923212692 0.138547283884 0.952936069731 27568.0 21.7118389378 13.4931027083 0.849383787634 1097.56893311 1104.06341163 1140 1199 79.2560938091 2.17005996764 0.122784333427 41642.5561561
CATLIN micro 107819.0 921 209691.673724 0.161742335332 0.0614 0.0970645482928 0.240124754058 -0.00706604141051 0.693947922978 0.122865171221 0.0412357747707 0.982319179431 4446.0 8.05887645035 6.65845234722 0.845137411272 1030.18411125 1035.28176217 1074 1121 79.3910418915 2.80486511124 -0.0365442538937 -5.57426884202e+40
CATLIN micro 21945.0 800 23553.4295604 0.262369081229 0.031 0.12725130809 0.306761790841 -0.00617005958082 0.689175600746 0.124117968073 0.164046479836 0.959672230972 3600.0 23.2262474368 17.5773598403 0.995859899645 988.945848466 999.2707664 1013 1107 79.9296171034 5.40035356597 0.145382407454 3581.7832683
CATLIN micro 25133.0 615 32229.3437568 0.213381139587 0.0493 0.117759803222 0.237883791562 -0.0086898979925 0.660179954845 0.111348605685 0.0825607766681 0.967046091857 2075.0 16.3291290335 8.17018787758 1.24750427731 878.477149981 875.490371333 824 951 60.600455751 3.87929628169 0.0731675832696 134359528576.0
CATLIN micro 11343.0 177 150277.850732 0.198824527848 0.0267 0.112529274802 0.218154405689 -0.0316289659475 0.48538381895 0.0644019075082 0.423961914837 0.788784048865 4809.0 54.5005730406 10.8018332255 1.21531123229 240.197060821 235.527927481 232 264 18.851037627 1.66191688523 0.372531012246 11.3055971662
