CATLIN micro 21423.0 121 615769.697521 0.174168394177 0.0488 0.105649607627 0.192951269258 -0.0493417005892 0.499652878613 0.0831808608128 0.335900667507 0.830730677928 7196.0 47.9904775242 6.90399256733 1.29495859254 121.0 121.0 121 93 12.0334283945 0.826694839103 0.297392454704 23.1771143126
CATLIN micro 20244.0 76 2372089.83579 0.163466097335 0.0294 0.102906395747 0.168541166193 -0.0806897473894 0.350667471748 0.0475472610499 0.657429361786 0.552732156722 13309.0 74.9160245011 8.16381118337 1.35398626837 76.0 76.0 76 55 7.56382832415 0.53415269998 0.541652795129 4.92781692916
CATLIN micro 32484.0 142 1133895.75787 0.174914058839 0.0444 0.104273703352 0.203489995508 -0.0426097242349 0.525805666535 0.0889509291566 0.348848663958 0.84144358051 11332.0 45.1052826007 8.53312169472 1.18918823136 142.0 142.0 142 129 13.572696742 0.787868239312 0.308696602446 20.2512387822
CATLIN micro 1184409.0 1194 165157078.256 0.143722496077 0.0059 0.0932517097898 0.116846357031 -0.00567671695684 0.422128685183 0.0158439011124 0.286143553452 0.858708438532 338911.0 50.0978124955 22.078585274 1.12573960645 1194.0 1194.0 1194 1006 85.3071823478 1.097118346 0.253560063612 45.2745331824
CATLIN micro 94571.0 925 309848.853029 0.227041574219 0.0327 0.116758251396 0.266970532936 -0.00582831205378 0.681824724343 0.112868396617 0.143542946569 0.966907428016 13575.0 19.6392128665 17.1381652369 0.956867775512 925.0 925.0 925 793 80.6486374107 3.00789548693 0.127211624208 23307.9135649
CATLIN micro 39907.0 313 545395.096953 0.217800429093 0.029 0.116162364091 0.220862386839 -0.0173146091869 0.555814685582 0.074940663839 0.27614203022 0.889956800851 11020.0 37.6149547698 11.5300891889 1.1643723701 313.0 313.0 313 256 29.4497789456 1.56682249109 0.244709376861 53.8314864544
CATLIN micro 97105.0 836 470721.768975 0.219087745363 0.0279 0.118202510291 0.216509098694 -0.00636818935199 0.616861694132 0.0748193800138 0.144359198805 0.95712000184 14018.0 20.5983214047 12.9984927337 1.28221245943 836.0 836.0 836 668 72.7127181743 2.68278260132 0.127935008918 21315.2776666
CATLIN micro 8907.0 157 89833.2228483 0.303223303862 0.0348 0.149205754265 0.206974547322 -0.0266771493765 0.484160563342 0.067728178624 0.275401369709 0.81698666115 2453.0 54.5975075783 7.18295219857 1.85981634414 157.0 157.0 157 114 17.1530495161 1.66354259805 0.244053696443 54.5617864467
CATLIN micro 277927.0 1403 2550232.02596 0.195494746638 0.0152 0.106560477696 0.244094499235 -0.00421835954232 0.638045035221 0.0719335365823 0.183688522526 0.952999474667 51052.0 24.0779053492 24.9916758357 0.807059710602 1403.0 1403.0 1403 1257 111.845813761 2.66129060765 0.162789714278 1012.47444718
CATLIN micro 29526.0 700 25193.449671 0.285248553216 0.066 0.133005003542 0.341633136896 -0.00673798572286 0.749512123553 0.192639336611 0.0838582943846 0.978371232577 2476.0 15.877531667 10.5408254781 1.00378367812 700.0 700.0 700 572 67.9100553481 4.07376274608 0.0743174784062 66419533686.5
CATLIN micro 70135.0 381 955064.259152 0.207385165101 0.0344 0.113860345558 0.182246686976 -0.0145183432704 0.542753419318 0.063593465574 0.140058458687 0.923593979853 9823.0 26.7427104869 7.3556164321 1.24876066929 381.0 381.0 381 319 34.055741542 1.438658033 0.124123577226 34718.6279649
CATLIN micro 23713.0 289 102759.271602 0.22272110354 0.0617 0.115164075448 0.30340299227 -0.0189187039075 0.677958798476 0.15833386535 0.185214861047 0.943908928053 4392.0 26.1291274828 9.65168731509 0.901680017527 289.0 289.0 289 244 28.5890735322 1.87674208139 0.164142396469 932.138717097
CATLIN micro 25254.0 332 104872.472937 0.251651483707 0.0524 0.12540718614 0.278405377271 -0.0150921332583 0.656689134713 0.133681205891 0.181040627227 0.942559102802 4572.0 27.0214619466 9.75187664069 1.1379793289 332.0 332.0 332 290 32.6534966163 2.08916622279 0.16044307829 1174.06384765
CATLIN micro 394032.0 726 16544582.9632 0.144970525742 0.0175 0.0926031083805 0.179065730954 -0.00940242061948 0.550682519657 0.0505161991752 0.231740061721 0.921366833856 91313.0 31.5520059285 17.0911500695 0.980452635823 726.0 726.0 726 642 56.2705258243 1.15656720675 0.205373909721 148.863280637
CATLIN micro 99186.0 451 1862203.80319 0.181798881127 0.0254 0.105153766683 0.200176264058 -0.0133015979004 0.554451839 0.0636042454423 0.222954852499 0.912602443304 22114.0 32.2353961245 11.7029196723 1.09690585419 451.0 451.0 451 387 39.1142715606 1.43202748582 0.197588454953 194.515323529
CATLIN micro 199226.0 771 4128437.19345 0.18257611487 0.0159 0.106558563862 0.170542847773 -0.00767635116167 0.532563857163 0.0434777932097 0.21271821951 0.918611861399 42379.0 31.6424563059 15.1602124481 1.21709286485 771.0 771.0 771 645 63.1033999465 1.72735408087 0.188516576064 276.093848704
CATLIN micro 13541.0 153 228478.856897 0.237004318513 0.0334 0.124054184193 0.218746455331 -0.0331154793631 0.494224075075 0.0724677107374 0.326859168451 0.80406049605 4426.0 61.1550107082 8.17913044578 1.34181989167 153.0 153.0 153 115 15.9773333793 1.31481927392 0.289466286546 25.6764010197
CATLIN micro 2419.0 97 4214.30863402 0.348341637846 0.1298 0.150911492296 0.398852725204 -0.0426719891499 0.722824217106 0.273908623052 0.212071103762 0.920551285375 513.0 33.8156262919 5.49877479258 1.10197139211 97.0 97.0 97 81 12.3217367012 1.97221292245 0.187943087851 282.716687384
CATLIN micro 14904.0 243 69466.5041322 0.244156198662 0.0516 0.124937725825 0.280327428878 -0.020699221788 0.642911604176 0.137095047136 0.237184648417 0.920204076172 3535.0 33.0716586151 10.2951818645 1.19431738228 243.0 243.0 243 193 25.1837138598 1.99046640809 0.210198768213 127.813799181
CATLIN micro 145684.0 576 4154063.08285 0.219640169299 0.0152 0.122898715939 0.124480277328 -0.00888112140728 0.452820486466 0.0291857484277 0.2131393976 0.885721218036 31051.0 38.0693830482 11.8227516774 1.7327132765 576.0 576.0 576 476 48.3632400434 1.50909491181 0.188889833215 271.895728344
CATLIN micro 26632.0 342 96569.2150709 0.238814769716 0.0592 0.121282863558 0.282092817154 -0.0151619646267 0.671249930353 0.144370067566 0.134499849805 0.950647431102 3582.0 26.2729047762 8.57831495055 1.07016558517 342.0 342.0 342 292 33.4646115065 2.09567636272 0.119197388366 69790.0047662
CATLIN micro 29348.0 676 111596.41485 0.351757804876 0.0166 0.153175238979 0.297467121738 -0.00602905275404 0.620292552786 0.0828696839653 0.257632547363 0.911063222958 7561.0 38.3535504975 18.9817791516 1.31807533343 676.0 676.0 676 575 65.616927515 3.94600326936 0.22831688306 77.7545931407
CATLIN micro 57413.0 197 2211608.57376 0.148088377292 0.0372 0.0933074926515 0.217990301105 -0.0343852250129 0.55704303561 0.0916946165702 0.337832894989 0.863418376603 19396.0 40.7590615366 11.0793625283 0.914601738953 197.0 197.0 197 165 17.886433134 0.822169015571 0.299083096951 22.6959381147
CATLIN micro 2756.0 156 3106.37849462 0.397560773497 0.0918 0.167817660071 0.397798742138 -0.023751550221 0.72058334357 0.239017785239 0.203555878084 0.930198737785 561.0 29.9709724238 7.25355886942 1.341958074 156.0 156.0 156 107 19.5669131843 2.97156333926 0.180396690046 393.812497601
CATLIN micro 3174.0 143 10994.1867428 0.398059968828 0.0432 0.172575547166 0.33129315549 -0.025161732017 0.603569248771 0.133758898638 0.363579080025 0.838040569863 1154.0 51.0081915564 9.44888365342 1.66848466083 143.0 143.0 143 101 17.6118615814 2.53823937114 0.321474387003 17.6272969088
CATLIN micro 127175.0 480 2886070.45866 0.160148517907 0.0238 0.0980883206241 0.207070883297 -0.0134142302128 0.558364054678 0.0634925896064 0.227764890898 0.912441697997 28966.0 33.5223117751 12.6098772069 1.01271937146 480.0 480.0 480 398 40.7544443347 1.3459854469 0.201851137625 167.435274801
CATLIN micro 16781.0 231 95836.2299642 0.228819268939 0.0524 0.118282419734 0.289166963978 -0.0230308467209 0.630072071101 0.129779744815 0.180322984328 0.917396210888 3026.0 35.4329300995 7.96990498211 1.01610713872 231.0 231.0 231 179 23.6430858518 1.78321234145 0.159807083852 1223.4275537
CATLIN micro 9884.0 160 140005.408176 0.286219005275 0.0267 0.137915214602 0.249309490085 -0.0283973974577 0.500333621825 0.0733996610976 0.452549575071 0.765885608551 4473.0 60.2185350061 10.6929055832 1.41642122767 160.0 160.0 160 125 17.2851026972 1.60936152445 0.395747555178 9.64337784504
CATLIN micro 22796.0 129 763265.956153 0.177983637198 0.0396 0.106489268848 0.208738851233 -0.0459100068932 0.487302678382 0.0756105471692 0.312818038252 0.804243423231 7131.0 60.9668362871 7.34401233407 1.2570817687 129.0 129.0 129 105 12.7561947667 0.854398320816 0.277115727196 30.5632913905
CATLIN micro 30579.0 203 675865.044676 0.203307087306 0.0326 0.114853129931 0.197303536008 -0.0270080555054 0.508095085927 0.068683103975 0.327283429805 0.849069877148 10008.0 45.5377873704 9.51408289829 1.37679517951 203.0 203.0 203 168 19.558351551 1.16087216632 0.289838730968 25.5491684144
CATLIN micro 875240.0 758 37713536.6493 0.102985075633 0.0342 0.0753676387921 0.243818093649 -0.0110915027294 0.652637427805 0.0987444163218 0.149093962799 0.961412503765 130493.0 23.1475938028 15.0102733345 0.529505471854 758.0 758.0 758 687 55.3271436455 0.810224976529 0.132131084255 13045.6084305
CATLIN micro 144834.0 543 3630275.40444 0.168230139349 0.0193 0.0998650557659 0.208038930757 -0.0116435081881 0.554974572237 0.0589327960141 0.250535095351 0.9043594655 36286.0 36.2042061947 14.8244405823 0.963880698982 543.0 543.0 543 469 45.6100590096 1.4268048175 0.222028704602 91.2724231989
CATLIN micro 4428.0 194 6368.67378879 0.367959542363 0.076 0.158816847646 0.370233006454 -0.0202320204941 0.70466254921 0.206933412925 0.208220415537 0.932156397369 922.0 28.7037037037 8.40720572601 1.31390259653 194.0 194.0 194 142 22.9879491027 2.91539848542 0.184530518689 326.916196536
CATLIN micro 39933.0 648 92570.4047527 0.275987255086 0.0395 0.136174736789 0.243695690281 -0.00710416939422 0.641003727185 0.0964769055416 0.0912027646308 0.960897915849 3642.0 17.9450579721 8.69558806409 1.46607618836 648.0 648.0 648 514 61.0667810034 3.2427169136 0.0808263456915 2117969241.39
CATLIN micro 58806.0 599 427414.685524 0.255780831378 0.0221 0.124964539358 0.270553235883 -0.00839533123506 0.620299049407 0.086663007418 0.203210556746 0.92441984592 11950.0 36.4826718362 15.2062774906 1.00797801548 599.0 599.0 599 541 54.4527449666 2.47010834331 0.180090657497 399.465563943
CATLIN micro 6390.0 55 415871.3367 0.231347343597 0.032 0.126267474294 0.187338170437 -0.0904644995027 0.312341411304 0.0462245946802 0.749452269171 0.431832945158 4789.0 79.5618153365 7.10666506567 1.63164212056 55.0 55.0 55 44 6.16263217298 0.688037739621 0.597268939391 4.15560860105
CATLIN micro 45313.0 366 413436.978703 0.207999500102 0.0358 0.112199118897 0.240757275533 -0.0153419350831 0.596524616205 0.0899190813735 0.206099794761 0.923772970035 9339.0 29.8170502946 10.2148326101 1.03485667987 366.0 366.0 366 302 34.0442225717 1.71937131658 0.182651172811 355.278733948
CATLIN micro 27763.0 100 4854578.53848 0.211806193749 0.0158 0.118135728242 0.138062889457 -0.0532688611914 0.245133778352 0.0211333319577 0.793538162302 0.366474900965 22031.0 82.862082628 9.76915063305 1.5289180734 100.0 100.0 100 82 9.67603890856 0.600159663709 0.622254353797 3.88444745108
CATLIN micro 19741.0 367 35783.412144 0.255792848082 0.075 0.124694005771 0.324504375256 -0.0137329669512 0.708973041635 0.177071207246 0.108099893622 0.963668607294 2134.0 19.3455245428 7.2802249135 0.953378438502 367.0 367.0 367 289 37.005382979 2.61205002422 0.0958010363668 8932086.10773
CATLIN micro 46423.0 513 364684.516067 0.254047695318 0.022 0.124415705467 0.265753695812 -0.00984710700403 0.608232663456 0.0849653188472 0.261982207096 0.911410196168 12162.0 34.4204381449 16.5742335903 1.01911306113 513.0 513.0 513 447 47.6476295271 2.38095267842 0.2321700678 70.8790404374
CATLIN micro 44049.0 406 212279.050593 0.208631649071 0.0527 0.111326896278 0.28106686385 -0.0139410406114 0.666929280262 0.133127016751 0.15673454562 0.953228139237 6904.0 22.0027696429 9.86598009691 0.916334018207 406.0 406.0 406 344 37.8750402986 1.93445221772 0.138902374477 6449.84218027
CATLIN micro 25345.0 303 189917.249055 0.238738191642 0.0356 0.125027703435 0.231392395503 -0.0165881068802 0.572647705335 0.0839829607968 0.205523771947 0.907412971851 5209.0 34.4209903334 8.87496252939 1.36342528401 303.0 303.0 303 234 29.7820484091 1.90325281463 0.182140687094 363.54793916
CATLIN micro 27964.0 123 751173.147274 0.165921334571 0.0649 0.108598203567 0.15027160356 -0.0471966259046 0.507845038937 0.0862067821661 0.215133743384 0.874677019502 6016.0 37.9058789873 4.76285487962 1.67746173339 123.0 123.0 123 95 11.9156063534 0.735538593063 0.190657263987 253.149179368
CATLIN micro 132521.0 536 2990171.40178 0.179469653456 0.0201 0.10409305863 0.194111068513 -0.0113083416557 0.535456846275 0.0522057989269 0.223292912067 0.907042282361 29591.0 34.3062608945 12.5760650721 1.06791707261 536.0 536.0 536 446 45.3601393181 1.4723885703 0.197888046769 192.421323196
CATLIN micro 89991.0 469 1707630.59845 0.191455678891 0.0211 0.108018886828 0.209543674102 -0.0124454785753 0.550351101015 0.0609353145691 0.262048427065 0.899184967014 23582.0 38.5271860519 14.0860654031 1.10087798648 469.0 469.0 469 396 41.0257670994 1.56341150586 0.232228725644 70.7814246502
CATLIN micro 18120.0 462 57694.0465955 0.320121700556 0.026 0.144929899191 0.305747398297 -0.00934297878533 0.641470774152 0.108898821504 0.244370860927 0.916829805223 4428.0 37.3730684327 15.2598016189 1.25626217065 462.0 462.0 462 359 47.0179234934 3.43212327848 0.216566737137 105.975587693
CATLIN micro 9122.0 366 8941.457145 0.359529663168 0.0651 0.155548514418 0.365998612614 -0.0109589342088 0.722955316752 0.192689456604 0.136154352116 0.95804654593 1242.0 22.2648541986 8.97041757643 1.25388161878 366.0 366.0 366 274 40.0287577243 3.83209309826 0.120663652863 56207.7650244
CATLIN micro 58929.0 220 1744632.46864 0.152372327788 0.0397 0.0957032682644 0.211497503159 -0.0300083239901 0.565990725903 0.092115739385 0.293760287804 0.885429913923 17311.0 39.3015323525 10.4528679906 1.02021067517 220.0 220.0 220 184 19.9379309297 0.906271129433 0.260295082056 40.0889723135
CATLIN micro 41854.0 372 346287.641394 0.222519098874 0.0354 0.120858566405 0.199476701139 -0.0139893641789 0.56458956352 0.0734998161552 0.146270368424 0.923972493916 6122.0 28.8574568739 8.09553769877 1.41747562888 372.0 372.0 372 285 34.8620559398 1.8183373305 0.129628738893 17387.5232493
CATLIN micro 281949.0 657 9514708.07313 0.151675390132 0.019 0.0951727835578 0.182042735116 -0.0101053090542 0.547975338241 0.0518155465864 0.220419295688 0.919961925683 62147.0 32.0987128878 14.856757514 1.02322871882 657.0 657.0 657 570 52.2730760561 1.23731446535 0.195341412831 211.269846921
CATLIN micro 859054.0 923 61113070.3843 0.132024482038 0.014 0.0883234324973 0.163284864176 -0.00775895848929 0.532741542986 0.0401209032035 0.221728785385 0.922563929703 190477.0 30.6780481786 18.0777691851 0.982283460876 923.0 923.0 923 849 67.4786200551 0.995844361771 0.196501900211 202.379177483
CATLIN micro 30413.0 422 130691.764862 0.269462061334 0.0383 0.128142087382 0.307227531006 -0.0116132704988 0.664180211554 0.129267919033 0.205076776379 0.938144738846 6237.0 29.8753822379 13.2242941872 0.969289743592 422.0 422.0 422 375 40.7841980661 2.4198186522 0.181744548461 370.142757385
CATLIN micro 45606.0 187 782744.233397 0.151364369841 0.071 0.0943393701781 0.232114711429 -0.0358220278134 0.62043839824 0.132669972534 0.194404245055 0.924653886824 8866.0 32.4058237951 6.85362241463 0.904439303761 187.0 187.0 187 160 17.3381396203 0.875650127163 0.172286274198 588.487788556
CATLIN micro 6598.0 267 4041.43907522 0.334869341644 0.1317 0.148962510555 0.379121808561 -0.0157131402171 0.760155923813 0.259052650921 0.061988481358 0.971560590297 409.0 11.9278569263 4.34571009107 1.17599419355 267.0 267.0 267 199 30.2461014348 3.28704088338 0.0549358612474 6.21554953127e+18
CATLIN micro 147992.0 694 1972447.66574 0.188524595174 0.0226 0.108853167326 0.182688744138 -0.0083448414064 0.563098250869 0.0559992314293 0.17635412725 0.936147919209 26099.0 26.4723768852 12.5909773148 1.25880251486 694.0 694.0 694 579 58.2112587514 1.80401585768 0.156289775928 1549.58645581
CATLIN micro 9273.0 185 34701.0442421 0.28643214083 0.0679 0.144019984712 0.231746920003 -0.0234848104786 0.597321253214 0.117425648544 0.140191955139 0.920340595662 1300.0 26.2482476006 4.86194868557 1.74104649152 185.0 185.0 185 140 20.1426135776 1.92115143051 0.124241885376 34174.6128357
CATLIN micro 62568.0 382 840744.402221 0.192855370423 0.031 0.109221781703 0.207672021427 -0.0151083451344 0.577504291361 0.0787010068993 0.230661040788 0.915557500342 14432.0 32.598133231 11.6308311555 1.15941928863 382.0 382.0 382 322 34.4983412792 1.52716944567 0.204417693073 153.607332056
CATLIN micro 37929.0 351 162571.902125 0.191918049103 0.0672 0.107095462736 0.271457489286 -0.0167755923294 0.678447966269 0.14947459347 0.118906377706 0.957598787953 4510.0 23.3014316222 7.99118312624 0.939866686132 351.0 351.0 351 285 33.1958982993 1.80227650079 0.105378033531 838328.704174
CATLIN micro 41594.0 573 127447.843744 0.252495061203 0.0398 0.123635833879 0.297389054889 -0.00887304300976 0.670024978292 0.121459054349 0.124465067077 0.956117456438 5177.0 24.8665672934 11.2823417907 0.967300782028 573.0 573.0 573 478 53.7810766925 2.80956625611 0.110304293722 311420.357762
CATLIN micro 27081.0 300 161400.458629 0.220464575824 0.0482 0.117616033545 0.256280787268 -0.0178365709004 0.632094870779 0.119711987921 0.21099663971 0.930863535664 5714.0 28.7618625605 10.2714961686 1.16895717253 300.0 300.0 300 250 29.2948054861 1.82300939208 0.186990873634 294.195714646
CATLIN micro 965730.0 1036 74352814.5444 0.136961234536 0.0116 0.0893158021094 0.163976533726 -0.00683485752175 0.518444194929 0.0343810484776 0.213944891429 0.916521000519 206613.0 35.2038354405 18.3475802149 0.900133962582 1036.0 1036.0 1036 952 75.105367546 1.05422156058 0.189603678972 264.104613071
CATLIN micro 5304.0 245 3941.04841084 0.383565714346 0.1067 0.160121658371 0.406967402346 -0.0158843071201 0.760215859417 0.264369388563 0.121229260935 0.961736595961 643.0 21.7571644042 6.83125535792 1.15053673521 245.0 245.0 245 197 28.4507741955 3.36406459783 0.107436635193 545399.811727
CATLIN micro 14929.0 121 339665.687603 0.204241984761 0.0432 0.11190952657 0.238576092125 -0.046528790704 0.512810213567 0.0891414693035 0.305244825507 0.80885331615 4557.0 60.359032755 7.13754938581 1.10128544493 121.0 121.0 121 98 12.4856143495 0.99030737036 0.270437925689 33.8652665342
CATLIN micro 58060.0 662 457338.701921 0.252716479893 0.0166 0.128188488152 0.226650834172 -0.007400267896 0.579746453333 0.0638274152858 0.269600413365 0.908811542195 15653.0 35.206682742 19.3400058894 1.34705993055 662.0 662.0 662 549 60.2594589743 2.74738468944 0.238917397821 60.839719894
CATLIN micro 207418.0 698 13918927.8795 0.213008914856 0.0063 0.111920001089 0.195558276477 -0.00806510853139 0.433316806878 0.0230591590391 0.436514670858 0.773067786039 90541.0 60.8274113144 21.6354934162 0.865384889383 698.0 698.0 698 643 56.9328561903 1.53261192873 0.382809856961 10.5089235866
CATLIN micro 63538.0 499 512297.273978 0.213037707013 0.0307 0.117689143745 0.203760348927 -0.0107165737114 0.589241751194 0.0760835366858 0.168056910825 0.934800760785 10678.0 30.2118417325 10.8746249489 1.36609008381 499.0 499.0 499 413 45.0295943537 1.97962885508 0.148936559375 2674.38053072
CATLIN micro 39058.0 191 1537417.24073 0.20712588887 0.0266 0.118636967796 0.142093956658 -0.0277688685004 0.426684548928 0.0442280544446 0.352168569819 0.803283548311 13755.0 55.2818884736 8.64350405432 1.64630765662 191.0 191.0 191 149 17.9706365476 0.96644772194 0.311584749805 19.6022617551
CATLIN micro 44146.0 394 935370.822335 0.286438749785 0.0133 0.140013851279 0.176689669098 -0.0113535168849 0.432593741322 0.0312155043863 0.334141258551 0.80883936191 14751.0 56.6098853803 12.5514675467 1.6445348863 394.0 394.0 394 331 36.7452580046 1.87521272899 0.29585198581 23.6305052928
CATLIN micro 211534.0 737 4952473.63953 0.172115715354 0.0164 0.10298801102 0.170167351165 -0.00831407773138 0.533706979625 0.0447209995534 0.211346639311 0.917184044907 44707.0 32.6292699991 14.8332674675 1.16943151782 737.0 737.0 737 602 60.02214448 1.60242383795 0.187301051224 290.388494208
CATLIN micro 47147.0 467 264117.753527 0.247384477019 0.0372 0.120831495476 0.308575043593 -0.0111461196366 0.675832007829 0.134508556094 0.207521157232 0.94248856261 9784.0 26.1225528666 15.0702408288 0.771482900468 467.0 467.0 467 422 43.3044223435 2.15074959027 0.183910819085 335.922141866
CATLIN micro 60256.0 639 446247.660667 0.241567251265 0.0196 0.119656670746 0.287368988819 -0.00822783515775 0.638142736283 0.0951465951727 0.265168613914 0.920020616718 15978.0 29.987055231 21.2981960325 0.831990906277 639.0 639.0 639 545 57.96649836 2.60315908105 0.234992452614 66.3992810574
CATLIN micro 14151.0 128 409400.264702 0.229606282586 0.0292 0.118351439785 0.252089627058 -0.0415386751334 0.4849335317 0.0749303150479 0.49417002332 0.732543926254 6993.0 61.9249523002 9.98628252791 1.07234541406 128.0 128.0 128 110 13.2879373144 1.07601023948 0.42827362301 7.96628006174
CATLIN micro 32323.0 439 95942.7088547 0.237987639651 0.0536 0.124419746205 0.247627503057 -0.0115066004146 0.653422229655 0.119383376287 0.109767038951 0.957500178969 3548.0 20.6230857284 7.89830400278 1.31589010771 439.0 439.0 439 348 42.1821690067 2.44179212708 0.0972785054452 5928808.51189
CATLIN micro 96871.0 597 1332514.7814 0.206041199843 0.0194 0.114235558643 0.19159708277 -0.00923438247621 0.54688174678 0.0536423081549 0.218610316813 0.913693713263 21177.0 33.2380175698 13.5240109225 1.27275413259 597.0 597.0 597 501 51.9112418169 1.91812735788 0.193738267589 224.457581017
CATLIN micro 15572.0 357 46193.3039058 0.295351913618 0.0397 0.141906092755 0.274827835064 -0.0123575784187 0.634378393103 0.114116060911 0.213331620858 0.929381620432 3322.0 29.2383765733 11.3350136894 1.44720019594 357.0 357.0 357 267 36.8788489181 2.8608561335 0.189060185593 270.008442938
CATLIN micro 22802.0 319 122006.558546 0.248716309253 0.0403 0.126752938379 0.245297186987 -0.0155359906669 0.605369252745 0.0999629688926 0.214323304973 0.922243628217 4887.0 30.1640206999 9.88136557407 1.2965863206 319.0 319.0 319 243 31.6903402348 2.11253645644 0.189939036941 260.54879813
CATLIN micro 43533.0 531 314619.280844 0.264320989804 0.021 0.126692491975 0.294942430192 -0.00933787048498 0.635979102335 0.100166565131 0.277169044173 0.910128646598 12066.0 35.922173983 18.9497774883 0.967215139941 531.0 531.0 531 484 49.6195465729 2.54498497477 0.245618506771 52.8432086303
CATLIN micro 61999.0 795 198486.424242 0.252778994199 0.0298 0.123399088231 0.293721901175 -0.00640787091829 0.677794239738 0.11516163596 0.168615622833 0.957742319222 10454.0 23.2439232891 17.5069669008 0.932230929094 795.0 795.0 795 676 71.9537018246 3.19282258106 0.149431704998 2571.71649027
CATLIN micro 33238.0 452 110678.280341 0.262953388745 0.0467 0.130129835776 0.256520684556 -0.0106722628097 0.639414452309 0.108332348553 0.121156507612 0.952605222946 4027.0 20.9128106384 7.83274797464 1.29530706888 452.0 452.0 452 384 43.3176973341 2.47925383145 0.107372159239 552592.40104
CATLIN micro 43590.0 295 621063.773435 0.226984954467 0.0341 0.116149957047 0.255462106454 -0.0183731004422 0.586330652781 0.0920506376751 0.242762101399 0.90051317831 10582.0 39.0135352145 10.216157067 0.741861507989 295.0 295.0 295 259 27.5214336041 1.41295581621 0.21514119091 110.372845599
CATLIN micro 118046.0 675 1830994.55156 0.191976167829 0.0165 0.109850982008 0.190063296104 -0.0085002534662 0.547052191615 0.0508904638943 0.251452823476 0.909957134005 29683.0 33.796994392 17.0526979722 1.21957341508 675.0 675.0 675 529 57.7112621502 1.96461807365 0.222841838038 89.3395307573
CATLIN micro 128638.0 473 3687149.9477 0.16168542797 0.0197 0.0979540902764 0.205579125347 -0.0136317018886 0.54025377797 0.0569234616676 0.278284799204 0.892715262162 35798.0 36.6198168504 14.7426863813 0.953571173452 473.0 473.0 473 387 40.119823848 1.3187925986 0.246606124466 51.8005662169
CATLIN micro 41131.0 491 274881.132641 0.292643159348 0.0249 0.135920516127 0.282398729884 -0.00939384946411 0.616188474879 0.090859527296 0.218205246651 0.918346951396 8975.0 36.2962242591 13.5320894976 1.11567333194 491.0 491.0 491 453 46.1197419843 2.42101153076 0.193379287561 227.564412281
CATLIN micro 32732.0 131 1519362.36559 0.169413359769 0.0398 0.103953676726 0.176897645743 -0.0463324023471 0.47025966406 0.0684671663089 0.362580960528 0.808009412321 11868.0 52.654894293 7.53913439934 1.31983068681 131.0 131.0 131 109 12.5046790686 0.7240774533 0.320611738962 17.7857655048
CATLIN micro 97559.0 786 524364.193016 0.219179486268 0.0286 0.116570833073 0.230836239319 -0.00687029734257 0.621466618837 0.078993442087 0.12443751986 0.955479538607 12140.0 22.5361063562 11.5493235238 1.15935361683 786.0 786.0 786 664 68.330908139 2.51645330453 0.110279880636 312853.891402
CATLIN micro 156631.0 495 4010377.98595 0.162713928191 0.0244 0.0984715907591 0.186898190684 -0.0129562979699 0.541211846908 0.0561358303182 0.167878644713 0.917227142013 26295.0 33.2833219478 10.4317755507 0.997572110697 495.0 495.0 495 419 41.2986571766 1.25073798213 0.148778575146 2708.20222449
CATLIN micro 53.0 11 27.5636363636 0.699665616281 0.4809 0.276415713533 0.634648370497 -0.196049196852 0.840688354551 0.650735068031 0.358490566038 0.810964756141 19.0 54.7169811321 2.07744901221 1.531806603 11.0 11.0 11 6 2.51870648752 1.51096620344 0.31707150335 18.4624962987
CATLIN micro 362554.0 1080 7621736.35736 0.166462839042 0.0146 0.101784337079 0.168741560644 -0.00574186062416 0.547748144269 0.0415871004245 0.168065998444 0.93650928788 60933.0 27.4017111934 15.9170879465 1.21302555854 1080.0 1080.0 1080 909 84.2907592596 1.79364877391 0.148944613068 2672.67043562
CATLIN micro 36856.0 246 417909.192368 0.211072704829 0.0512 0.117335796176 0.196143505553 -0.0218050664436 0.572101130835 0.0911301275548 0.184420447146 0.920559215695 6797.0 28.4404167571 6.74783770331 1.40685156665 246.0 246.0 246 211 23.3005490024 1.28138904715 0.163438365537 972.889327232
CATLIN micro 88342.0 625 1863704.34881 0.24167106093 0.0106 0.125001233317 0.180374272713 -0.0080436617472 0.491207756217 0.0362568039353 0.359353421928 0.849385972106 31746.0 43.5115799959 20.4041219517 1.39052120503 625.0 625.0 625 516 54.7898492433 2.10279242452 0.317818963711 18.3159766553
CATLIN micro 85512.0 588 923901.471891 0.209536738667 0.0224 0.115250356659 0.19692975422 -0.00929136311461 0.566155458602 0.0612847372176 0.206181588549 0.924132504227 17631.0 30.3945645056 13.2196282859 1.27587028421 588.0 588.0 588 480 51.6888609016 2.01077646792 0.182723660489 354.124963583
CATLIN micro 4566.0 118 30719.4958714 0.310070726974 0.0469 0.14242022564 0.312248973622 -0.0372473603492 0.586848721565 0.131959177561 0.396846254928 0.819129047873 1812.0 50.9855453351 9.08935944503 1.24922835018 118.0 118.0 118 92 13.884944887 1.74628069818 0.34990682082 13.5108352
CATLIN micro 26202.0 69 5405829.57801 0.178846873578 0.0264 0.113383212359 0.104313311629 -0.0805111441025 0.237291315505 0.0254578447035 0.711815891917 0.450077644168 18651.0 91.7868864972 7.33443843706 1.85893517107 69.0 69.0 69 53 6.68397224227 0.42626715419 0.575126592118 4.4311610475
CATLIN micro 504807.0 692 57820028.3053 0.163252124614 0.0091 0.0981989106049 0.151478672482 -0.0092940218004 0.463120507506 0.0284639869908 0.368213990693 0.841769516191 185877.0 44.0259346641 21.4325457139 0.926179637784 692.0 692.0 692 631 52.6198299361 0.973965133822 0.32547365569 16.9234157187
CATLIN micro 41713.0 298 472684.352982 0.184685213458 0.0399 0.105093546582 0.24903821045 -0.0201426895574 0.600610682414 0.0997390751619 0.227099465394 0.915960777581 9473.0 32.6085393043 10.0881944899 0.953139553706 298.0 298.0 298 240 27.917290836 1.45908486092 0.201261437032 170.856386873
CATLIN micro 240706.0 843 2128560.34171 0.159953880925 0.0369 0.0963663555108 0.223076676214 -0.00777664369727 0.640193639686 0.0874838632591 0.0986390035977 0.967880604794 23743.0 16.1387751032 9.83040692832 0.852463499821 843.0 843.0 843 730 67.9507280191 1.71824115379 0.0874165408882 135932331.816
CATLIN micro 72274.0 537 416732.843374 0.219927389328 0.0417 0.115392660892 0.251167718916 -0.0101609580354 0.645535708451 0.106061574272 0.133229100368 0.955375770411 9629.0 22.2085397238 9.80990283891 1.01427166966 537.0 537.0 537 477 47.9075324671 1.99748368145 0.118071216 82849.093321
CATLIN micro 126082.0 499 2707919.64346 0.175267249361 0.0231 0.103295708586 0.182038527015 -0.0122422843202 0.529750583702 0.0519543354806 0.156390285687 0.91316414223 19718.0 29.5196776701 9.9680987731 1.10239258509 499.0 499.0 499 404 42.402148941 1.4053160327 0.138597282055 6643.85758593
CATLIN micro 115011.0 432 4700615.88008 0.186900140808 0.0149 0.105359968376 0.195891769773 -0.0138589429655 0.491808856893 0.0435654739548 0.34713201346 0.844522393207 39924.0 49.2735477476 15.4570594115 0.970974606218 432.0 432.0 432 366 36.9868724036 1.27383757997 0.307201457603 20.6016306442
CATLIN micro 120808.0 657 1383825.44552 0.209862074451 0.0239 0.11299277957 0.223944050698 -0.00848535129234 0.595135534901 0.0709074357714 0.185343685849 0.936277446235 22391.0 30.1743262036 13.7840891133 1.07823285229 657.0 657.0 657 602 56.0589955899 1.8902424944 0.164256564467 925.737961782
CATLIN micro 154573.0 710 2433124.99104 0.181168310587 0.0191 0.104444392273 0.200828033028 -0.00850776535106 0.567210720834 0.0570171655477 0.209545004626 0.926390521016 32390.0 30.4852723309 15.2352209407 1.04032087703 710.0 710.0 710 587 59.338380792 1.80589098811 0.185704401019 310.725046833
CATLIN micro 1129656.0 938 79058323.4125 0.122372318586 0.018 0.0848363213778 0.152001698862 -0.00795268829939 0.537571405407 0.0412027075206 0.153789295148 0.940884899033 173729.0 25.2112147415 13.0926099966 0.969525990415 938.0 938.0 938 853 67.2290674987 0.882530516848 0.136292214207 8362.51575607
CATLIN micro 5900.0 219 16971.845084 0.362333896646 0.0412 0.16603264924 0.28622939401 -0.0171094678417 0.613672050727 0.120671759171 0.288644067797 0.889146452169 1703.0 38.406779661 10.5070160629 1.78138910616 219.0 219.0 219 150 25.1073754055 2.85113715048 0.255771703364 43.4621753302
CATLIN micro 245858.0 807 3746911.17112 0.157395133287 0.0242 0.0958895934798 0.215258718719 -0.00816456950625 0.604109470446 0.0695106648067 0.16137770583 0.948798850077 39676.0 24.1708628558 14.0807677973 0.888516537897 807.0 807.0 807 690 64.9344925523 1.62753884389 0.143017268073 4400.75970624
CATLIN micro 130524.0 507 2545840.85207 0.167929901839 0.0254 0.100270125997 0.206032525429 -0.0124190511778 0.565379061332 0.0648895614684 0.207111335846 0.922413821319 27033.0 32.1641996874 12.1547475051 1.0143622791 507.0 507.0 507 428 42.9566669897 1.40333957274 0.183547625392 341.355335505
CATLIN micro 81607.0 557 829157.437364 0.224019923618 0.0253 0.11876109715 0.211796150746 -0.00951199238576 0.570424485153 0.0644579013016 0.169090886811 0.928980623891 13799.0 31.7227688801 11.4146378509 1.2550152055 557.0 557.0 557 492 49.1614683886 1.9498063874 0.149852896732 2488.21008819
CATLIN micro 47681.0 637 174683.368127 0.253883347579 0.0311 0.12613933432 0.265276260201 -0.00781905321595 0.650937661311 0.103590644294 0.166691134834 0.949562884244 7948.0 27.721734024 14.1170572965 1.15544881458 637.0 637.0 637 529 59.0403806307 2.91720369349 0.147726171919 2947.55018651
CATLIN micro 301567.0 971 13683396.7438 0.205527476857 0.007 0.10923228452 0.210254250509 -0.00594317391768 0.509840598417 0.0333433755352 0.355075323228 0.853022176127 107079.0 46.2069788803 25.7246909792 0.726674302336 971.0 971.0 971 894 76.8819381194 1.76818345319 0.314109664625 19.0632830062
CATLIN micro 11540.0 297 53602.9418054 0.353079444569 0.0275 0.160280515253 0.253845794747 -0.0130896648708 0.552469003316 0.0751143779557 0.238648180243 0.877489945304 2754.0 43.9341421144 9.68784318035 1.7477667341 297.0 297.0 297 221 31.6456557578 2.76473521913 0.211495687711 122.877168367
CATLIN micro 100505.0 580 1289570.38007 0.195061276833 0.0228 0.110526200086 0.190805827125 -0.00983088137974 0.565655573679 0.0614369218689 0.216267847371 0.92435819063 21736.0 30.1567086215 13.9422118291 1.22575286279 580.0 580.0 580 465 50.2693064947 1.82950735427 0.19166232916 243.266275398
CATLIN micro 25687.0 278 128598.84722 0.208402203428 0.0625 0.112144865331 0.278692326242 -0.0202083518246 0.657042718838 0.142057191067 0.164246506015 0.942415768518 4219.0 26.075446724 7.90068584609 0.984082934282 278.0 278.0 278 226 27.2805874134 1.73455511131 0.145559676039 3528.27467016
CATLIN micro 92378.0 356 1236605.52382 0.16561378498 0.0518 0.100346384922 0.202917434255 -0.0176730163394 0.597530408889 0.0914459575227 0.119346597675 0.945748468829 11025.0 21.3026911169 6.3916705683 1.1024221575 356.0 356.0 356 303 31.0487186621 1.17129346503 0.105768168321 771291.328256
CATLIN micro 33167.0 226 452149.144956 0.197024219166 0.0457 0.114761220535 0.180145608 -0.0242793047726 0.540947406243 0.0789748161504 0.206289384026 0.903094363205 6842.0 32.7041939277 6.82073974757 1.48880776599 226.0 226.0 226 174 21.6152641434 1.24095302992 0.182819191504 352.612052339
CATLIN micro 248401.0 571 8996955.94307 0.14883540731 0.0206 0.0945702312347 0.178269817959 -0.0117024945418 0.538463217325 0.051760215091 0.207318005966 0.915136679535 51498.0 33.0711229021 12.7088557261 1.04803342552 571.0 571.0 571 497 45.8833770035 1.1456697291 0.183730781493 338.600821334
CATLIN micro 620168.0 763 38051811.5107 0.135850283959 0.0171 0.0894555011582 0.167280026587 -0.00926567215412 0.529859077016 0.0428830386916 0.184862811367 0.923299755821 114646.0 30.3951509913 13.5477381075 0.963429578897 763.0 763.0 763 688 57.1310938011 0.968879710329 0.16383040059 949.922334558
CATLIN micro 81911.0 423 653093.959945 0.199116254617 0.0544 0.107774230914 0.262678055722 -0.0138308208449 0.651978978773 0.119812058814 0.0999255289277 0.956558466162 8185.0 19.4613666052 7.21917540367 0.794611933281 423.0 423.0 423 388 37.3009375001 1.47798236911 0.0885566942759 89753296.1067
CATLIN micro 1041553.0 983 96251414.9669 0.124525944811 0.0115 0.085205763074 0.156150466443 -0.007555331296 0.513414119979 0.0340009928268 0.239006560396 0.911855083746 248938.0 34.0162238503 19.3312096887 0.912928946296 983.0 983.0 983 860 70.8706816981 0.963191920047 0.211813266892 121.709682847
CATLIN micro 143677.0 1046 416559.629243 0.207423541866 0.0434 0.112678465536 0.231640665844 -0.00534489271889 0.672638433995 0.101829726727 0.0700181657468 0.97795677468 10060.0 12.6394621269 9.31304204694 1.10108159296 1046.0 1046.0 1046 902 87.9976064385 2.75954867507 0.0620519837556 1.00801546272e+15
CATLIN micro 27945.0 152 953063.798144 0.206087623659 0.0345 0.117948855997 0.157315591717 -0.0351021218384 0.436204652022 0.0526363548132 0.276078010378 0.809135753169 7715.0 54.6215780998 6.71198775488 1.60696397767 152.0 152.0 152 120 14.7489836697 0.909267212365 0.244652703522 53.8940218044
CATLIN micro 16939.0 389 53405.2022235 0.323895306969 0.0344 0.141447433307 0.358954731108 -0.0113790361883 0.689032636302 0.15436066682 0.251372572171 0.925212254328 4258.0 30.6393529724 15.9767691085 0.906889974895 389.0 389.0 389 337 39.846472222 2.98886099388 0.222770733575 89.5061652584
CATLIN micro 45456.0 426 588110.444076 0.286839330711 0.019 0.132483314338 0.280048249724 -0.0111166982315 0.577066124104 0.0750850852331 0.282052974305 0.876686005798 12821.0 47.4304822246 14.1982468214 0.896981941041 426.0 426.0 426 392 39.628886743 1.99808514458 0.249940985447 48.5024875445
CATLIN micro 89795.0 708 1798759.35265 0.242681500956 0.0089 0.121713000173 0.220658574789 -0.00729747848568 0.516122031472 0.0404211284322 0.375700206025 0.84086706187 33736.0 46.2486775433 22.7746821814 1.062697981 708.0 708.0 708 601 61.988808385 2.36269237813 0.331909153478 15.8881753031
CATLIN micro 263414.0 823 5750774.58936 0.165500611814 0.0175 0.101372995393 0.164550868329 -0.00756598451004 0.539363506652 0.0442391665801 0.181129324941 0.930657746324 47712.0 28.4358462344 13.9950381607 1.20308999683 823.0 823.0 823 659 65.8575628795 1.60354225524 0.160521684588 1168.13978253
CATLIN micro 45097.0 527 683470.982771 0.280120196818 0.0106 0.131639110561 0.248136811904 -0.00904549460652 0.524916924131 0.0491186546432 0.396545224738 0.82133166944 17883.0 52.8749140741 19.6841857363 1.05827828069 527.0 527.0 527 442 49.0828642653 2.48162862017 0.34965264758 13.5399618532
CATLIN micro 146037.0 703 2224605.71689 0.191527321117 0.0191 0.110638124567 0.170918560741 -0.00810245430095 0.539196754682 0.0474105849113 0.181070550614 0.925351686038 26443.0 29.7945041325 12.7844467827 1.32847414252 703.0 703.0 703 559 59.0331912603 1.83960200242 0.160469597199 1172.06102175
CATLIN micro 198807.0 796 2281423.45183 0.168663898528 0.0266 0.0993901619601 0.22674326478 -0.00798132425372 0.612695325747 0.0740792122984 0.138667149547 0.952854603131 27568.0 21.7306231672 12.2370922099 0.895056563366 796.0 796.0 796 683 65.1634548667 1.78524255993 0.122890561604 41037.6491755
CATLIN micro 107666.0 768 248297.992496 0.187214479431 0.0734 0.105232397852 0.263660688301 -0.00780528058033 0.711244225455 0.145724588903 0.0412943733398 0.98226890586 4446.0 8.07032860885 6.062164846 0.916587382252 768.0 768.0 768 662 66.1960783055 2.34057159841 -0.0365961855234 -4.31313282505e+40
CATLIN micro 21732.0 587 31768.5848329 0.313791422749 0.0414 0.141030558032 0.345024929676 -0.00756383200585 0.712827799382 0.158863582504 0.165654334622 0.958878285683 3600.0 23.4538928769 15.1427909146 1.0782393712 587.0 587.0 587 468 58.6789754012 3.9818807821 0.146807331656 3178.23490306
CATLIN micro 24924.0 406 47618.8802773 0.23926321048 0.0735 0.122660105423 0.287334185579 -0.0126249470882 0.696206842647 0.159196848418 0.0832530893918 0.966491441638 2075.0 16.4660568127 6.61962061866 1.13014964674 406.0 406.0 406 324 40.0055850813 2.5716813911 0.0737811294461 91887822873.4
CATLIN micro 11288.0 122 215961.507655 0.225173443311 0.0384 0.118706370897 0.254898572109 -0.0434481961156 0.515049693209 0.0898636892654 0.426027639972 0.786721195869 4809.0 54.7661233168 8.9484260077 1.15784152757 122.0 122.0 122 99 12.9668390328 1.14828933253 0.374231376726 11.1662611959
