CHU micro 1776.0 81 7380.36944444 0.404765255485 0.0619 0.329602310646 0.353749582916 -0.0447864295758 0.609612865234 0.169615551618 0.420045045045 0.800464527027 746.0 53.2657657658 7.65906067589 1.51945364446 81.0 81.0 81 59 10.6921583067 1.9220449414 0.369297551244 11.5795194073
CHU micro 604.0 82 255.666967781 0.586200303296 0.1768 0.511832907993 0.512841221127 -0.030879250296 0.792710428291 0.393737667766 0.190397350993 0.931039208807 115.0 29.9668874172 4.97057748174 1.90835129838 82.0 82.0 82 46 12.6491858291 3.33653268096 0.168735257928 713.723167516
CHU micro 1334.0 134 789.682190551 0.541019137936 0.1123 0.630638226655 0.488666114704 -0.0215365762262 0.77362679253 0.32493677913 0.215142428786 0.933518248372 287.0 29.3853073463 7.86059079283 1.60761198728 134.0 134.0 134 90 18.4826515038 3.6688240439 0.190664961164 253.071434305
CHU micro 436.0 81 44.7891975309 0.672478947341 0.3958 0.51748435346 0.636283837354 -0.0286718624005 0.896230812433 0.629231107572 0.0802752293578 0.96880523525 35.0 16.0550458716 3.2160086263 1.26305475307 81.0 81.0 81 43 13.1629992021 3.87919645515 0.0711420697038 504905975326.0
CHU micro 2299.0 252 245.893173338 0.56143594056 0.2536 0.569402510149 0.573291009894 -0.0118319140397 0.883668411453 0.523692832704 0.0809047411918 0.984354451062 186.0 11.9182253154 6.95202650714 0.918314104254 252.0 252.0 252 188 32.4279789374 5.25570590322 0.071699960041 346776999888.0
CHU micro 1282.0 165 305.5563932 0.596742658311 0.1658 0.665463249179 0.535233772987 -0.0157939941137 0.827976323203 0.411906359293 0.122464898596 0.9634492712 157.0 21.3728549142 6.19006374391 1.6760978833 165.0 165.0 165 109 22.9172655047 4.60829138119 0.108531690559 438100.769659
CHU micro 309.0 35 285.146218487 0.493916489479 0.2196 0.43210874225 0.487471104947 -0.0875572135523 0.759309928335 0.408057230919 0.307443365696 0.869890344676 95.0 41.7475728155 4.0977661721 1.36117304867 35.0 35.0 35 18 5.93022434178 1.99108043396 0.272377516704 32.8495169884
CHU micro 1483.0 171 336.127416581 0.570607180341 0.1837 0.783760734965 0.530136872863 -0.016215012507 0.834008896693 0.422557341564 0.108563722185 0.968170167722 161.0 19.3526635199 5.73879620678 1.5053614181 171.0 171.0 171 121 23.2818592448 4.44043518124 0.0962120937275 7954824.51743
CHU micro 341.0 40 390.409615385 0.542705699118 0.1603 0.354955846035 0.460850439883 -0.0676372728953 0.724251347551 0.345235632114 0.351906158358 0.844058788624 120.0 48.6803519062 4.83146417284 1.91741929016 40.0 40.0 40 24 6.68737755809 2.1661214443 0.311356631554 19.6522315345
CHU micro 850.0 82 773.29659741 0.543420288619 0.1233 0.443739994933 0.489985652798 -0.0351534423078 0.754836756429 0.331316723485 0.274117647059 0.901110034602 233.0 38.2352941176 6.75067216328 1.61798237709 82.0 82.0 82 61 12.0084746928 2.81257679634 0.242917195284 55.8637170297
CHU micro 805.0 69 1422.31372549 0.498324105207 0.0885 0.413170312776 0.410351966874 -0.042365343454 0.665301106491 0.231262577643 0.35900621118 0.836257860422 289.0 52.4223602484 6.37803978441 1.97100720472 69.0 69.0 69 46 10.1631449645 2.43193045013 0.317518229465 18.374687433
CHU micro 2259.0 226 663.204424779 0.527777758991 0.1314 0.885399788128 0.506767423913 -0.0133616399551 0.815828718575 0.365696179899 0.123505976096 0.966333867716 279.0 21.9123505976 7.8018500376 1.34019488177 226.0 226.0 226 152 29.1349728796 4.75499783667 0.10945432147 366060.168759
CHU micro 4989.0 298 2336.50876777 0.425553212314 0.1074 0.913682546604 0.46095840379 -0.012303604651 0.791085900138 0.301816568071 0.102625776709 0.968764032927 512.0 20.4048907597 7.99558860338 1.04446064675 298.0 298.0 298 227 34.8796620099 4.21899987104 0.0909497265648 39449534.1307
CHU micro 3948.0 281 2863.25465175 0.47479893364 0.0647 0.650748851743 0.414600662708 -0.0113906901726 0.730265069152 0.215732624765 0.164133738602 0.945005692031 648.0 28.8753799392 9.1584087182 1.63121533117 281.0 281.0 281 193 33.8124868622 4.47216427391 0.145459738522 3558.3190037
CHU micro 458.0 80 67.0626582278 0.67726230661 0.3311 0.510834512806 0.627729257642 -0.0286311298165 0.880807231995 0.588001247458 0.113537117904 0.962243282927 52.0 20.96069869 4.03235803114 1.49762608576 80.0 80.0 80 50 12.8940242767 3.73815450813 0.100619650925 2502031.75124
CHU micro 4276.0 249 4689.39344475 0.444821155428 0.0594 0.660387897741 0.406352256547 -0.0137907119582 0.70971742727 0.198350148101 0.187090739008 0.932378686357 800.0 31.3376987839 8.96586945209 1.45327376329 249.0 249.0 249 184 29.6623281038 3.80785584504 0.165804849852 844.254393637
CHU micro 976.0 142 109.756867446 0.629471690822 0.3024 0.621515309955 0.620569729855 -0.0183371366595 0.887215425065 0.568777604058 0.0881147540984 0.976711569471 86.0 15.0614754098 4.92075206097 1.10063265417 142.0 142.0 142 93 20.4838768614 4.54530923762 0.0780896676116 8134907120.85
CHU micro 4024.0 145 17591.1740421 0.372315271792 0.0422 0.355055602116 0.346241516419 -0.0269207703775 0.609774268384 0.13746117711 0.375248508946 0.836665765842 1510.0 48.7326043738 10.007773401 1.36422602327 145.0 145.0 145 114 17.3493313038 2.28580414656 0.33152173365 15.9473531468
CHU micro 337.0 40 196.199358974 0.510088365786 0.2706 0.382297813944 0.480192878338 -0.0726047895201 0.790408931933 0.447747710001 0.210682492582 0.907624439768 71.0 33.8278931751 3.02958138365 1.45442964735 40.0 40.0 40 26 6.70093544486 2.17893884281 0.186712469263 297.670499348
CHU micro 4541.0 236 3854.94141724 0.415295369598 0.088 0.646886288751 0.425541861533 -0.0156122624735 0.752143233671 0.254984580615 0.156573441973 0.951830543327 711.0 26.5800484475 8.28495217748 1.19651326136 236.0 236.0 236 188 27.9067474219 3.50216216601 0.138759600087 6539.76890734
CHU micro 712.0 101 240.467524752 0.616802618989 0.1727 0.748276244407 0.547808432529 -0.0245032704427 0.813872494531 0.417820938734 0.150280898876 0.9426642785 107.0 29.7752808989 5.554641961 1.80267598155 101.0 101.0 101 62 15.2251543524 3.78513502943 0.133182978965 11614.7407681
CHU micro 149.0 23 115.351778656 0.665218302924 0.2756 0.367596003867 0.596731835425 -0.0975921084292 0.797443098939 0.508504661223 0.355704697987 0.842214314671 53.0 48.322147651 3.81935280697 1.942736034 23.0 23.0 23 17 4.39652998951 1.88423341719 0.314655878151 18.9499983074
CHU micro 793.0 102 130.25558144 0.561793688258 0.3191 0.799684426292 0.570568454368 -0.0285408403554 0.86963086025 0.542709750284 0.0882723833544 0.969275613065 70.0 16.2673392182 3.56924966909 1.01294805915 102.0 102.0 102 65 15.1292202694 3.62212620357 0.0782293629025 7569240977.02
CHU micro 5521.0 290 4711.88436941 0.402979179408 0.0717 0.993916740141 0.381044163664 -0.0125686479946 0.721665894582 0.203616290134 0.124615105959 0.951877504741 688.0 24.0173881543 7.62899799562 1.44793129002 290.0 290.0 290 211 33.5410235203 3.902915281 0.110437262219 303742.714158
CHU micro 1925.0 199 893.847317395 0.55036331442 0.0952 0.822434715951 0.486348626248 -0.014224880715 0.775450700012 0.301133173936 0.166233766234 0.947214572441 320.0 26.9090909091 8.01126880181 1.65414188353 199.0 199.0 199 127 26.1811907101 4.53563094309 0.147320839552 3046.67370631
CHU micro 38.0 12 3.06060606061 0.870705846726 0.7814 1.05977644873 0.780701754386 -0.116091135463 0.950645622799 0.874088529915 0.184210526316 0.893351800554 7.0 34.2105263158 1.22557055903 0.995061374802 12.0 12.0 12 5 3.02398335517 1.94665705357 0.16325232806 984.03694583
CHU micro 2346.0 209 1291.13668568 0.525221731148 0.0893 0.941350040685 0.454953356421 -0.0140318283099 0.76716312739 0.284838181379 0.18115942029 0.94641983707 425.0 28.2182438193 8.88373370563 1.6820805644 209.0 209.0 209 156 26.8025106243 4.31501472636 0.160548355896 1166.13837364
CHU micro 629.0 99 86.5982271697 0.651794810829 0.3201 0.856300717915 0.615567439097 -0.0247451699746 0.881108628197 0.57478170341 0.0969793322734 0.968448669375 61.0 17.8060413355 4.0933527555 1.33953960025 99.0 99.0 99 66 15.2076356139 3.947388503 0.0859456954732 237869581.599
CHU micro 1147.0 108 1085.88257182 0.534002409265 0.0949 0.592423580015 0.457982175724 -0.0263247722679 0.727016006965 0.271810519918 0.265039232781 0.902424656566 304.0 38.5353095031 7.29425221148 1.86366003937 108.0 108.0 108 72 15.1882812076 3.18890841493 0.234877858281 66.5728575802
CHU micro 1112.0 142 310.978323844 0.590736598155 0.1657 0.783984787906 0.535312594994 -0.0184779746832 0.82030764121 0.406259248464 0.146582733813 0.957497670928 163.0 22.4820143885 6.22084080803 1.68766883494 142.0 142.0 142 92 20.1028940977 4.25829702172 0.129905565511 16830.4086767
CHU micro 332.0 57 72.7186716792 0.63107826161 0.322 0.666172845755 0.583491862186 -0.0418937201433 0.852935792441 0.543786030424 0.123493975904 0.945510959501 41.0 23.4939759036 3.06039952296 1.59841766415 57.0 57.0 57 29 9.64663186986 3.12828140971 0.109443686577 366809.802605
CHU micro 1625.0 161 565.747515528 0.520677741977 0.1534 0.805337378452 0.500296225514 -0.0188482607986 0.809430005403 0.375827178574 0.141538461538 0.959509207101 230.0 22.0923076923 6.48826383585 1.38610408845 161.0 161.0 161 111 21.6413237226 3.99391845377 0.125435195603 29211.861727
CHU micro 2986.0 269 690.314514787 0.510115469193 0.1519 0.997819333964 0.50683860494 -0.0117011569809 0.832317163351 0.389085165359 0.112190221031 0.975533287963 335.0 15.3047555258 8.14862267381 1.22582564081 269.0 269.0 269 200 33.4929247113 4.92274543715 0.0994259946506 3372347.6175
CHU micro 498.0 82 49.0563083409 0.661803301805 0.4322 0.880248549406 0.643206974238 -0.0301280594215 0.903840151889 0.650323518743 0.074297188755 0.971782713182 37.0 14.4578313253 2.89550779873 1.03106170164 82.0 82.0 82 54 13.0422179814 3.67450786258 0.0658441691601 2.89824096437e+13
CHU micro 1112.0 151 150.739779249 0.616055753229 0.2659 0.854861991486 0.583079231979 -0.017162719643 0.86945044185 0.516236426137 0.0746402877698 0.975091868951 83.0 14.8381294964 4.39602232962 1.40921212009 151.0 151.0 151 110 21.3860575507 4.52818908648 0.0661482327451 2.23754667542e+13
CHU micro 829.0 50 1911.30979592 0.410043031214 0.128 0.33378463756 0.450398069964 -0.0746479365507 0.700384935409 0.295628098949 0.363088057901 0.843724399446 301.0 46.8033775633 5.75514672856 1.10183921021 50.0 50.0 50 37 7.29142779088 1.73657177912 0.321050070915 17.7049389472
CHU micro 5407.0 194 9441.91595 0.334266978903 0.0764 0.382350557279 0.35334207852 -0.0216635146846 0.692188464459 0.193443079883 0.191048640651 0.932514273926 1033.0 30.3310523396 7.49704843082 1.21543179553 194.0 194.0 194 142 22.4537408716 2.63829615871 0.169312448222 691.156306438
CHU micro 755.0 107 163.827014636 0.629930565846 0.2348 0.667761610442 0.589490623259 -0.0234158178282 0.853094017647 0.498666154821 0.141721854305 0.960189465374 107.0 20.7947019868 5.47175069095 1.52460105214 107.0 107.0 107 74 15.9958525489 3.89412871007 0.12559772321 28603.6824868
CHU micro 133.0 16 206.3625 0.550435389732 0.2632 0.267844060639 0.488251879699 -0.168762394458 0.722892038223 0.428051079639 0.443609022556 0.762507773192 59.0 58.6466165414 3.01276729809 1.76287025996 16.0 16.0 16 12 3.06726567096 1.38737595124 0.388561041536 10.1070075023
CHU micro 945.0 72 1236.33626761 0.467246708599 0.1238 0.538893327942 0.458068783069 -0.046064338097 0.732327341595 0.308703225297 0.29417989418 0.887816130567 278.0 40.3174603175 6.35455262531 1.35955387884 72.0 72.0 72 53 10.3631708604 2.34216017508 0.260665949629 39.8306427623
CHU micro 1747.0 162 583.462349513 0.540456752657 0.1671 0.514763697497 0.498989449285 -0.0179994400525 0.815015955064 0.386401311937 0.119061247853 0.963048274104 208.0 19.748139668 5.56618974821 1.50180794107 162.0 162.0 162 132 21.5654210263 3.87586428864 0.105515283626 814021.972824
CHU micro 1283.0 93 1456.14259 0.479517484674 0.1167 0.486498000394 0.420377307889 -0.0336420098578 0.722466317502 0.276456350549 0.227591582229 0.907863426583 292.0 35.6196414653 5.57469059706 1.71561160514 93.0 93.0 93 74 12.8546263681 2.59638816218 0.201697551461 168.317044223
CHU micro 999.0 154 156.499830235 0.651366432764 0.213 0.965767637453 0.59061009061 -0.0156553334542 0.865272380614 0.504098172798 0.118118118118 0.969514058603 118.0 20.7207207207 6.73823494007 1.53666778815 154.0 154.0 154 103 22.1522270449 4.8723443782 0.10467945666 975462.92955
