4483535.3	11
4483535.3	5
4483535.3	250
4483535.3	682
4483535.3	34
4483535.3	5
4483535.3	86
4483535.3	240
4483535.3	5
4483535.3	20
4483535.3	3
4483535.3	165
4483535.3	3
4483535.3	23
4483535.3	3
4483535.3	6
4483535.3	7
4483535.3	1677
4483535.3	26
4483535.3	1
4483535.3	120
4483535.3	26
4483535.3	39
4483535.3	3
4483535.3	7
4483535.3	9
4483536.3	603
4483536.3	4
4483536.3	12
4483536.3	179
4483536.3	1
4483536.3	710
4483536.3	46
4483536.3	116
4483536.3	2
4483536.3	49
4483536.3	59
4483536.3	21
4483536.3	1
4483536.3	503
4483536.3	40
4483536.3	1
4483536.3	20
4483536.3	5
4483536.3	14
4483536.3	268
4483536.3	12
4483536.3	3
4483536.3	8
4483536.3	1
4483536.3	89
4483536.3	346
4483536.3	5
4483536.3	62
4483536.3	30
4483536.3	130
4483536.3	55
4483536.3	487
4483536.3	1
4483536.3	5
4483537.3	68
4483537.3	3
4483537.3	8
4483537.3	513
4483537.3	109
4483537.3	4
4483537.3	8
4483537.3	26
4483537.3	25
4483537.3	1435
4483537.3	1
4483537.3	336
4483537.3	2
4483537.3	14
4483537.3	41
4483537.3	79
4483537.3	11
4483537.3	40
4483537.3	2
4483537.3	1
4483537.3	1
4483537.3	1
4483537.3	561
4483537.3	4
4483537.3	2
4483537.3	3
4483537.3	8
4483537.3	1570
4483537.3	10
4483538.3	1
4483538.3	3
4483538.3	7
4483538.3	5
4483538.3	9
4483538.3	1
4483538.3	6
4483538.3	8
4483538.3	6
4483538.3	6
4483538.3	5
4483538.3	1
4483538.3	1
4483538.3	19
4483538.3	81
4483538.3	20
4483538.3	4
4483538.3	18
4483538.3	5
4483539.3	84
4483539.3	6
4483539.3	46
4483539.3	3
4483539.3	961
4483539.3	6
4483539.3	3
4483539.3	4
4483539.3	5
4483539.3	67
4483539.3	107
4483539.3	144
4483539.3	1
4483539.3	10
4483539.3	2
4483539.3	1
4483539.3	28
4483539.3	15
4483539.3	4
4483539.3	1
4483539.3	2
4483539.3	1413
4483539.3	1
4483539.3	14
4483539.3	1
4483539.3	2
4483539.3	12
4483539.3	101
4483539.3	1
4483539.3	22
4483539.3	169
4483540.3	3
4483540.3	27
4483540.3	24
4483540.3	39
4483540.3	1
4483540.3	21
4483540.3	69
4483540.3	15
4483540.3	16
4483540.3	46
4483540.3	1
4483540.3	128
4483540.3	1
4483540.3	15
4483540.3	1
4483540.3	5
4483540.3	1
4483540.3	1
4483540.3	9
4483540.3	19
4483540.3	3
4483540.3	5
4483540.3	8
4483540.3	1
4483540.3	13
4483540.3	146
4483540.3	21
4483540.3	4
4483540.3	3
4483540.3	21
4483540.3	99
4483540.3	1
4483540.3	1
4483540.3	3
4483541.3	1
4483541.3	90
4483541.3	10
4483541.3	4
4483541.3	27
4483541.3	26
4483541.3	60
4483541.3	40
4483541.3	230
4483541.3	19
4483541.3	16
4483541.3	143
4483541.3	4
4483541.3	8
4483541.3	14
4483541.3	130
4483541.3	1
4483541.3	5
4483541.3	78
4483541.3	17
4483541.3	1
4483541.3	3
4483541.3	4
4483541.3	55
4483541.3	5
4483541.3	1
4483541.3	11
4483541.3	2
4483541.3	24
4483541.3	1
4483541.3	1
4483541.3	2
4483541.3	4
4483541.3	2
4483541.3	448
4483541.3	3
4483541.3	18
4483541.3	1
4483541.3	35
4483541.3	192
4483541.3	100
4483541.3	2
4483541.3	2
4483542.3	82
4483542.3	209
4483542.3	101
4483542.3	4
4483542.3	61
4483542.3	428
4483542.3	240
4483542.3	10
4483542.3	9
4483542.3	19
4483542.3	18
4483542.3	657
4483542.3	370
4483542.3	9
4483542.3	1
4483542.3	2
4483542.3	165
4483542.3	10
4483542.3	396
4483542.3	152
4483542.3	12
4483542.3	1
4483542.3	1186
4483542.3	14
4483542.3	69
4483542.3	7
4483543.3	93
4483543.3	10
4483543.3	16
4483543.3	1
4483543.3	139
4483543.3	11
4483543.3	17
4483543.3	145
4483543.3	546
4483543.3	4
4483543.3	118
4483543.3	457
4483543.3	10
4483543.3	394
4483543.3	2
4483543.3	790
4483543.3	16
4483543.3	66
4483543.3	4
4483543.3	13
4483543.3	144
4483545.3	4
4483545.3	70
4483545.3	22
4483545.3	126
4483545.3	4
4483545.3	8
4483545.3	11
4483545.3	3
4483545.3	16
4483545.3	6
4483545.3	49
4483545.3	3
4483545.3	11
4483545.3	2
4483545.3	1997
4483545.3	1984
4483545.3	10
4483545.3	3
4483545.3	723
4483545.3	17
4483545.3	40
4483545.3	56
4483545.3	6
4483545.3	11
4483545.3	5
4483545.3	19
4483545.3	3
4483545.3	11
4483545.3	1
4483546.3	1256
4483546.3	42
4483546.3	142
4483546.3	524
4483546.3	24
4483546.3	810
4483546.3	32
4483546.3	1
4483546.3	164
4483546.3	286
4483547.3	102
4483547.3	8
4483547.3	587
4483547.3	701
4483547.3	49
4483547.3	564
4483547.3	17
4483547.3	2
4483547.3	6
4483547.3	218
4483547.3	1
4483547.3	243
4483547.3	4
4483547.3	4
4483547.3	44
4483547.3	8
4483547.3	7
4483547.3	5
4483547.3	16
4483547.3	265
4483547.3	26
4483547.3	1
4483547.3	2
4483547.3	2
4483548.3	134
4483548.3	1
4483548.3	208
4483548.3	355
4483548.3	27
4483548.3	169
4483548.3	13
4483548.3	233
4483548.3	13
4483548.3	12
4483548.3	519
4483548.3	1
4483548.3	18
4483548.3	4
4483548.3	1
4483548.3	15
4483548.3	10
4483548.3	29
4483548.3	8
4483548.3	5
4483548.3	4
4483548.3	615
4483548.3	2
4483549.3	60
4483549.3	1
4483549.3	193
4483549.3	242
4483549.3	2
4483549.3	41
4483549.3	155
4483549.3	6
4483549.3	174
4483549.3	4
4483549.3	488
4483549.3	3
4483549.3	1
4483549.3	7
4483549.3	4
4483549.3	1
4483549.3	116
4483549.3	88
4483549.3	24
4483549.3	20
4483549.3	48
4483549.3	258
4483549.3	4
4483549.3	9
4483550.3	90
4483550.3	4
4483550.3	286
4483550.3	5
4483550.3	1
4483550.3	219
4483550.3	1
4483550.3	580
4483550.3	19
4483550.3	4
4483550.3	1
4483550.3	2
4483550.3	1
4483550.3	3
4483550.3	7
4483550.3	1
4483550.3	136
4483550.3	4
4483550.3	1
4483550.3	19
4483550.3	204
4483550.3	2
4483550.3	5
4483553.3	270
4483553.3	350
4483553.3	145
4483553.3	21
4483553.3	3
4483553.3	17
4483553.3	158
4483553.3	1
4483553.3	3
4483553.3	1119
4483553.3	1
4483553.3	19
4483553.3	1
4483553.3	2
4483553.3	22
4483553.3	1
4483553.3	9
4483553.3	2
4483553.3	978
4483553.3	6
4483554.3	1463
4483554.3	38
4483554.3	174
4483554.3	125
4483554.3	9
4483554.3	2
4483554.3	128
4483554.3	32
4483554.3	1
4483554.3	21
4483554.3	4
4483554.3	1
4483554.3	20
4483554.3	683
4483554.3	22
4483554.3	92
4483554.3	1058
4483554.3	81
4483554.3	13
4483555.3	1
4483555.3	80
4483555.3	9
4483555.3	66
4483555.3	57
4483555.3	5
4483555.3	3
4483555.3	102
4483555.3	123
4483555.3	2
4483555.3	6
4483555.3	2
4483555.3	2
4483555.3	327
4483555.3	5
4483555.3	5
4483556.3	143
4483556.3	66
4483556.3	63
4483556.3	5
4483556.3	4
4483556.3	1
4483556.3	19
4483556.3	714
4483556.3	17
4483556.3	6
4483556.3	18
4483557.3	32
4483557.3	1
4483557.3	107
4483557.3	12
4483557.3	171
4483557.3	3
4483557.3	68
4483557.3	16
4483557.3	90
4483557.3	12
4483557.3	24
4483557.3	2
4483557.3	724
4483557.3	2
4483557.3	2
4483557.3	18
4483557.3	20
4483557.3	5
4483558.3	1
4483558.3	60
4483558.3	11
4483558.3	88
4483558.3	9
4483558.3	103
4483558.3	86
4483558.3	2
4483558.3	157
4483558.3	1
4483558.3	20
4483558.3	5
4483558.3	1
4483558.3	21
4483558.3	2
4483558.3	33
4483558.3	2
4483558.3	33
4483558.3	7
4483558.3	4
4483558.3	27
4483558.3	79
4483558.3	4
4483558.3	2
4483559.3	509
4483559.3	24
4483559.3	1671
4483559.3	168
4483559.3	38
4483559.3	1689
4483559.3	78
4483559.3	321
4483559.3	1
4483559.3	152
4483559.3	116
4483559.3	271
4483559.3	6
4483559.3	54
4483559.3	53
4483559.3	1
4483559.3	107
4483559.3	1
4483560.3	1122
4483560.3	74
4483560.3	220
4483560.3	92
4483560.3	3
4483560.3	98
4483560.3	2
4483560.3	795
4483560.3	361
4483560.3	30
4483560.3	28
4483561.3	42
4483561.3	4
4483561.3	487
4483561.3	165
4483561.3	76
4483561.3	319
4483561.3	199
4483561.3	718
4483561.3	7
4483561.3	4
4483561.3	17
4483561.3	674
4483561.3	1
4483561.3	6
4483561.3	1
4483561.3	4
4483561.3	210
4483561.3	1
4483561.3	3
4483561.3	65
4483561.3	144
4483561.3	28
4483561.3	49
4483561.3	2
4483562.3	18
4483562.3	62
4483562.3	375
4483562.3	32
4483562.3	66
4483562.3	39
4483562.3	353
4483562.3	137
4483562.3	409
4483562.3	43
4483562.3	930
4483562.3	1
4483562.3	1
4483562.3	10
4483562.3	11
4483562.3	2
4483562.3	19
4483562.3	168
4483562.3	148
4483562.3	27
4483562.3	35
4483562.3	36
4483562.3	5
4483563.3	564
4483563.3	4
4483563.3	138
4483563.3	34
4483563.3	43
4483563.3	21
4483563.3	126
4483563.3	17
4483563.3	32
4483563.3	13
4483563.3	3
4483563.3	2045
4483563.3	11
4483563.3	19
4483563.3	2
4483563.3	11
4483563.3	2
4483563.3	24
4483563.3	155
4483563.3	1
4483563.3	1
4483563.3	2
4483564.3	558
4483564.3	130
4483564.3	3
4483564.3	9
4483564.3	173
4483564.3	2
4483564.3	171
4483564.3	10
4483564.3	4
4483564.3	841
4483564.3	35
4483564.3	6
4483564.3	163
4483564.3	3
4483564.3	2
4483564.3	125
4483564.3	52
4483564.3	13
4483564.3	188
4483564.3	7
4483565.3	424
4483565.3	64
4483565.3	4
4483565.3	232
4483565.3	8
4483565.3	291
4483565.3	331
4483565.3	14
4483565.3	7
4483565.3	5
4483565.3	15
4483565.3	1
4483565.3	175
4483565.3	1
4483565.3	9
4483565.3	1013
4483565.3	5
4483565.3	478
4483565.3	251
4483565.3	9
4483565.3	8
4483565.3	27
4483565.3	890
4483565.3	5
4483565.3	232
4483565.3	1
4483566.3	541
4483566.3	1
4483566.3	18
4483566.3	89
4483566.3	204
4483566.3	566
4483566.3	535
4483566.3	53
4483566.3	10
4483566.3	126
4483566.3	481
4483566.3	1
4483566.3	3
4483566.3	44
4483566.3	773
4483566.3	1444
4483566.3	11
4483566.3	6
4483566.3	7
4483566.3	8
4483566.3	3
4483566.3	45
4483566.3	34
4483566.3	171
4483566.3	16
4483566.3	15
4483566.3	1
4483566.3	1
4483566.3	84
4483566.3	8
4483566.3	15
4483566.3	3
4483566.3	37
4483566.3	23
4483567.3	22
4483567.3	2
4483567.3	2
4483567.3	4
4483567.3	14
4483567.3	1
4483567.3	11
4483567.3	1
4483567.3	11
4483567.3	12
4483568.3	126
4483568.3	1
4483568.3	26
4483568.3	62
4483568.3	33
4483568.3	58
4483568.3	1
4483568.3	921
4483568.3	487
4483568.3	1
4483568.3	274
4483568.3	20
4483568.3	1
4483569.3	79
4483569.3	29
4483569.3	85
4483569.3	1
4483569.3	2
4483569.3	80
4483569.3	31
4483569.3	2
4483569.3	1
4483569.3	28
4483569.3	5
4483569.3	1081
4483569.3	1213
4483569.3	15
4483569.3	84
4483569.3	82
4483569.3	2
4483570.3	20
4483570.3	1
4483570.3	13
4483570.3	11
4483570.3	120
4483570.3	52
4483570.3	140
4483570.3	5
4483570.3	1
4483571.3	28
4483571.3	4
4483571.3	26
4483571.3	6
4483571.3	2
4483571.3	20
4483571.3	8
4483571.3	9
4483571.3	1
4483571.3	1
4483571.3	1
4483572.3	163
4483572.3	1
4483572.3	32
4483572.3	382
4483572.3	15
4483572.3	25
4483572.3	15
4483572.3	135
4483572.3	25
4483572.3	337
4483572.3	462
4483572.3	18
4483572.3	6
4483572.3	36
4483572.3	8
4483572.3	64
4483572.3	1
4483572.3	14
4483572.3	28
4483572.3	173
4483572.3	11
4483572.3	3
4483573.3	545
4483573.3	169
4483573.3	603
4483573.3	1
4483573.3	119
4483573.3	7
4483573.3	15
4483573.3	442
4483573.3	5
4483573.3	1876
4483573.3	52
4483573.3	1
4483573.3	13
4483573.3	3
4483573.3	1
4483573.3	333
4483573.3	4
4483573.3	1
4483573.3	18
4483573.3	721
4483573.3	6
4483573.3	1
4483574.3	138
4483574.3	95
4483574.3	3
4483574.3	92
4483574.3	40
4483574.3	22
4483574.3	6
4483574.3	72
4483574.3	5
4483574.3	5
4483574.3	3
4483574.3	2
4483574.3	6
4483574.3	11
4483574.3	6
4483574.3	15
4483574.3	36
4483575.3	398
4483575.3	86
4483575.3	92
4483575.3	2
4483575.3	92
4483575.3	22
4483575.3	314
4483575.3	49
4483575.3	17
4483575.3	7
4483575.3	469
4483575.3	21
4483575.3	2
4483575.3	2
4483575.3	2
4483575.3	41
4483575.3	1
4483575.3	29
4483575.3	6
4483575.3	396
4483575.3	56
4483575.3	5
4483576.3	829
4483576.3	2
4483576.3	455
4483576.3	238
4483576.3	280
4483576.3	405
4483576.3	444
4483576.3	45
4483576.3	32
4483576.3	3
4483576.3	592
4483576.3	1639
4483576.3	1
4483576.3	58
4483576.3	3
4483576.3	2
4483576.3	2
4483576.3	390
4483576.3	3
4483576.3	18
4483576.3	333
4483576.3	9
4483576.3	1
4483576.3	3
4483577.3	381
4483577.3	78
4483577.3	15
4483577.3	65
4483577.3	68
4483577.3	184
4483577.3	18
4483577.3	76
4483577.3	263
4483577.3	51
4483577.3	658
4483577.3	99
4483577.3	42
4483577.3	1
4483577.3	6
4483577.3	3
4483577.3	4
4483577.3	12
4483577.3	7
4483577.3	41
4483577.3	71
4483577.3	3
4483577.3	3
4483577.3	52
4483577.3	387
4483577.3	2
4483577.3	3
4483577.3	1
4483577.3	5
4483578.3	248
4483578.3	4
4483578.3	36
4483578.3	250
4483578.3	9
4483578.3	6
4483578.3	380
4483578.3	2
4483578.3	409
4483578.3	1
4483578.3	42
4483578.3	58
4483578.3	13
4483578.3	6
4483578.3	2
4483578.3	1
4483578.3	19
4483579.3	224
4483579.3	1
4483579.3	183
4483579.3	242
4483579.3	1
4483579.3	137
4483579.3	65
4483579.3	507
4483579.3	757
4483579.3	32
4483579.3	4
4483579.3	1
4483579.3	6
4483579.3	76
4483579.3	3
4483579.3	13
4483579.3	1073
4483579.3	2
4483579.3	26
4483580.3	27
4483580.3	4
4483580.3	28
4483580.3	2
4483580.3	6
4483580.3	14
4483580.3	681
4483580.3	6
4483580.3	258
4483580.3	2
4483580.3	30
4483581.3	28
4483581.3	416
4483581.3	97
4483581.3	93
4483581.3	71
4483581.3	31
4483582.3	11
4483582.3	1
4483582.3	2
4483582.3	1
4483582.3	69
4483582.3	40
4483582.3	3
4483582.3	8
4483582.3	2
4483582.3	10
4483582.3	66
4483582.3	1
4483583.3	188
4483583.3	147
4483583.3	11
4483583.3	1
4483583.3	24
4483583.3	5
4483583.3	46
4483583.3	195
4483583.3	4
4483583.3	49
4483583.3	29
4483583.3	4
4483583.3	17
4483583.3	4
4483583.3	18
4483583.3	52
4483583.3	76
4483583.3	25
4483583.3	2
4483583.3	1
4483583.3	2
4483584.3	369
4483584.3	1
4483584.3	36
4483584.3	276
4483584.3	36
4483584.3	22
4483584.3	311
4483584.3	1104
4483584.3	17
4483584.3	389
4483584.3	1
4483584.3	105
4483584.3	80
4483584.3	1
4483584.3	21
4483584.3	491
4483584.3	8
4483584.3	21
4483584.3	2
4483584.3	43
4483584.3	18
4483584.3	55
4483584.3	14
4483585.3	14
4483585.3	3
4483585.3	216
4483585.3	1
4483585.3	945
4483585.3	135
4483585.3	125
4483585.3	46
4483585.3	34
4483585.3	615
4483585.3	4
4483585.3	3990
4483585.3	86
4483585.3	21
4483585.3	385
4483585.3	63
4483585.3	1516
4483585.3	15
4483585.3	12
4483585.3	730
4483585.3	52
4483585.3	20
4483586.3	669
4483586.3	469
4483586.3	140
4483586.3	305
4483586.3	87
4483586.3	152
4483586.3	163
4483586.3	206
4483586.3	39
4483586.3	315
4483586.3	85
4483586.3	5
4483586.3	366
4483586.3	2
4483586.3	13
4483586.3	10
4483586.3	31
4483586.3	6
4483586.3	13
4483586.3	1
4483586.3	4
4483586.3	808
4483586.3	1
4483586.3	34
4483586.3	8
4483586.3	9
4483586.3	108
4483587.3	35
4483587.3	88
4483587.3	3
4483587.3	1
4483587.3	4
4483587.3	35
4483587.3	365
4483587.3	3
4483587.3	173
4483587.3	9
4483587.3	45
4483587.3	66
4483587.3	15
4483587.3	9
4483587.3	1
4483588.3	29
4483588.3	1
4483588.3	33
4483588.3	1065
4483588.3	1
4483588.3	14
4483588.3	30
4483588.3	206
4483588.3	241
4483588.3	699
4483588.3	23
4483588.3	286
4483588.3	15
4483588.3	1058
4483588.3	108
4483588.3	16
4483588.3	144
4483588.3	39
4483589.3	2
4483589.3	61
4483589.3	1
4483589.3	1
4483589.3	20
4483589.3	14
4483589.3	44
4483589.3	16
4483589.3	83
4483589.3	121
4483589.3	3
4483589.3	233
4483589.3	17
4483590.3	12
4483590.3	1422
4483590.3	1
4483590.3	94
4483590.3	41
4483590.3	698
4483590.3	173
4483590.3	1090
4483590.3	2317
4483590.3	74
4483590.3	71
4483591.3	1141
4483591.3	55
4483591.3	1
4483591.3	62
4483591.3	48
4483591.3	78
4483591.3	217
4483591.3	33
4483591.3	145
4483591.3	1705
4483591.3	1
4483591.3	10
4483591.3	8
4483591.3	111
4483591.3	84
4483591.3	77
4483591.3	1
4483591.3	484
4483591.3	4
4483591.3	8
4483591.3	145
4483591.3	143
4483591.3	45
4483592.3	63
4483592.3	63
4483592.3	7
4483592.3	6
4483592.3	16
4483592.3	67
4483592.3	45
4483592.3	6
4483592.3	302
4483592.3	6
4483593.3	1088
4483593.3	211
4483593.3	76
4483593.3	142
4483593.3	44
4483594.3	321
4483594.3	2
4483594.3	86
4483594.3	3
4483594.3	60
4483594.3	15
4483594.3	36
4483594.3	775
4483594.3	23
4483594.3	2
4483594.3	12
4483595.3	199
4483595.3	166
4483595.3	17
4483595.3	216
4483595.3	1313
4483595.3	1
4483595.3	1479
4483595.3	21
4483595.3	16
4483595.3	411
4483596.3	71
4483596.3	2
4483596.3	2
4483596.3	10
4483596.3	1
4483596.3	4
4483596.3	44
4483596.3	829
4483597.3	1016
4483597.3	7
4483597.3	71
4483597.3	5
4483597.3	10
4483597.3	42
4483597.3	122
4483597.3	40
4483597.3	180
4483597.3	1356
4483597.3	4
4483597.3	2
4483597.3	509
4483597.3	12
4483597.3	318
4483597.3	111
4483598.3	39
4483598.3	2
4483598.3	496
4483598.3	670
4483598.3	7
4483598.3	15
4483598.3	50
4483598.3	125
4483598.3	69
4483598.3	59
4483599.3	614
4483599.3	2
4483599.3	65
4483599.3	573
4483599.3	503
4483599.3	11
4483599.3	89
4483599.3	3098
4483599.3	45
4483599.3	339
4483599.3	127
4483599.3	803
4483599.3	292
4483599.3	1163
4483599.3	228
4483599.3	211
4483599.3	444
4483599.3	278
4483600.3	1
4483600.3	2
4483600.3	2
4483600.3	1
4483600.3	1
4483600.3	1
4483600.3	1
4483600.3	24
4483600.3	4
4483600.3	3
4483600.3	3
4483600.3	1
4483600.3	2
4483600.3	1
4483600.3	2
4483600.3	16
4483600.3	29
4483600.3	17
4483600.3	13
4483600.3	3
4483600.3	1
4483600.3	5
4483600.3	5
4483600.3	66
4483600.3	1
4483600.3	7
4483600.3	6
4483600.3	81
4483600.3	1
4483600.3	2
4483600.3	4
4483600.3	35
4483600.3	12
4483600.3	3
4483600.3	2
4483600.3	2
4483600.3	2
4483600.3	2
4483600.3	2
4483600.3	2
4483600.3	2
4483600.3	2
4483600.3	2
4483600.3	2
4483600.3	2
4483600.3	3
4483600.3	1
4483600.3	7
4483600.3	254
4483600.3	2
4483600.3	2
4483600.3	172
4483600.3	53
4483600.3	12
4483600.3	1
4483600.3	2
4483600.3	1
4483600.3	5
4483600.3	2
4483600.3	2
4483600.3	5
4483600.3	487
4483600.3	1175
4483600.3	48
4483600.3	1475
4483600.3	48
4483600.3	50
4483600.3	1
4483600.3	3
4483600.3	5
4483600.3	4
4483600.3	2
4483600.3	2
4483600.3	6
4483600.3	13
4483600.3	1
4483600.3	58
4483600.3	51
4483600.3	328
4483600.3	3
4483600.3	1
4483600.3	9
4483600.3	3
4483600.3	6
4483600.3	8
4483600.3	11
4483600.3	1
4483600.3	2
4483600.3	14
4483600.3	6
4483600.3	3
4483600.3	1
4483600.3	2
4483600.3	37
4483600.3	3
4483600.3	2
4483600.3	19
4483600.3	9
4483600.3	16
4483601.3	28
4483601.3	3
4483601.3	3
4483601.3	52
4483601.3	14
4483601.3	1
4483601.3	292
4483601.3	5
4483601.3	68
4483601.3	5
4483601.3	2462
4483601.3	560
4483601.3	394
4483601.3	48
4483601.3	1
4483601.3	853
4483601.3	69
4483601.3	13
4483601.3	2
4483601.3	1
4483601.3	1
4483601.3	7
4483601.3	10
4483601.3	23
4483601.3	19
4483602.3	2
4483602.3	46
4483602.3	1
4483602.3	82
4483602.3	83
4483602.3	34
4483602.3	20
4483602.3	2
4483602.3	137
4483602.3	137
4483602.3	137
4483602.3	137
4483602.3	137
4483602.3	137
4483602.3	137
4483602.3	137
4483602.3	137
4483602.3	137
4483602.3	137
4483602.3	4
4483602.3	41
4483602.3	6
4483602.3	1
4483602.3	58
4483602.3	126
4483602.3	1
4483602.3	4
4483602.3	80
4483602.3	4
4483602.3	2
4483602.3	11
4483602.3	2
4483602.3	570
4483602.3	11
4483602.3	5
4483602.3	7
4483602.3	6
4483602.3	231
4483602.3	1
4483602.3	1
4483602.3	1
4483602.3	26
4483602.3	149
4483602.3	18
4483602.3	1
4483602.3	1
4483602.3	2
4483603.3	1
4483603.3	2
4483603.3	178
4483603.3	20
4483603.3	1
4483603.3	2
4483603.3	18
4483603.3	79
4483603.3	2
4483603.3	3
4483603.3	4
4483603.3	3
4483603.3	15
4483603.3	32
4483603.3	32
4483603.3	103
4483603.3	15
4483603.3	3
4483603.3	25
4483603.3	1
4483603.3	2
4483603.3	1
4483603.3	1
4483603.3	39
4483603.3	2
4483603.3	16
4483603.3	16
4483603.3	16
4483603.3	16
4483603.3	16
4483603.3	16
4483603.3	16
4483603.3	16
4483603.3	16
4483603.3	16
4483603.3	16
4483603.3	1
4483603.3	3
4483603.3	3
4483603.3	3
4483603.3	7
4483603.3	2
4483603.3	6
4483603.3	1
4483603.3	2
4483603.3	2
4483603.3	75
4483603.3	57
4483603.3	1
4483603.3	17
4483603.3	3
4483603.3	1
4483603.3	75
4483603.3	1
4483603.3	4
4483603.3	80
4483603.3	2
4483603.3	3
4483603.3	1
4483603.3	2
4483603.3	5
4483603.3	1
4483603.3	5
4483603.3	29
4483603.3	4
4483603.3	3
4483603.3	1
4483603.3	27
4483603.3	4
4483603.3	21
4483603.3	172
4483603.3	11
4483603.3	251
4483603.3	51
4483603.3	80
4483603.3	29
4483603.3	286
4483603.3	71
4483603.3	159
4483603.3	1
4483603.3	1
4483603.3	1
4483603.3	7
4483603.3	1
4483603.3	1
4483603.3	2
4483603.3	2
4483603.3	1
4483603.3	22
4483603.3	90
4483603.3	96
4483603.3	7
4483603.3	365
4483603.3	5
4483603.3	83
4483603.3	1
4483603.3	14
4483604.3	4
4483604.3	2
4483604.3	8
4483604.3	96
4483604.3	1
4483604.3	10
4483604.3	17
4483604.3	65
4483604.3	65
4483604.3	62
4483604.3	46
4483604.3	12
4483604.3	1
4483604.3	1
4483604.3	59
4483604.3	1
4483604.3	1
4483604.3	5
4483604.3	3
4483604.3	8
4483604.3	4
4483604.3	12
4483604.3	3
4483604.3	21
4483604.3	28
4483604.3	8
4483604.3	29
4483604.3	12
4483604.3	16
4483604.3	20
4483604.3	37
4483604.3	5
4483604.3	40
4483604.3	22
4483604.3	8
4483604.3	1
4483604.3	124
4483604.3	6
4483604.3	3
4483604.3	6
4483604.3	2
4483604.3	33
4483604.3	21
4483604.3	10
4483604.3	28
4483604.3	9
4483604.3	1
4483604.3	2
4483604.3	42
4483604.3	4
4483604.3	1
4483604.3	54
4483604.3	9
4483604.3	65
4483604.3	20
4483604.3	1
4483604.3	37
4483604.3	11
4483604.3	77
4483604.3	18
4483604.3	11
4483604.3	2
4483604.3	13
4483604.3	3
4483604.3	2
4483604.3	4
4483604.3	6
4483604.3	17
4483604.3	24
4483604.3	9
4483604.3	60
4483604.3	3
4483604.3	193
4483604.3	3
4483604.3	1
4483604.3	14
4483604.3	14
4483604.3	1
4483604.3	9
4483604.3	48
4483604.3	1
4483604.3	6
4483604.3	44
4483604.3	47
4483604.3	14
4483604.3	57
4483604.3	2
4483604.3	25
4483604.3	71
4483604.3	4
4483604.3	2
4483604.3	36
4483605.3	8
4483605.3	3
4483605.3	3
4483605.3	1
4483605.3	1
4483605.3	3
4483605.3	14
4483605.3	14
4483605.3	2
4483605.3	2
4483605.3	7
4483605.3	3
4483605.3	4
4483605.3	8
4483605.3	128
4483605.3	3
4483605.3	1
4483605.3	1
4483605.3	2
4483605.3	8
4483605.3	4
4483605.3	1
4483605.3	1
4483605.3	8
4483605.3	2
4483605.3	34
4483605.3	41
4483605.3	10
4483605.3	40
4483605.3	49
4483605.3	2
4483605.3	2
4483605.3	2
4483605.3	2
4483605.3	2
4483605.3	2
4483605.3	2
4483605.3	2
4483605.3	2
4483605.3	2
4483605.3	2
4483605.3	1
4483605.3	4
4483605.3	21
4483605.3	9
4483605.3	1
4483605.3	1
4483605.3	1
4483605.3	104
4483605.3	516
4483605.3	28
4483605.3	38
4483605.3	2
4483605.3	3
4483605.3	11
4483605.3	330
4483605.3	2
4483605.3	2
4483605.3	21
4483605.3	13
4483605.3	1350
4483605.3	9
4483605.3	1
4483605.3	272
4483605.3	1
4483605.3	242
4483605.3	80
4483605.3	7
4483605.3	18
4483605.3	7
4483605.3	45
4483605.3	37
4483605.3	39
4483605.3	30
4483605.3	10
4483605.3	6
4483605.3	1
4483605.3	80
4483605.3	1
4483605.3	1
4483605.3	70
4483605.3	33
4483605.3	6
4483605.3	1
4483605.3	142
4483605.3	6
4483605.3	231
4483605.3	36
4483605.3	31
4483605.3	10
4483605.3	327
4483605.3	25
4483605.3	2
4483605.3	28
4483605.3	24
4483605.3	1
4483605.3	201
4483605.3	35
4483605.3	3
4483605.3	1
4483605.3	7
4483605.3	2
4483605.3	6
4483605.3	1
4483605.3	14
4483605.3	73
4483605.3	22
4483605.3	20
4483605.3	135
4483605.3	12
4483605.3	4
4483605.3	35
4483605.3	4
4483605.3	20
4483605.3	22
4483605.3	50
4483605.3	12
4483605.3	1
4483605.3	4
4483605.3	32
4483605.3	1
4483605.3	3
4483605.3	2
4483605.3	2
4483605.3	3
4483605.3	8
4483605.3	46
4483605.3	1
4483605.3	10
4483605.3	11
4483605.3	4
4483605.3	18
4483605.3	1
4483605.3	179
4483605.3	20
4483605.3	4
4483605.3	2
4483605.3	1
4483605.3	20
4483606.3	1
4483606.3	46
4483606.3	1
4483606.3	1
4483606.3	1
4483606.3	3
4483606.3	1
4483606.3	115
4483606.3	115
4483606.3	36
4483606.3	1
4483606.3	9
4483606.3	1
4483606.3	1
4483606.3	1
4483606.3	1
4483606.3	2
4483606.3	1
4483606.3	2
4483606.3	9
4483606.3	2
4483606.3	3
4483606.3	5
4483606.3	5
4483606.3	5
4483606.3	5
4483606.3	5
4483606.3	5
4483606.3	5
4483606.3	5
4483606.3	5
4483606.3	5
4483606.3	5
4483606.3	45
4483606.3	22
4483606.3	1
4483606.3	1
4483606.3	100
4483606.3	9
4483606.3	8
4483606.3	1
4483606.3	1
4483606.3	4
4483606.3	62
4483606.3	48
4483606.3	55
4483606.3	18
4483606.3	111
4483606.3	1
4483606.3	5
4483606.3	3
4483606.3	1
4483606.3	45
4483606.3	5
4483606.3	20
4483606.3	140
4483606.3	3
4483606.3	1
4483606.3	1
4483606.3	250
4483606.3	1
4483606.3	79
4483606.3	26
4483606.3	8
4483606.3	3
4483606.3	4
4483606.3	1
4483606.3	1
4483606.3	40
4483606.3	40
4483606.3	6
4483606.3	1
4483606.3	37
4483606.3	141
4483606.3	3
4483606.3	51
4483606.3	1
4483606.3	1
4483606.3	43
4483606.3	7
4483606.3	317
4483606.3	106
4483606.3	1
4483606.3	1
4483606.3	123
4483606.3	132
4483606.3	11
4483606.3	1
4483606.3	31
4483606.3	5
4483606.3	3
4483606.3	1
4483606.3	1
4483606.3	18
4483606.3	6
4483606.3	1
4483606.3	1
4483606.3	2
4483606.3	3
4483606.3	1
4483606.3	11
4483606.3	38
4483606.3	650
4483606.3	8
4483606.3	28
4483606.3	2
4483606.3	23
4483606.3	2
4483606.3	1
4483606.3	4
4483606.3	2
4483606.3	2
4483606.3	1
4483606.3	1
4483606.3	38
4483607.3	1
4483607.3	4
4483607.3	9
4483607.3	15
4483607.3	12
4483607.3	2
4483607.3	1
4483607.3	1
4483607.3	2
4483607.3	2
4483607.3	110
4483607.3	7
4483607.3	1
4483607.3	13
4483607.3	2
4483607.3	1
4483607.3	2
4483607.3	1
4483607.3	1
4483607.3	1
4483607.3	3
4483607.3	78
4483607.3	77
4483607.3	18
4483607.3	2
4483607.3	2
4483607.3	4
4483607.3	5
4483607.3	3
4483607.3	98
4483607.3	332
4483607.3	38
4483607.3	1
4483607.3	2
4483607.3	2
4483607.3	5
4483607.3	1
4483607.3	25
4483607.3	49
4483607.3	76
4483607.3	44
4483607.3	66
4483607.3	3566
4483607.3	1
4483607.3	384
4483607.3	36
4483607.3	5
4483607.3	94
4483607.3	1088
4483607.3	105
4483607.3	2
4483607.3	604
4483607.3	2
4483607.3	802
4483607.3	39
4483607.3	94
4483607.3	892
4483607.3	11
4483607.3	1
4483607.3	2
4483607.3	2
4483607.3	100
4483607.3	1
4483607.3	516
4483607.3	7
4483607.3	1
4483607.3	1
4483607.3	1
4483607.3	66
4483607.3	130
4483607.3	1
4483607.3	3
4483607.3	5
4483608.3	9
4483608.3	2
4483608.3	1
4483608.3	14
4483608.3	1
4483608.3	28
4483608.3	1
4483608.3	1
4483608.3	1
4483608.3	10
4483608.3	42
4483608.3	299
4483608.3	312
4483608.3	352
4483608.3	21
4483608.3	15
4483608.3	12
4483608.3	2
4483608.3	1
4483608.3	4
4483608.3	4
4483608.3	2
4483608.3	1
4483608.3	3
4483608.3	9
4483608.3	8
4483608.3	1
4483608.3	1
4483608.3	4
4483608.3	3
4483608.3	13
4483608.3	1
4483608.3	12
4483608.3	12
4483608.3	12
4483608.3	12
4483608.3	12
4483608.3	12
4483608.3	12
4483608.3	12
4483608.3	12
4483608.3	12
4483608.3	12
4483608.3	2
4483608.3	2
4483608.3	1
4483608.3	26
4483608.3	2
4483608.3	57
4483608.3	253
4483608.3	4
4483608.3	1
4483608.3	9
4483608.3	2
4483608.3	5
4483608.3	1
4483608.3	16
4483608.3	5
4483608.3	4
4483608.3	1
4483608.3	8
4483608.3	1
4483608.3	1
4483608.3	1
4483608.3	8
4483608.3	1
4483608.3	14
4483608.3	65
4483608.3	3
4483608.3	40
4483608.3	16
4483608.3	3
4483608.3	1
4483608.3	5
4483608.3	40
4483608.3	2
4483608.3	27
4483608.3	1
4483608.3	6
4483608.3	1
4483608.3	6
4483608.3	145
4483608.3	2
4483608.3	332
4483608.3	4
4483608.3	47
4483608.3	48
4483608.3	21
4483608.3	20
4483608.3	147
4483608.3	4
4483608.3	153
4483608.3	71
4483608.3	45
4483608.3	1
4483608.3	37
4483608.3	31
4483608.3	2
4483608.3	7
4483608.3	3
4483608.3	7
4483608.3	15
4483608.3	3
4483608.3	61
4483608.3	3
4483608.3	1
4483608.3	24
4483608.3	39
4483608.3	17
4483608.3	1
4483608.3	1
4483608.3	190
4483608.3	86
4483608.3	104
4483608.3	1
4483608.3	36
4483608.3	18
4483608.3	2
4483608.3	1
4483608.3	20
4483608.3	23
4483609.3	1
4483609.3	1
4483609.3	27
4483609.3	42
4483609.3	27
4483609.3	1
4483609.3	6
4483609.3	5
4483609.3	782
4483609.3	789
4483609.3	268
4483609.3	2
4483609.3	14
4483609.3	1
4483609.3	3
4483609.3	19
4483609.3	1
4483609.3	33
4483609.3	11
4483609.3	8
4483609.3	8
4483609.3	8
4483609.3	8
4483609.3	8
4483609.3	8
4483609.3	8
4483609.3	8
4483609.3	8
4483609.3	8
4483609.3	8
4483609.3	18
4483609.3	234
4483609.3	21
4483609.3	9
4483609.3	27
4483609.3	1
4483609.3	5
4483609.3	1
4483609.3	21
4483609.3	13
4483609.3	5
4483609.3	1
4483609.3	258
4483609.3	9
4483609.3	2
4483609.3	5
4483609.3	18
4483609.3	5
4483609.3	1
4483609.3	5
4483609.3	72
4483609.3	8
4483609.3	32
4483609.3	663
4483609.3	44
4483609.3	50
4483609.3	338
4483609.3	18
4483609.3	2
4483609.3	12
4483609.3	6
4483609.3	98
4483609.3	13
4483609.3	2
4483609.3	8
4483609.3	2
4483609.3	1
4483609.3	1
4483609.3	1
4483609.3	21
4483609.3	58
4483609.3	466
4483609.3	80
4483609.3	148
4483609.3	4
4483609.3	3
4483609.3	1
4483609.3	12
4483609.3	34
4483610.3	1
4483610.3	2
4483610.3	2
4483610.3	12
4483610.3	21
4483610.3	137
4483610.3	19
4483610.3	3
4483610.3	3
4483610.3	86
4483610.3	2
4483610.3	2
4483610.3	14
4483610.3	7
4483610.3	1
4483610.3	2
4483610.3	113
4483610.3	13
4483610.3	41
4483610.3	3
4483610.3	1
4483610.3	1
4483610.3	7
4483610.3	1
4483610.3	1
4483610.3	502
4483610.3	3101
4483610.3	77
4483610.3	42
4483610.3	521
4483610.3	11
4483610.3	1729
4483610.3	1
4483610.3	1
4483610.3	20
4483610.3	120
4483610.3	182
4483610.3	217
4483610.3	109
4483610.3	18
4483610.3	1
4483611.3	3
4483611.3	215
4483611.3	27
4483611.3	48
4483611.3	67
4483611.3	5
4483611.3	6
4483611.3	44
4483611.3	63
4483611.3	180
4483611.3	85
4483611.3	8
4483611.3	11
4483611.3	2137
4483611.3	775
4483611.3	798
4483611.3	333
4483611.3	55
4483611.3	694
4483611.3	459
4483611.3	230
4483611.3	19
4483611.3	43
4483611.3	13
4483611.3	143
4483611.3	9
4483611.3	65
4483611.3	75
4483611.3	43
4483611.3	99
4483611.3	29
4483612.3	2
4483612.3	1
4483612.3	24
4483612.3	6
4483612.3	15
4483612.3	15
4483612.3	96
4483612.3	15
4483612.3	1
4483612.3	39
4483612.3	1
4483612.3	52
4483612.3	369
4483612.3	2
4483612.3	1
4483612.3	272
4483612.3	3078
4483612.3	762
4483612.3	1
4483612.3	278
4483612.3	31
4483612.3	39
4483612.3	4
4483612.3	1
4483612.3	44
4483612.3	3
4483612.3	30
4483612.3	16
4483612.3	4
4483612.3	4
4483613.3	40
4483613.3	12
4483613.3	38
4483613.3	1
4483613.3	94
4483613.3	158
4483613.3	1
4483613.3	4
4483613.3	34
4483613.3	1
4483613.3	7
4483613.3	39
4483613.3	1099
4483613.3	4339
4483613.3	1
4483613.3	15
4483613.3	2984
4483613.3	262
4483613.3	128
4483613.3	65
4483613.3	1
4483613.3	28
4483613.3	1
4483613.3	1
4483613.3	40
4483613.3	2
4483614.3	1
4483614.3	1
4483614.3	2
4483614.3	2
4483614.3	3
4483614.3	2
4483614.3	4
4483614.3	27
4483614.3	6
4483614.3	1
4483614.3	1
4483614.3	82
4483614.3	123
4483614.3	159
4483614.3	1
4483614.3	5
4483614.3	6
4483614.3	5
4483614.3	1
4483614.3	1
4483614.3	3
4483614.3	1
4483614.3	5
4483614.3	12
4483614.3	10
4483614.3	1
4483614.3	2
4483614.3	1
4483614.3	2
4483614.3	2
4483614.3	155
4483614.3	236
4483614.3	3
4483614.3	111
4483614.3	22
4483614.3	27
4483614.3	3
4483614.3	19
4483614.3	1
4483614.3	140
4483614.3	3
4483614.3	1
4483614.3	4
4483614.3	405
4483614.3	2
4483614.3	1
4483614.3	2
4483614.3	16
4483614.3	30
4483614.3	1
4483614.3	10
4483614.3	41
4483614.3	1
4483614.3	4
4483614.3	10
4483614.3	97
4483614.3	481
4483614.3	19
4483614.3	126
4483614.3	111
4483614.3	32
4483614.3	109
4483614.3	65
4483614.3	1
4483614.3	1
4483614.3	2
4483614.3	6
4483614.3	1
4483614.3	3
4483614.3	5
4483614.3	2
4483614.3	7
4483614.3	2
4483614.3	15
4483614.3	64
4483614.3	25
4483614.3	1
4483614.3	6
4483614.3	7
4483614.3	1
4483614.3	1
4483614.3	4
4483614.3	3
4483614.3	1
4483615.3	1
4483615.3	1
4483615.3	1
4483615.3	6
4483615.3	6
4483615.3	40
4483615.3	22
4483615.3	16
4483615.3	1
4483615.3	6
4483615.3	33
4483615.3	23
4483615.3	7
4483615.3	4
4483615.3	3
4483615.3	2
4483615.3	1
4483615.3	1
4483615.3	3
4483615.3	2
4483615.3	4
4483615.3	5
4483615.3	1
4483615.3	18
4483615.3	3
4483615.3	2
4483615.3	1
4483615.3	6
4483615.3	267
4483615.3	28
4483615.3	1
4483615.3	6
4483615.3	2
4483615.3	2
4483615.3	1
4483615.3	66
4483615.3	1
4483615.3	5
4483615.3	8
4483615.3	2
4483615.3	6
4483615.3	1
4483615.3	1
4483615.3	33
4483615.3	29
4483615.3	2
4483615.3	27
4483615.3	67
4483615.3	7
4483615.3	305
4483615.3	96
4483615.3	2
4483615.3	36
4483615.3	61
4483615.3	56
4483615.3	81
4483615.3	295
4483615.3	4
4483615.3	2
4483615.3	2
4483615.3	1
4483615.3	50
4483615.3	1
4483615.3	3
4483615.3	61
4483615.3	3
4483615.3	1
4483615.3	44
4483616.3	17
4483616.3	5
4483616.3	1
4483616.3	2
4483616.3	1
4483616.3	1
4483616.3	2
4483616.3	16
4483616.3	16
4483616.3	12
4483616.3	1
4483616.3	2
4483616.3	1
4483616.3	5
4483616.3	1
4483616.3	3
4483616.3	15
4483616.3	2
4483616.3	6
4483616.3	2
4483616.3	15
4483616.3	1
4483616.3	36
4483616.3	6
4483616.3	1
4483616.3	2
4483616.3	13
4483616.3	73
4483616.3	68
4483616.3	189
4483616.3	3
4483616.3	342
4483616.3	9
4483616.3	12
4483616.3	118
4483616.3	78
4483616.3	10
4483616.3	3
4483616.3	225
4483616.3	16
4483616.3	4
4483616.3	1173
4483616.3	30
4483616.3	1
4483616.3	13
4483616.3	1
4483616.3	11
4483616.3	1
4483616.3	44
4483616.3	1
4483616.3	1
4483616.3	2
4483616.3	1
4483616.3	1
4483616.3	2
4483616.3	4
4483616.3	2
4483616.3	2
4483616.3	1
4483616.3	1
4483616.3	169
4483617.3	1
4483617.3	1
4483617.3	1
4483617.3	1
4483617.3	6
4483617.3	7
4483617.3	1
4483617.3	1
4483617.3	23
4483617.3	35
4483617.3	25
4483617.3	10
4483617.3	10
4483617.3	2
4483617.3	3
4483617.3	1
4483617.3	13
4483617.3	5
4483617.3	1
4483617.3	1
4483617.3	1
4483617.3	7
4483617.3	1
4483617.3	16
4483617.3	3
4483617.3	4
4483617.3	2
4483617.3	6
4483617.3	5
4483617.3	1
4483617.3	8
4483617.3	2
4483617.3	3
4483617.3	3
4483617.3	1
4483617.3	120
4483617.3	318
4483617.3	2
4483617.3	1
4483617.3	7
4483617.3	1
4483617.3	1
4483617.3	4
4483617.3	94
4483617.3	2
4483617.3	14
4483617.3	2
4483617.3	5
4483617.3	1
4483617.3	1
4483617.3	9
4483617.3	5
4483617.3	5
4483617.3	3
4483617.3	89
4483617.3	3
4483617.3	11
4483617.3	1
4483617.3	12
4483617.3	132
4483617.3	123
4483617.3	2
4483617.3	32
4483617.3	4
4483617.3	391
4483617.3	124
4483617.3	142
4483617.3	134
4483617.3	214
4483617.3	6
4483617.3	20
4483617.3	648
4483617.3	8
4483617.3	1
4483617.3	1
4483617.3	2
4483617.3	2
4483617.3	11
4483617.3	1
4483617.3	7
4483617.3	1
4483617.3	1
4483617.3	1
4483617.3	7
4483617.3	35
4483617.3	5
4483617.3	1
4483617.3	157
4483617.3	9
4483617.3	1
4483617.3	3
4483617.3	2
4483617.3	1
4483617.3	1
4483617.3	5
4483617.3	13
4483617.3	27
4483617.3	53
4483617.3	1
4483617.3	6
4483617.3	8
4483617.3	3
4483617.3	9
4483617.3	1
4483617.3	61
4483618.3	4
4483618.3	1
4483618.3	11
4483618.3	40
4483618.3	109
4483618.3	104
4483618.3	156
4483618.3	1
4483618.3	3
4483618.3	9
4483618.3	63
4483618.3	63
4483618.3	1
4483618.3	3
4483618.3	1
4483618.3	1
4483618.3	3
4483618.3	4
4483618.3	135
4483618.3	1
4483618.3	1
4483618.3	2
4483618.3	8
4483618.3	67
4483618.3	2
4483618.3	6
4483618.3	2
4483618.3	2
4483618.3	1
4483618.3	3
4483618.3	67
4483618.3	272
4483618.3	11
4483618.3	3
4483618.3	6
4483618.3	53
4483618.3	1
4483618.3	2
4483618.3	9
4483618.3	2
4483618.3	26
4483618.3	1325
4483618.3	6
4483618.3	35
4483618.3	342
4483618.3	280
4483618.3	62
4483618.3	37
4483618.3	1
4483618.3	3
4483618.3	3
4483618.3	3
4483618.3	1
4483618.3	7
4483618.3	3
4483618.3	2
4483618.3	3
4483618.3	3
4483618.3	1
4483618.3	2
4483618.3	1
4483618.3	13
4483618.3	366
4483618.3	5
4483618.3	12
4483618.3	5
4483618.3	1
4483618.3	1
4483618.3	4
4483618.3	15
4483619.3	11
4483619.3	8
4483619.3	2
4483619.3	4
4483619.3	9
4483619.3	9
4483619.3	17
4483619.3	16
4483619.3	15
4483619.3	3
4483619.3	51
4483619.3	18
4483619.3	6
4483619.3	6
4483619.3	10
4483619.3	123
4483619.3	1
4483619.3	2
4483619.3	1
4483619.3	3
4483619.3	4
4483619.3	11
4483619.3	27
4483619.3	1
4483619.3	1
4483619.3	2
4483619.3	3
4483619.3	34
4483619.3	6
4483619.3	5
4483619.3	7
4483619.3	1
4483619.3	53
4483619.3	1
4483619.3	7
4483619.3	15
4483619.3	2
4483619.3	5
4483619.3	1
4483619.3	41
4483619.3	1
4483619.3	1
4483619.3	9
4483619.3	26
4483619.3	45
4483619.3	1
4483619.3	7
4483619.3	7
4483619.3	7
4483619.3	7
4483619.3	7
4483619.3	7
4483619.3	7
4483619.3	7
4483619.3	7
4483619.3	7
4483619.3	7
4483619.3	3
4483619.3	1
4483619.3	2
4483619.3	12
4483619.3	1
4483619.3	36
4483619.3	2
4483619.3	2
4483619.3	56
4483619.3	1
4483619.3	55
4483619.3	19
4483619.3	8
4483619.3	49
4483619.3	28
4483619.3	1
4483619.3	25
4483619.3	4
4483619.3	17
4483619.3	11
4483619.3	9
4483619.3	154
4483619.3	1
4483619.3	105
4483619.3	1567
4483619.3	9
4483619.3	6
4483619.3	127
4483619.3	143
4483619.3	478
4483619.3	35
4483619.3	8
4483619.3	2
4483619.3	1
4483619.3	5
4483619.3	1
4483619.3	28
4483619.3	25
4483619.3	14
4483619.3	20
4483619.3	1
4483619.3	9
4483619.3	6
4483619.3	1
4483619.3	23
4483619.3	1
4483619.3	3
4483619.3	7
4483619.3	1
4483619.3	2
4483619.3	92
4483619.3	9
4483619.3	7
4483619.3	170
4483619.3	132
4483619.3	2
4483619.3	9
4483619.3	2
4483619.3	2
4483619.3	46
4483619.3	4
4483619.3	34
4483619.3	4
4483619.3	12
4483619.3	8
4483619.3	1
4483619.3	5
4483619.3	1
4483619.3	12
4483619.3	18
4483619.3	5
4483619.3	5
4483619.3	4
4483619.3	2
4483619.3	1
4483619.3	1
4483619.3	2
4483619.3	31
4483620.3	2
4483620.3	4
4483620.3	1
4483620.3	1
4483620.3	1
4483620.3	1
4483620.3	3
4483620.3	3
4483620.3	2
4483620.3	11
4483620.3	24
4483620.3	22
4483620.3	4
4483620.3	19
4483620.3	7
4483620.3	12
4483620.3	19
4483620.3	21
4483620.3	12
4483620.3	55
4483620.3	17
4483620.3	9
4483620.3	3
4483620.3	14
4483620.3	6
4483620.3	486
4483620.3	13
4483620.3	34
4483620.3	43
4483620.3	62
4483620.3	2
4483620.3	1259
4483620.3	2
4483620.3	4
4483620.3	11
4483620.3	3
4483620.3	10
4483620.3	35
4483620.3	5
4483620.3	3486
4483620.3	131
4483620.3	4
4483620.3	4
4483620.3	4
4483620.3	1
4483620.3	1
4483620.3	2
4483620.3	1
4483620.3	10
4483620.3	1
4483620.3	484
4483621.3	1
4483621.3	57
4483621.3	1
4483621.3	7
4483621.3	18
4483621.3	1
4483621.3	28
4483621.3	1
4483621.3	19
4483621.3	3
4483621.3	54
4483621.3	2
4483621.3	24
4483621.3	2
4483621.3	7
4483621.3	1
4483621.3	12
4483621.3	72
4483621.3	11
4483621.3	5
4483621.3	2
4483621.3	2624
4483621.3	18
4483621.3	15
4483621.3	1663
4483621.3	55
4483621.3	78
4483621.3	557
4483621.3	40
4483621.3	13
4483621.3	8
4483621.3	43
4483622.3	3
4483622.3	2
4483622.3	1
4483622.3	15
4483622.3	4
4483622.3	11
4483622.3	4
4483622.3	3
4483622.3	57
4483622.3	57
4483622.3	27
4483622.3	2
4483622.3	1
4483622.3	32
4483622.3	1
4483622.3	1
4483622.3	3
4483622.3	1
4483622.3	2
4483622.3	13
4483622.3	219
4483622.3	86
4483622.3	42
4483622.3	24
4483622.3	3
4483622.3	1
4483622.3	6
4483622.3	7
4483622.3	174
4483622.3	1
4483622.3	37
4483622.3	2
4483622.3	18
4483622.3	439
4483622.3	2776
4483622.3	16
4483622.3	9
4483622.3	925
4483622.3	137
4483622.3	137
4483622.3	26
4483622.3	1
4483622.3	4
4483622.3	3
4483622.3	1
4483622.3	2
4483622.3	5
4483622.3	8
4483622.3	16
4483622.3	18
4483622.3	7
4483622.3	1
4483623.3	1
4483623.3	1
4483623.3	6
4483623.3	4
4483623.3	2
4483623.3	2
4483623.3	61
4483623.3	39
4483623.3	39
4483623.3	56
4483623.3	3
4483623.3	3
4483623.3	50
4483623.3	3
4483623.3	10
4483623.3	3
4483623.3	21
4483623.3	5
4483623.3	2
4483623.3	6
4483623.3	858
4483623.3	28
4483623.3	46
4483623.3	1
4483623.3	1
4483623.3	6
4483623.3	58
4483623.3	2
4483623.3	3
4483623.3	20
4483623.3	37
4483623.3	110
4483623.3	3
4483623.3	100
4483623.3	15
4483623.3	7
4483623.3	5
4483623.3	71
4483623.3	882
4483623.3	1836
4483623.3	262
4483623.3	178
4483623.3	1
4483623.3	261
4483623.3	2
4483623.3	4
4483623.3	1
4483623.3	8
4483623.3	3
4483623.3	5
4483623.3	3
4483623.3	1
4483623.3	1
4483623.3	4
4483623.3	1
4483623.3	3
4483623.3	26
4483623.3	3
4483623.3	1
4483623.3	48
4483623.3	47
4483623.3	32
4483624.3	1
4483624.3	1
4483624.3	1
4483624.3	3
4483624.3	3
4483624.3	20
4483624.3	10
4483624.3	1
4483624.3	4
4483624.3	12
4483624.3	27
4483624.3	11
4483624.3	2
4483624.3	92
4483624.3	1
4483624.3	35
4483624.3	33
4483624.3	3
4483624.3	50
4483624.3	565
4483624.3	2
4483624.3	43
4483624.3	4
4483624.3	986
4483624.3	1027
4483624.3	86
4483624.3	5
4483624.3	371
4483624.3	1
4483624.3	311
4483624.3	50
4483624.3	39
4483624.3	6
4483624.3	24
4483624.3	1
4483624.3	31
4483624.3	1
4483624.3	2
4483624.3	4
4483624.3	10
4483624.3	3
4483624.3	2
4483624.3	30
4483625.3	1
4483625.3	44
4483625.3	60
4483625.3	19
4483625.3	12
4483625.3	27
4483625.3	2
4483625.3	2
4483625.3	25
4483625.3	3
4483625.3	3
4483625.3	3
4483625.3	2
4483625.3	14
4483625.3	3
4483625.3	5
4483625.3	1
4483625.3	1
4483625.3	5
4483625.3	2
4483625.3	7
4483625.3	1
4483625.3	141
4483625.3	156
4483625.3	1
4483625.3	98
4483625.3	10
4483625.3	46
4483625.3	4
4483625.3	2
4483625.3	2
4483625.3	78
4483625.3	3
4483625.3	122
4483625.3	3
4483625.3	7
4483625.3	327
4483625.3	1
4483625.3	3
4483625.3	79
4483625.3	824
4483625.3	2190
4483625.3	22
4483625.3	393
4483625.3	697
4483625.3	97
4483625.3	189
4483625.3	487
4483625.3	49
4483625.3	4
4483625.3	2
4483625.3	1
4483625.3	1
4483625.3	1
4483625.3	2
4483625.3	9
4483625.3	47
4483625.3	2
4483625.3	59
4483626.3	2
4483626.3	1
4483626.3	8
4483626.3	1
4483626.3	1
4483626.3	4
4483626.3	56
4483626.3	113
4483626.3	34
4483626.3	16
4483626.3	45
4483626.3	2
4483626.3	7
4483626.3	57
4483626.3	57
4483626.3	14
4483626.3	1
4483626.3	1
4483626.3	26
4483626.3	2
4483626.3	3
4483626.3	2
4483626.3	12
4483626.3	7
4483626.3	17
4483626.3	3
4483626.3	1
4483626.3	4
4483626.3	1
4483626.3	85
4483626.3	14
4483626.3	3
4483626.3	1
4483626.3	12
4483626.3	104
4483626.3	1
4483626.3	7
4483626.3	1
4483626.3	126
4483626.3	15
4483626.3	13
4483626.3	158
4483626.3	11
4483626.3	3
4483626.3	50
4483626.3	140
4483626.3	1066
4483626.3	37
4483626.3	198
4483626.3	135
4483626.3	270
4483626.3	100
4483626.3	8
4483626.3	304
4483626.3	9
4483626.3	1
4483626.3	4
4483626.3	12
4483626.3	24
4483626.3	1
4483626.3	1
4483626.3	4
4483626.3	1
4483626.3	25
4483626.3	328
4483626.3	9
4483626.3	11
4483626.3	1
4483626.3	60
4483627.3	8
4483627.3	1
4483627.3	8
4483627.3	2
4483627.3	38
4483627.3	2
4483627.3	1
4483627.3	1
4483627.3	2
4483627.3	10
4483627.3	26
4483627.3	1
4483627.3	30
4483627.3	1
4483627.3	28
4483627.3	3
4483627.3	2
4483627.3	4
4483627.3	1
4483627.3	1
4483627.3	1
4483627.3	1
4483627.3	1
4483627.3	1
4483627.3	1
4483627.3	1
4483627.3	1
4483627.3	1
4483627.3	1
4483627.3	5
4483627.3	3
4483627.3	244
4483627.3	2
4483627.3	24
4483627.3	72
4483627.3	205
4483627.3	1
4483627.3	1
4483627.3	105
4483627.3	1
4483627.3	11
4483627.3	2
4483627.3	400
4483627.3	2507
4483627.3	106
4483627.3	6
4483627.3	742
4483627.3	109
4483627.3	230
4483627.3	1
4483627.3	3
4483627.3	2
4483627.3	1
4483627.3	20
4483627.3	5
4483627.3	11
4483627.3	2
4483627.3	3
4483627.3	8
4483627.3	15
4483627.3	9
4483627.3	89
4483628.3	3
4483628.3	3
4483628.3	25
4483628.3	22
4483628.3	826
4483628.3	1
4483628.3	17
4483628.3	17
4483628.3	11
4483628.3	2
4483628.3	225
4483628.3	8
4483628.3	18
4483628.3	91
4483628.3	1
4483628.3	1
4483628.3	427
4483628.3	1
4483628.3	8
4483628.3	17
4483628.3	1564
4483628.3	4098
4483628.3	232
4483628.3	2544
4483628.3	225
4483628.3	1
4483628.3	44
4483628.3	1
4483628.3	5
4483628.3	6
4483628.3	5
4483628.3	33
4483628.3	1
4483629.3	1
4483629.3	8
4483629.3	1
4483629.3	5
4483629.3	1
4483629.3	432
4483629.3	26
4483629.3	57
4483629.3	27
4483629.3	93
4483629.3	1
4483629.3	2
4483629.3	172
4483629.3	172
4483629.3	25
4483629.3	2
4483629.3	5
4483629.3	266
4483629.3	2
4483629.3	22
4483629.3	130
4483629.3	68
4483629.3	266
4483629.3	29
4483629.3	64
4483629.3	1
4483629.3	82
4483629.3	1
4483629.3	1
4483629.3	1
4483629.3	468
4483629.3	1924
4483629.3	205
4483629.3	3
4483629.3	213
4483629.3	39
4483629.3	1942
4483629.3	23
4483629.3	4
4483629.3	338
4483629.3	2
4483629.3	1
4483629.3	9
4483629.3	32
4483629.3	10
4483630.3	2
4483630.3	7
4483630.3	5
4483630.3	3
4483630.3	41
4483630.3	13
4483630.3	3
4483630.3	6
4483630.3	1
4483630.3	1
4483630.3	4
4483630.3	1
4483630.3	1
4483630.3	4
4483630.3	1
4483630.3	3
4483630.3	2
4483630.3	1
4483630.3	2
4483630.3	1
4483630.3	2
4483630.3	2
4483630.3	2
4483630.3	2
4483630.3	2
4483630.3	2
4483630.3	2
4483630.3	2
4483630.3	2
4483630.3	2
4483630.3	2
4483630.3	1
4483630.3	21
4483630.3	4
4483630.3	24
4483630.3	5
4483630.3	4
4483630.3	2
4483630.3	5
4483630.3	85
4483630.3	15
4483630.3	2
4483630.3	4
4483630.3	4
4483630.3	2973
4483630.3	2129
4483630.3	28
4483630.3	1000
4483630.3	641
4483630.3	123
4483630.3	77
4483630.3	5
4483630.3	1
4483630.3	1
4483630.3	4
4483630.3	1
4483630.3	1
4483630.3	2
4483630.3	2
4483630.3	3
4483630.3	2
4483630.3	77
4483630.3	2
4483630.3	1
4483630.3	5
4483630.3	8
4483630.3	1
4483630.3	7
4483630.3	1
4483630.3	2
4483630.3	19
4483631.3	1
4483631.3	47
4483631.3	3
4483631.3	1
4483631.3	1
4483631.3	2
4483631.3	16
4483631.3	1
4483631.3	1
4483631.3	3
4483631.3	2
4483631.3	48
4483631.3	38
4483631.3	21
4483631.3	4
4483631.3	2
4483631.3	1424
4483631.3	72
4483631.3	2
4483631.3	357
4483631.3	16
4483631.3	44
4483631.3	2
4483631.3	243
4483631.3	1964
4483631.3	4
4483631.3	22
4483631.3	566
4483631.3	25
4483631.3	52
4483631.3	352
4483631.3	1
4483631.3	1
4483631.3	6
4483631.3	16
4483631.3	11
4483631.3	1
4483631.3	2
4483631.3	501
4483631.3	2
4483631.3	1
4483631.3	4
4483631.3	1
4483631.3	3
4483631.3	4
4483631.3	12
4483631.3	8
4483631.3	2
4483631.3	2
4483631.3	7
4483632.3	9
4483632.3	5
4483632.3	1
4483632.3	1
4483632.3	1
4483632.3	2
4483632.3	2
4483632.3	1
4483632.3	3
4483632.3	1
4483632.3	1134
4483632.3	1
4483632.3	3
4483632.3	9
4483632.3	3
4483632.3	2
4483632.3	70
4483632.3	336
4483632.3	248
4483632.3	6
4483632.3	147
4483632.3	85
4483632.3	37
4483632.3	69
4483632.3	11
4483632.3	1
4483632.3	1
4483632.3	1
4483632.3	28
4483632.3	4
4483632.3	8
4483633.3	5
4483633.3	1
4483633.3	5
4483633.3	8
4483633.3	8
4483633.3	1
4483633.3	35
4483633.3	1
4483633.3	10
4483633.3	10
4483633.3	1
4483633.3	2
4483633.3	1
4483633.3	6
4483633.3	3
4483633.3	11
4483633.3	60
4483633.3	25
4483633.3	439
4483633.3	76
4483633.3	70
4483633.3	9
4483633.3	270
4483633.3	190
4483633.3	2
4483633.3	34
4483633.3	1
4483633.3	18
4483633.3	916
4483633.3	2392
4483633.3	1
4483633.3	529
4483633.3	265
4483633.3	13
4483633.3	11
4483633.3	474
4483633.3	41
4483633.3	89
4483633.3	5
4483633.3	2
4483633.3	1
4483633.3	1
4483633.3	26
4483633.3	5
4483633.3	2
4483633.3	78
4483633.3	6
4483633.3	1
4483634.3	1
4483634.3	4
4483634.3	1
4483634.3	4
4483634.3	2
4483634.3	5
4483634.3	9
4483634.3	7
4483634.3	10
4483634.3	180
4483634.3	91
4483634.3	1
4483634.3	6
4483634.3	1
4483634.3	9
4483634.3	18
4483634.3	18
4483634.3	1
4483634.3	4
4483634.3	4
4483634.3	2
4483634.3	2
4483634.3	9
4483634.3	1
4483634.3	1
4483634.3	2
4483634.3	1
4483634.3	1
4483634.3	1
4483634.3	164
4483634.3	123
4483634.3	20
4483634.3	1
4483634.3	12
4483634.3	121
4483634.3	2
4483634.3	1
4483634.3	6
4483634.3	72
4483634.3	1
4483634.3	57
4483634.3	7
4483634.3	15
4483634.3	9
4483634.3	56
4483634.3	96
4483634.3	5
4483634.3	6
4483634.3	33
4483634.3	752
4483634.3	1174
4483634.3	59
4483634.3	72
4483634.3	128
4483634.3	243
4483634.3	84
4483634.3	33
4483634.3	28
4483634.3	155
4483634.3	1
4483634.3	2
4483634.3	1
4483634.3	1
4483634.3	1
4483634.3	1
4483634.3	1
4483634.3	5
4483634.3	1
4483634.3	6
4483634.3	1
4483634.3	2
4483634.3	14
4483634.3	226
4483634.3	1
4483634.3	7
4483634.3	8
4483634.3	2
4483634.3	6
4483634.3	1
4483634.3	1
4483635.3	1
4483635.3	8
4483635.3	1
4483635.3	21
4483635.3	1
4483635.3	4
4483635.3	1
4483635.3	32
4483635.3	5
4483635.3	6
4483635.3	1
4483635.3	13
4483635.3	32
4483635.3	2
4483635.3	1
4483635.3	1
4483635.3	12
4483635.3	82
4483635.3	1
4483635.3	2
4483635.3	186
4483635.3	27
4483635.3	1
4483635.3	1
4483635.3	1
4483635.3	1
4483635.3	4
4483635.3	1
4483635.3	2
4483635.3	1
4483635.3	149
4483635.3	21
4483635.3	41
4483635.3	17
4483635.3	2
4483635.3	5
4483635.3	2
4483635.3	10
4483635.3	501
4483635.3	2
4483635.3	10
4483635.3	200
4483635.3	2000
4483635.3	1
4483635.3	46
4483635.3	1125
4483635.3	3
4483635.3	3
4483635.3	29
4483635.3	5
4483635.3	5
4483635.3	3
4483635.3	1
4483635.3	2
4483635.3	87
4483635.3	3
4483635.3	1
4483635.3	1
4483635.3	2
4483635.3	336
4483635.3	1
4483635.3	1
4483635.3	6
4483635.3	1
4483635.3	26
4483635.3	17
4483635.3	29
4483635.3	558
4483635.3	2
4483635.3	37
4483635.3	1
4483635.3	3
4483635.3	20
4483635.3	1
4483635.3	14
4483635.3	2
4483635.3	1
4483635.3	3
4483635.3	23
4483635.3	1
4483635.3	3
4483635.3	1
4483635.3	48
4483635.3	21
4483635.3	9
4483635.3	5
4483635.3	456
4483636.3	1
4483636.3	1
4483636.3	6
4483636.3	12
4483636.3	38
4483636.3	29
4483636.3	4
4483636.3	1
4483636.3	4
4483636.3	2
4483636.3	1
4483636.3	1
4483636.3	61
4483636.3	10
4483636.3	5
4483636.3	1
4483636.3	1
4483636.3	3
4483636.3	24
4483636.3	1
4483636.3	1
4483636.3	2
4483636.3	1
4483636.3	3
4483636.3	1
4483636.3	1
4483636.3	1
4483636.3	477
4483636.3	428
4483636.3	20
4483636.3	1
4483636.3	2
4483636.3	2
4483636.3	1
4483636.3	129
4483636.3	1
4483636.3	81
4483636.3	3
4483636.3	1
4483636.3	153
4483636.3	161
4483636.3	3
4483636.3	18
4483636.3	275
4483636.3	511
4483636.3	46
4483636.3	25
4483636.3	148
4483636.3	198
4483636.3	10
4483636.3	269
4483636.3	5
4483636.3	22
4483636.3	3
4483636.3	1
4483636.3	26
4483636.3	1
4483636.3	1
4483636.3	5
4483636.3	83
4483636.3	3
4483636.3	3
4483636.3	1
4483636.3	20
4483637.3	1
4483637.3	1
4483637.3	4
4483637.3	3
4483637.3	1
4483637.3	10
4483637.3	22
4483637.3	2
4483637.3	10
4483637.3	10
4483637.3	3
4483637.3	2
4483637.3	31
4483637.3	69
4483637.3	82
4483637.3	46
4483637.3	22
4483637.3	7
4483637.3	12
4483637.3	1
4483637.3	1
4483637.3	11
4483637.3	1
4483637.3	1
4483637.3	1
4483637.3	1
4483637.3	7
4483637.3	1
4483637.3	1
4483637.3	1
4483637.3	1
4483637.3	1
4483637.3	1
4483637.3	1
4483637.3	1
4483637.3	1
4483637.3	1
4483637.3	1
4483637.3	2
4483637.3	5
4483637.3	1
4483637.3	1
4483637.3	1
4483637.3	100
4483637.3	1
4483637.3	106
4483637.3	152
4483637.3	195
4483637.3	10
4483637.3	1
4483637.3	7
4483637.3	1
4483637.3	2
4483637.3	55
4483637.3	82
4483637.3	77
4483637.3	7
4483637.3	6
4483637.3	1
4483637.3	370
4483637.3	1218
4483637.3	72
4483637.3	1
4483637.3	268
4483637.3	614
4483637.3	17
4483637.3	240
4483637.3	12
4483637.3	121
4483637.3	5
4483637.3	1
4483637.3	1
4483637.3	3
4483637.3	14
4483637.3	7
4483637.3	1
4483637.3	2
4483637.3	1
4483637.3	1
4483637.3	22
4483637.3	1
4483637.3	2
4483637.3	5
4483637.3	2
4483637.3	2
4483637.3	3
4483637.3	93
4483638.3	8
4483638.3	1
4483638.3	3
4483638.3	2
4483638.3	2
4483638.3	26
4483638.3	1
4483638.3	14
4483638.3	2
4483638.3	8
4483638.3	8
4483638.3	25
4483638.3	107
4483638.3	29
4483638.3	4
4483638.3	9
4483638.3	22
4483638.3	22
4483638.3	1
4483638.3	30
4483638.3	12
4483638.3	3
4483638.3	1
4483638.3	1
4483638.3	2
4483638.3	2
4483638.3	13
4483638.3	1
4483638.3	1
4483638.3	2
4483638.3	3
4483638.3	8
4483638.3	1
4483638.3	9
4483638.3	4
4483638.3	4
4483638.3	8
4483638.3	12
4483638.3	29
4483638.3	1
4483638.3	15
4483638.3	11
4483638.3	2
4483638.3	4
4483638.3	2
4483638.3	39
4483638.3	3
4483638.3	4
4483638.3	4
4483638.3	4
4483638.3	4
4483638.3	4
4483638.3	4
4483638.3	4
4483638.3	4
4483638.3	4
4483638.3	4
4483638.3	4
4483638.3	2
4483638.3	1
4483638.3	4
4483638.3	15
4483638.3	4
4483638.3	1
4483638.3	259
4483638.3	6
4483638.3	108
4483638.3	4
4483638.3	49
4483638.3	2
4483638.3	49
4483638.3	1
4483638.3	1
4483638.3	20
4483638.3	4
4483638.3	2
4483638.3	19
4483638.3	1
4483638.3	4
4483638.3	19
4483638.3	3
4483638.3	54
4483638.3	1
4483638.3	12
4483638.3	19
4483638.3	8
4483638.3	4
4483638.3	32
4483638.3	1538
4483638.3	1389
4483638.3	110
4483638.3	23
4483638.3	294
4483638.3	18
4483638.3	29
4483638.3	180
4483638.3	65
4483638.3	49
4483638.3	1
4483638.3	1
4483638.3	1
4483638.3	23
4483638.3	1
4483638.3	1
4483638.3	2
4483638.3	12
4483638.3	6
4483638.3	25
4483638.3	8
4483638.3	1
4483638.3	4
4483638.3	42
4483638.3	7
4483638.3	1
4483638.3	1
4483638.3	67
4483638.3	11
4483638.3	7
4483638.3	1
4483638.3	28
4483638.3	4
4483638.3	1
4483638.3	4
4483638.3	55
4483638.3	13
4483638.3	4
4483638.3	1
4483638.3	8
4483638.3	29
4483638.3	127
4483638.3	9
4483638.3	3
4483638.3	7
4483638.3	5
4483638.3	1
4483638.3	4
4483638.3	2
4483638.3	20
4483639.3	1
4483639.3	8
4483639.3	1
4483639.3	5
4483639.3	2
4483639.3	1
4483639.3	3
4483639.3	4
4483639.3	7
4483639.3	1
4483639.3	1
4483639.3	1
4483639.3	27
4483639.3	13
4483639.3	7
4483639.3	1
4483639.3	2
4483639.3	110
4483639.3	27
4483639.3	22
4483639.3	1
4483639.3	40
4483639.3	20
4483639.3	128
4483639.3	96
4483639.3	1
4483639.3	55
4483639.3	1
4483639.3	1
4483639.3	60
4483639.3	1
4483639.3	3
4483639.3	1
4483639.3	1
4483639.3	7
4483639.3	2
4483639.3	2
4483639.3	2
4483639.3	4
4483639.3	36
4483639.3	4
4483639.3	1
4483639.3	4
4483639.3	2
4483639.3	3
4483639.3	3
4483639.3	1
4483639.3	2
4483639.3	28
4483639.3	49
4483639.3	3
4483639.3	6
4483639.3	20
4483639.3	950
4483639.3	39
4483639.3	3
4483639.3	6
4483639.3	29
4483639.3	720
4483639.3	152
4483639.3	29
4483639.3	12
4483639.3	40
4483639.3	10
4483639.3	1
4483639.3	3
4483639.3	16
4483639.3	39
4483639.3	8
4483639.3	193
4483639.3	105
4483639.3	1
4483639.3	4
4483639.3	5
4483639.3	1
4483639.3	124
4483639.3	37
4483639.3	2
4483639.3	4
4483639.3	426
4483639.3	21
4483639.3	1254
4483639.3	29
4483639.3	6
4483639.3	1
4483639.3	51
4483639.3	5
4483639.3	9
4483639.3	1
4483639.3	4
4483639.3	2
4483639.3	10
4483639.3	7
4483639.3	120
4483639.3	31
4483639.3	2
4483639.3	1
4483639.3	19
4483639.3	1
4483639.3	273
4483639.3	7
4483639.3	1
4483639.3	82
4483639.3	1
4483639.3	8
4483639.3	18
4483639.3	160
4483639.3	6
4483639.3	5
4483639.3	2
4483639.3	2
4483639.3	10
4483639.3	25
4483639.3	6
4483639.3	3
4483639.3	3
4483639.3	13
4483639.3	8
4483639.3	34
4483639.3	56
4483640.3	2
4483640.3	1
4483640.3	11
4483640.3	4
4483640.3	5
4483640.3	14
4483640.3	1
4483640.3	2
4483640.3	56
4483640.3	56
4483640.3	6
4483640.3	3
4483640.3	1
4483640.3	1
4483640.3	1
4483640.3	84
4483640.3	6
4483640.3	53
4483640.3	2
4483640.3	5
4483640.3	58
4483640.3	346
4483640.3	2
4483640.3	11
4483640.3	3
4483640.3	6
4483640.3	59
4483640.3	436
4483640.3	174
4483640.3	7
4483640.3	37
4483640.3	483
4483640.3	21
4483640.3	4
4483640.3	1022
4483640.3	17
4483640.3	1
4483640.3	2
4483640.3	3
4483640.3	38
4483640.3	2
4483640.3	10
4483640.3	90
4483640.3	1
4483640.3	7
4483640.3	8
4483640.3	67
4483641.3	2
4483641.3	5
4483641.3	1
4483641.3	1
4483641.3	3
4483641.3	1
4483641.3	1
4483641.3	1
4483641.3	4
4483641.3	14
4483641.3	2
4483641.3	75
4483641.3	12
4483641.3	1
4483641.3	4
4483641.3	4
4483641.3	16
4483641.3	5
4483641.3	1
4483641.3	6
4483641.3	10
4483641.3	134
4483641.3	137
4483641.3	73
4483641.3	2
4483641.3	1
4483641.3	2
4483641.3	1
4483641.3	8
4483641.3	2
4483641.3	1
4483641.3	3
4483641.3	1
4483641.3	1
4483641.3	2
4483641.3	1
4483641.3	1
4483641.3	1
4483641.3	1
4483641.3	5
4483641.3	2
4483641.3	190
4483641.3	8
4483641.3	5
4483641.3	1
4483641.3	3
4483641.3	9
4483641.3	1
4483641.3	1
4483641.3	6
4483641.3	2
4483641.3	1
4483641.3	1
4483641.3	1
4483641.3	3
4483641.3	5
4483641.3	1
4483641.3	9
4483641.3	3
4483641.3	3
4483641.3	1
4483641.3	1
4483641.3	11
4483641.3	4
4483641.3	70
4483641.3	1
4483641.3	1
4483641.3	1
4483641.3	1
4483641.3	1
4483641.3	1
4483641.3	1
4483641.3	1
4483641.3	1
4483641.3	1
4483641.3	1
4483641.3	1
4483641.3	1
4483641.3	6
4483641.3	1
4483641.3	8
4483641.3	6
4483641.3	1
4483641.3	45
4483641.3	11
4483641.3	113
4483641.3	724
4483641.3	55
4483641.3	74
4483641.3	4
4483641.3	9
4483641.3	2
4483641.3	1
4483641.3	4
4483641.3	43
4483641.3	2
4483641.3	2
4483641.3	1
4483641.3	1771
4483641.3	51
4483641.3	1
4483641.3	51
4483641.3	69
4483641.3	11
4483641.3	92
4483641.3	599
4483641.3	3
4483641.3	1336
4483641.3	37
4483641.3	7
4483641.3	4
4483641.3	46
4483641.3	1
4483641.3	3
4483641.3	6
4483641.3	2
4483641.3	9
4483641.3	20
4483641.3	3
4483641.3	4
4483641.3	2
4483641.3	137
4483641.3	57
4483641.3	3
4483641.3	1
4483641.3	2
4483641.3	7
4483641.3	4
4483641.3	1
4483641.3	16
4483641.3	80
4483641.3	3
4483641.3	1
4483641.3	92
4483641.3	4
4483641.3	6
4483641.3	1
4483641.3	18
4483641.3	1
4483641.3	10
4483641.3	239
4483642.3	44
4483642.3	2
4483642.3	305
4483642.3	1
4483642.3	2
4483642.3	1
4483642.3	5
4483642.3	1
4483642.3	4
4483642.3	1
4483642.3	1
4483642.3	3
4483642.3	4
4483642.3	5
4483642.3	1
4483642.3	1
4483642.3	2
4483642.3	1
4483642.3	3
4483642.3	1
4483642.3	1
4483642.3	1
4483642.3	1
4483642.3	1
4483642.3	1
4483642.3	1
4483642.3	1
4483642.3	1
4483642.3	1
4483642.3	1
4483642.3	9
4483642.3	92
4483642.3	11
4483642.3	245
4483642.3	1
4483642.3	2
4483642.3	22
4483642.3	17
4483642.3	26
4483642.3	8
4483642.3	1
4483642.3	433
4483642.3	4905
4483642.3	48
4483642.3	127
4483642.3	592
4483642.3	909
4483642.3	341
4483642.3	6
4483642.3	82
4483642.3	11
4483642.3	3
4483642.3	6
4483642.3	190
4483642.3	7
4483642.3	331
4483642.3	89
4483643.3	3
4483643.3	1
4483643.3	1
4483643.3	19
4483643.3	5
4483643.3	10
4483643.3	169
4483643.3	76
4483643.3	40
4483643.3	38
4483643.3	7
4483643.3	35
4483643.3	35
4483643.3	1
4483643.3	4
4483643.3	6
4483643.3	1
4483643.3	18
4483643.3	3
4483643.3	9
4483643.3	29
4483643.3	2
4483643.3	73
4483643.3	4
4483643.3	67
4483643.3	19
4483643.3	21
4483643.3	910
4483643.3	53
4483643.3	2
4483643.3	1113
4483643.3	6071
4483643.3	73
4483643.3	85
4483643.3	1007
4483643.3	163
4483643.3	28
4483643.3	4
4483643.3	1
4483643.3	3
4483643.3	14
4483643.3	154
4483643.3	38
4483643.3	14
4483643.3	16
4483643.3	7
4483644.3	2
4483644.3	1
4483644.3	50
4483644.3	1
4483644.3	1
4483644.3	22
4483644.3	36
4483644.3	56
4483644.3	81
4483644.3	2
4483644.3	9
4483644.3	9
4483644.3	22
4483644.3	8
4483644.3	51
4483644.3	367
4483644.3	152
4483644.3	7
4483644.3	5
4483644.3	28
4483644.3	1
4483644.3	8
4483644.3	273
4483644.3	1
4483644.3	5
4483644.3	34
4483644.3	34
4483644.3	34
4483644.3	34
4483644.3	34
4483644.3	34
4483644.3	34
4483644.3	34
4483644.3	34
4483644.3	34
4483644.3	34
4483644.3	3
4483644.3	62
4483644.3	11
4483644.3	188
4483644.3	1
4483644.3	8
4483644.3	16
4483644.3	91
4483644.3	57
4483644.3	341
4483644.3	15
4483644.3	42
4483644.3	67
4483644.3	468
4483644.3	6
4483644.3	6
4483644.3	1
4483644.3	640
4483644.3	591
4483644.3	11
4483644.3	319
4483644.3	888
4483644.3	404
4483644.3	38
4483644.3	68
4483644.3	175
4483644.3	11
4483644.3	65
4483644.3	1
4483644.3	160
4483644.3	118
4483644.3	324
4483644.3	40
4483644.3	212
4483644.3	3
4483644.3	1
4483644.3	32
4483644.3	10
4483644.3	39
4483644.3	2
4483644.3	1
4483644.3	13
4483644.3	202
4483644.3	13
4483644.3	56
4483644.3	11
4483644.3	5
4483644.3	2
4483644.3	2
4483645.3	1
4483645.3	1
4483645.3	1
4483645.3	2
4483645.3	2
4483645.3	1
4483645.3	1
4483645.3	4
4483645.3	1
4483645.3	4
4483645.3	6
4483645.3	58
4483645.3	5
4483645.3	3
4483645.3	5
4483645.3	1
4483645.3	40
4483645.3	134
4483645.3	352
4483645.3	88
4483645.3	1
4483645.3	727
4483645.3	2
4483645.3	545
4483645.3	7
4483645.3	406
4483645.3	2
4483645.3	267
4483645.3	151
4483645.3	12
4483645.3	3
4483645.3	289
4483645.3	2091
4483645.3	107
4483645.3	13
4483645.3	3
4483645.3	2
4483645.3	1
4483645.3	1
4483645.3	26
4483646.3	1
4483646.3	1
4483646.3	3
4483646.3	3
4483646.3	6
4483646.3	8
4483646.3	2
4483646.3	3
4483646.3	2
4483646.3	1
4483646.3	2
4483646.3	728
4483646.3	114
4483646.3	2
4483646.3	17
4483646.3	1
4483646.3	1
4483646.3	23
4483646.3	9265
4483646.3	4
4483646.3	38
4483646.3	5
4483646.3	2
4483646.3	5
4483646.3	3
4483646.3	12
4483646.3	1249
4483646.3	480
4483646.3	126
4483646.3	56
4483646.3	6
4483646.3	131
4483646.3	538
4483646.3	1
4483646.3	2552
4483646.3	1
4483646.3	2
4483646.3	1516
4483646.3	103
4483646.3	5
4483646.3	1
4483646.3	4
4483646.3	1
4483646.3	1
4483646.3	638
4483647.3	1
4483647.3	5
4483647.3	1
4483647.3	1
4483647.3	3
4483647.3	2
4483647.3	18
4483647.3	18
4483647.3	102
4483647.3	7
4483647.3	1
4483647.3	1
4483647.3	2
4483647.3	42
4483647.3	1
4483647.3	1
4483647.3	2
4483647.3	1
4483647.3	4
4483647.3	15
4483647.3	20
4483647.3	6
4483647.3	2
4483647.3	5
4483647.3	15
4483647.3	7
4483647.3	1
4483647.3	5
4483647.3	6
4483647.3	7
4483647.3	2
4483647.3	1
4483647.3	1
4483647.3	44
4483647.3	2
4483647.3	1
4483647.3	207
4483647.3	6
4483647.3	4
4483647.3	4
4483647.3	4
4483647.3	4
4483647.3	4
4483647.3	4
4483647.3	4
4483647.3	4
4483647.3	4
4483647.3	4
4483647.3	4
4483647.3	1
4483647.3	25
4483647.3	8
4483647.3	4
4483647.3	3
4483647.3	1
4483647.3	2
4483647.3	1
4483647.3	1
4483647.3	1
4483647.3	8
4483647.3	1
4483647.3	4
4483647.3	1
4483647.3	1
4483647.3	4
4483647.3	2
4483647.3	139
4483647.3	8
4483647.3	12
4483647.3	3
4483647.3	1
4483647.3	4
4483647.3	2
4483647.3	21
4483647.3	1
4483647.3	14
4483647.3	3884
4483647.3	7
4483647.3	85
4483647.3	924
4483647.3	285
4483647.3	49
4483647.3	109
4483647.3	190
4483647.3	131
4483647.3	7
4483647.3	7
4483647.3	1
4483647.3	11
4483647.3	3
4483647.3	1
4483647.3	2
4483647.3	1
4483647.3	2
4483647.3	18
4483647.3	2
4483647.3	10
4483647.3	12
4483647.3	27
4483647.3	3
4483647.3	1
4483647.3	1
4483647.3	1
4483647.3	1
4483647.3	3
4483647.3	45
4483647.3	39
4483647.3	26
4483647.3	3
4483647.3	2666
4483647.3	13
4483647.3	1
4483647.3	12
4483647.3	3
4483647.3	86
4483647.3	2
4483647.3	67
4483647.3	86
4483647.3	97
4483647.3	97
4483647.3	1
4483647.3	2
4483647.3	4
4483647.3	4
4483647.3	1
4483647.3	1
4483647.3	2
4483647.3	1
4483647.3	4
4483647.3	127
4483647.3	11
4483647.3	88
4483647.3	15
4483647.3	679
4483648.3	1
4483648.3	1
4483648.3	44
4483648.3	10
4483648.3	4
4483648.3	27
4483648.3	1
4483648.3	18
4483648.3	18
4483648.3	3
4483648.3	3
4483648.3	2
4483648.3	2
4483648.3	6
4483648.3	2
4483648.3	7
4483648.3	2
4483648.3	17
4483648.3	3
4483648.3	10
4483648.3	30
4483648.3	43
4483648.3	2
4483648.3	17
4483648.3	1
4483648.3	1
4483648.3	66
4483648.3	96
4483648.3	161
4483648.3	2
4483648.3	47
4483648.3	890
4483648.3	141
4483648.3	9
4483648.3	1
4483648.3	212
4483648.3	487
4483648.3	5
4483648.3	1
4483648.3	9
4483648.3	88
4483648.3	2500
4483648.3	1
4483648.3	1
4483648.3	1
4483648.3	11
4483648.3	325
4483648.3	1
4483648.3	1
4483648.3	1
4483648.3	15
4483648.3	1
4483648.3	1
4483648.3	5
4483648.3	996
4483649.3	2
4483649.3	3
4483649.3	2
4483649.3	24
4483649.3	116
4483649.3	46
4483649.3	25
4483649.3	32
4483649.3	6
4483649.3	9
4483649.3	32
4483649.3	52
4483649.3	61
4483649.3	81
4483649.3	14
4483649.3	14
4483649.3	2
4483649.3	1
4483649.3	2
4483649.3	2
4483649.3	3
4483649.3	145
4483649.3	1
4483649.3	2
4483649.3	3
4483649.3	1
4483649.3	1
4483649.3	3
4483649.3	136
4483649.3	21
4483649.3	170
4483649.3	87
4483649.3	58
4483649.3	23
4483649.3	1
4483649.3	6
4483649.3	2
4483649.3	19
4483649.3	1
4483649.3	21
4483649.3	4
4483649.3	13
4483649.3	120
4483649.3	1812
4483649.3	236
4483649.3	1
4483649.3	1233
4483649.3	205
4483649.3	436
4483649.3	60
4483649.3	315
4483649.3	64
4483649.3	165
4483649.3	4
4483649.3	2
4483649.3	2
4483649.3	1
4483649.3	25
4483649.3	1
4483649.3	9
4483649.3	2
4483649.3	2
4483649.3	1
4483649.3	12
4483649.3	1
4483649.3	19
4483650.3	1
4483650.3	3
4483650.3	2
4483650.3	35
4483650.3	34
4483650.3	6
4483650.3	2
4483650.3	5
4483650.3	9
4483650.3	1
4483650.3	4
4483650.3	912
4483650.3	18
4483650.3	92
4483650.3	9
4483650.3	15
4483650.3	1524
4483650.3	366
4483650.3	1911
4483650.3	1863
4483650.3	3
4483650.3	70
4483650.3	2
4483650.3	19
4483650.3	298
4483650.3	1018
4483650.3	2
4483650.3	1
4483650.3	9
4483650.3	65
4483650.3	1
4483650.3	79
4483651.3	3
4483651.3	3
4483651.3	6
4483651.3	3
4483651.3	4
4483651.3	25
4483651.3	3
4483651.3	1
4483651.3	2
4483651.3	19
4483651.3	1
4483651.3	5
4483651.3	62
4483651.3	1
4483651.3	2
4483651.3	7
4483651.3	318
4483651.3	6
4483651.3	65
4483651.3	10
4483651.3	14
4483651.3	2
4483651.3	23
4483651.3	1
4483651.3	1
4483651.3	1
4483651.3	27
4483651.3	3
4483651.3	57
4483651.3	55
4483651.3	7
4483651.3	1
4483651.3	18
4483651.3	18
4483651.3	18
4483651.3	18
4483651.3	18
4483651.3	18
4483651.3	18
4483651.3	18
4483651.3	18
4483651.3	18
4483651.3	18
4483651.3	3
4483651.3	13
4483651.3	1
4483651.3	24
4483651.3	1
4483651.3	15
4483651.3	13
4483651.3	70
4483651.3	127
4483651.3	70
4483651.3	15
4483651.3	1
4483651.3	13
4483651.3	152
4483651.3	95
4483651.3	3
4483651.3	2
4483651.3	9
4483651.3	1024
4483651.3	19
4483651.3	3
4483651.3	1
4483651.3	6
4483651.3	6
4483651.3	13
4483651.3	84
4483651.3	5
4483651.3	3
4483651.3	37
4483651.3	2
4483651.3	2
4483651.3	1
4483651.3	14
4483651.3	2
4483651.3	5
4483651.3	1
4483651.3	3
4483652.3	54
4483652.3	1
4483652.3	4
4483652.3	26
4483652.3	1
4483652.3	3
4483652.3	1
4483652.3	113
4483652.3	1
4483652.3	5
4483652.3	37
4483652.3	2
4483652.3	1
4483652.3	2
4483652.3	178
4483652.3	29
4483652.3	1
4483652.3	1
4483652.3	64
4483652.3	39
4483652.3	199
4483652.3	85
4483652.3	2
4483652.3	108
4483652.3	1
4483652.3	18
4483652.3	2
4483652.3	7
4483652.3	4
4483652.3	9
4483652.3	3
4483652.3	7
4483652.3	1
4483652.3	2
4483652.3	108
4483652.3	8
4483652.3	1
4483652.3	1
4483652.3	67
4483652.3	129
4483652.3	6
4483652.3	6
4483652.3	6
4483652.3	6
4483652.3	6
4483652.3	6
4483652.3	6
4483652.3	6
4483652.3	6
4483652.3	6
4483652.3	6
4483652.3	6
4483652.3	54
4483652.3	4
4483652.3	1
4483652.3	1
4483652.3	22
4483652.3	5
4483652.3	5
4483652.3	238
4483652.3	6
4483652.3	1
4483652.3	1
4483652.3	1
4483652.3	3
4483652.3	1
4483652.3	2
4483652.3	120
4483652.3	2
4483652.3	39
4483652.3	2
4483652.3	2
4483652.3	9
4483652.3	101
4483652.3	7
4483652.3	253
4483652.3	15
4483652.3	28
4483652.3	113
4483652.3	2
4483652.3	15
4483652.3	1
4483652.3	19
4483652.3	30
4483652.3	2
4483652.3	3
4483652.3	17
4483652.3	1
4483652.3	38
4483652.3	1
4483652.3	13
4483652.3	34
4483652.3	36
4483652.3	66
4483652.3	11
4483652.3	15
4483652.3	3
4483652.3	2662
4483652.3	136
4483652.3	89
4483652.3	1
4483652.3	7
4483652.3	13
4483652.3	1
4483652.3	170
4483652.3	1
4483652.3	6
4483652.3	85
4483652.3	38
4483652.3	37
4483652.3	1
4483652.3	1
4483652.3	3
4483652.3	89
4483652.3	390
4483653.3	34
4483653.3	1
4483653.3	3
4483653.3	1
4483653.3	9
4483653.3	1
4483653.3	8
4483653.3	1
4483653.3	1
4483653.3	102
4483653.3	11
4483653.3	24
4483653.3	1
4483653.3	14
4483653.3	26
4483653.3	613
4483653.3	996
4483653.3	324
4483653.3	4
4483653.3	960
4483653.3	2
4483653.3	1
4483653.3	1073
4483653.3	7
4483653.3	10
4483653.3	1
4483653.3	2
4483654.3	1
4483654.3	67
4483654.3	2
4483654.3	8
4483654.3	7
4483654.3	59
4483654.3	13
4483654.3	3
4483654.3	119
4483654.3	1
4483654.3	109
4483654.3	63
4483654.3	1
4483654.3	49
4483654.3	13
4483654.3	32
4483654.3	8
4483654.3	2
4483654.3	8
4483654.3	2
4483654.3	8
4483654.3	1
4483654.3	881
4483654.3	1
4483654.3	84
4483654.3	3
4483654.3	25
4483654.3	1
4483654.3	60
4483654.3	33
4483654.3	293
4483654.3	2758
4483654.3	3
4483654.3	8
4483654.3	1
4483654.3	883
4483654.3	7
4483654.3	132
4483654.3	88
4483654.3	182
4483654.3	3
4483654.3	1
4483654.3	7
4483654.3	30
4483654.3	80
4483654.3	2
4483654.3	4
4483654.3	67
4483654.3	7
4483655.3	5
4483655.3	1
4483655.3	1
4483655.3	180
4483655.3	40
4483655.3	3
4483655.3	1
4483655.3	3
4483655.3	4
4483655.3	16
4483655.3	58
4483655.3	7
4483655.3	2
4483655.3	2
4483655.3	4
4483655.3	1
4483655.3	128
4483655.3	5
4483655.3	1
4483655.3	57
4483655.3	5
4483655.3	32
4483655.3	12
4483655.3	55
4483655.3	278
4483655.3	2
4483655.3	3
4483655.3	1
4483655.3	1
4483655.3	559
4483655.3	176
4483655.3	1
4483655.3	60
4483655.3	1
4483655.3	183
4483655.3	6
4483655.3	170
4483655.3	1
4483655.3	3
4483655.3	21
4483655.3	6
4483655.3	1
4483655.3	712
4483656.3	7
4483656.3	1
4483656.3	1
4483656.3	1
4483656.3	4
4483656.3	39
4483656.3	143
4483656.3	11
4483656.3	8
4483656.3	1
4483656.3	8
4483656.3	32
4483656.3	1
4483656.3	2
4483656.3	1
4483656.3	5
4483656.3	9
4483656.3	28
4483656.3	11
4483656.3	3
4483656.3	1
4483656.3	1
4483656.3	33
4483656.3	9
4483656.3	1
4483656.3	4
4483656.3	1
4483656.3	2
4483656.3	10
4483656.3	2
4483656.3	1
4483656.3	12
4483656.3	1
4483656.3	39
4483656.3	133
4483656.3	25
4483656.3	117
4483656.3	60
4483656.3	3
4483656.3	1
4483656.3	1
4483656.3	62
4483656.3	1
4483656.3	413
4483656.3	26
4483656.3	34
4483656.3	2617
4483656.3	34
4483656.3	2
4483656.3	1148
4483656.3	267
4483656.3	27
4483656.3	136
4483656.3	15
4483656.3	4
4483656.3	4
4483656.3	1
4483656.3	1
4483656.3	34
4483656.3	18
4483656.3	1
4483656.3	1
4483656.3	1
4483656.3	25
4483656.3	12
4483656.3	28
4483656.3	49
4483657.3	65
4483657.3	33
4483657.3	286
4483657.3	26
4483657.3	143
4483657.3	3
4483657.3	60
4483657.3	129
4483657.3	318
4483657.3	8
4483657.3	3
4483657.3	160
4483657.3	18
4483657.3	4
4483657.3	2
4483657.3	7
4483657.3	34
4483657.3	1
4483657.3	24
4483657.3	27
4483657.3	50
4483657.3	109
4483657.3	68
4483657.3	43
4483657.3	76
4483657.3	13
4483657.3	32
4483657.3	35
4483657.3	941
4483657.3	445
4483657.3	1387
4483657.3	208
4483657.3	3
4483657.3	1
4483657.3	92
4483657.3	3
4483657.3	159
4483657.3	5
4483657.3	19
4483657.3	193
4483657.3	3
4483657.3	12
4483657.3	52
4483657.3	7
4483657.3	52
4483658.3	3
4483658.3	3
4483658.3	2
4483658.3	1
4483658.3	3
4483658.3	12
4483658.3	9
4483658.3	4
4483658.3	36
4483658.3	47
4483658.3	1
4483658.3	6
4483658.3	4
4483658.3	14
4483658.3	17
4483658.3	24
4483658.3	6
4483658.3	1
4483658.3	4
4483658.3	8
4483658.3	1
4483658.3	1854
4483658.3	722
4483658.3	541
4483658.3	298
4483658.3	137
4483658.3	2
4483658.3	1
4483658.3	7
4483658.3	76
4483658.3	3
4483658.3	2
4483658.3	2
4483658.3	3
4483658.3	1
4483658.3	8
4483658.3	6
4483658.3	35
4483659.3	7
4483659.3	4
4483659.3	77
4483659.3	21
4483659.3	124
4483659.3	124
4483659.3	71
4483659.3	7
4483659.3	798
4483659.3	4
4483659.3	3
4483659.3	5
4483659.3	119
4483659.3	11
4483659.3	106
4483659.3	7
4483659.3	268
4483659.3	54
4483659.3	28
4483659.3	2
4483659.3	6
4483659.3	87
4483659.3	1500
4483659.3	2748
4483659.3	141
4483659.3	62
4483659.3	22
4483659.3	1
4483659.3	4
4483659.3	91
4483659.3	204
4483659.3	75
4483659.3	2
4483660.3	2
4483660.3	5
4483660.3	3
4483660.3	2
4483660.3	1
4483660.3	16
4483660.3	30
4483660.3	1
4483660.3	1
4483660.3	10
4483660.3	74
4483660.3	3
4483660.3	5
4483660.3	1
4483660.3	2
4483660.3	193
4483660.3	2
4483660.3	10
4483660.3	1
4483660.3	1
4483660.3	263
4483660.3	560
4483660.3	405
4483660.3	42
4483660.3	1
4483660.3	42
4483660.3	113
4483660.3	1
4483660.3	1
4483660.3	2
4483660.3	10
4483660.3	10
4483660.3	1
4483660.3	1
4483660.3	13
4483660.3	1
4483661.3	4
4483661.3	59
4483661.3	4
4483661.3	4
4483661.3	10
4483661.3	3
4483661.3	3
4483661.3	53
4483661.3	2
4483661.3	1
4483661.3	65
4483661.3	2
4483661.3	2
4483661.3	7
4483661.3	2
4483661.3	2
4483661.3	7
4483661.3	184
4483661.3	108
4483661.3	1
4483661.3	9
4483661.3	2
4483661.3	3
4483661.3	1
4483661.3	1
4483661.3	41
4483661.3	291
4483661.3	2926
4483661.3	150
4483661.3	490
4483661.3	15
4483661.3	858
4483661.3	1
4483661.3	8
4483661.3	5
4483661.3	1
4483661.3	15
4483661.3	3
4483661.3	2
4483661.3	1
4483661.3	1
4483661.3	1
4483661.3	14
4483661.3	3
4483661.3	6
4483661.3	3
4483661.3	1
4483661.3	3
4483662.3	1
4483662.3	2
4483662.3	2
4483662.3	1
4483662.3	1
4483662.3	2
4483662.3	1
4483662.3	1
4483662.3	1
4483662.3	60
4483662.3	17
4483662.3	7
4483662.3	7
4483662.3	5
4483662.3	10
4483662.3	4
4483662.3	3
4483662.3	14
4483662.3	8
4483662.3	1
4483662.3	1
4483662.3	37
4483662.3	263
4483662.3	11
4483662.3	2
4483662.3	2
4483662.3	5
4483662.3	4
4483662.3	11
4483662.3	1
4483662.3	2551
4483662.3	20
4483662.3	4
4483662.3	111
4483662.3	1358
4483662.3	3
4483662.3	57
4483662.3	8
4483662.3	1
4483662.3	8
4483662.3	2
4483662.3	3
4483662.3	75
4483662.3	51
4483662.3	34
4483662.3	740
4483662.3	18
4483662.3	93
4483662.3	73
4483662.3	2411
4483662.3	1
4483662.3	10
4483662.3	3
4483662.3	1
4483662.3	3
4483662.3	13
4483662.3	554
4483662.3	1
4483662.3	1
4483662.3	1
4483662.3	28
4483662.3	29
4483662.3	2
4483662.3	1
4483662.3	2
4483662.3	2
4483662.3	4
4483662.3	400
4483663.3	2
4483663.3	1
4483663.3	175
4483663.3	5
4483663.3	6
4483663.3	10
4483663.3	46
4483663.3	2
4483663.3	1
4483663.3	3
4483663.3	1
4483663.3	3
4483663.3	2
4483663.3	30
4483663.3	2
4483663.3	3
4483663.3	7
4483663.3	2
4483663.3	19
4483663.3	6
4483663.3	2
4483663.3	28
4483663.3	1
4483663.3	12
4483663.3	7
4483663.3	1
4483663.3	9
4483663.3	1
4483663.3	8
4483663.3	2
4483663.3	4
4483663.3	4
4483663.3	2
4483663.3	3
4483663.3	4
4483663.3	97
4483663.3	3
4483663.3	116
4483663.3	28
4483663.3	6
4483663.3	1
4483663.3	3
4483663.3	74
4483663.3	3
4483663.3	1
4483663.3	14
4483663.3	202
4483663.3	10
4483663.3	25
4483663.3	264
4483663.3	14
4483663.3	18
4483663.3	2454
4483663.3	329
4483663.3	9
4483663.3	3316
4483663.3	166
4483663.3	17
4483663.3	688
4483663.3	145
4483663.3	221
4483663.3	752
4483663.3	23
4483663.3	4
4483663.3	4
4483663.3	1
4483663.3	8
4483663.3	19
4483663.3	5
4483663.3	3
4483663.3	6
4483663.3	1
4483663.3	48
4483663.3	8
4483663.3	23
4483663.3	366
4483663.3	8
4483663.3	6
4483663.3	37
4483663.3	1
4483663.3	16
4483663.3	2
4483663.3	5
4483663.3	2
4483663.3	559
4483664.3	5
4483664.3	8
4483664.3	13
4483664.3	36
4483664.3	35
4483664.3	24
4483664.3	17
4483664.3	3
4483664.3	4
4483664.3	1
4483664.3	16
4483664.3	5
4483664.3	6
4483664.3	64
4483664.3	2
4483664.3	20
4483664.3	20
4483664.3	2
4483664.3	47
4483664.3	139
4483664.3	30
4483664.3	1
4483664.3	18
4483664.3	9
4483664.3	6
4483664.3	39
4483664.3	25
4483664.3	60
4483664.3	533
4483664.3	95
4483664.3	18
4483664.3	6798
4483664.3	31
4483664.3	8
4483664.3	4
4483664.3	1
4483664.3	420
4483664.3	55
4483664.3	9
4483664.3	4
4483664.3	1468
4483664.3	25
4483664.3	85
