CATLIN micro 20141.0 130 528747.925403 0.154781032117 0.0437 0.785741581839 0.166580606723 -0.048770075362 0.470523520302 0.0688201267008 0.335633781838 0.824165646294 6760.0 48.8803932277 6.93348945466 1.32231837445 152.684053092 158.173983166 161 172 13.0164808195 0.916015531853 0.297158842917 23.2449373968
CATLIN micro 19143.0 97 1858788.25086 0.152495163476 0.0207 0.961003107262 0.128652986664 -0.0631528518126 0.296021031208 0.0299343967366 0.69524108029 0.502744328805 13309.0 78.6344878023 9.32838197804 1.57495949462 125.770733707 145.641366104 131 146 9.7366120745 0.701078638513 0.565118393803 4.56853465894
CATLIN micro 27046.0 152 942209.863193 0.154895208295 0.0327 0.626580940798 0.179218543845 -0.0428849858775 0.474578057405 0.0652359829292 0.40556829106 0.798921545081 10969.0 52.2147452488 9.51010372586 1.0744656566 204.212456821 176.405331689 184 207 14.7962414503 0.924255547823 0.357243644382 12.7159718733
CATLIN micro 1085887.0 1326 146589348.249 0.127812173675 0.0046 1.19490708714 0.10262209326 -0.00544374470907 0.38715709297 0.0114548143927 0.311709229413 0.834524831601 338481.0 54.5830275158 23.693350541 1.07283325571 1551.98812352 1583.27060098 1600 1709 95.3380916363 1.27248070912 0.27613864395 31.0134269917
CATLIN micro 86371.0 1055 265373.188507 0.181737580607 0.0247 0.888755085325 0.233279513195 -0.00577383369083 0.648492997634 0.0856910330346 0.157170809647 0.961558134197 13575.0 21.5037454701 18.954593762 0.877708219724 1371.69560982 1324.54328645 1314 1468 92.7293890488 3.58978538997 0.139289003404 6213.74397721
CATLIN micro 37311.0 340 450379.550746 0.186618999368 0.0261 1.17961785778 0.195851325977 -0.0174240164901 0.531408260131 0.0623705885709 0.27278818579 0.887384596185 10178.0 37.9753959958 11.5078296114 1.08009857633 379.921862055 388.900040883 404 418 32.2027738386 1.76019374161 0.241740115536 57.262352462
CATLIN micro 85268.0 1060 337377.850211 0.195982556276 0.0188 1.25598225937 0.182504883603 -0.00528710411942 0.57802506894 0.0519984842896 0.164399305718 0.949916012966 14018.0 23.4578036309 16.0472723447 1.30103126499 1442.55119926 1444.09385942 1393 1582 93.2747535986 3.63005183878 0.145695091251 3488.06079865
CATLIN micro 8787.0 229 62102.2344289 0.276066647226 0.0233 0.63815728921 0.168495241333 -0.0189868682159 0.44446713049 0.0446974147049 0.278820985547 0.812249449948 2450.0 55.3089791738 8.74335659783 1.87380433206 339.670822684 366.034086613 323 378 25.1072878582 2.44295332334 0.247080707337 51.3106572127
CATLIN micro 235882.0 1618 2026265.04763 0.156092953111 0.0104 1.09167125339 0.221338304232 -0.00413333014425 0.609596268506 0.0552892301122 0.216430249023 0.94049532721 51052.0 28.3692693805 29.8292975477 0.708116504887 2160.57147014 2018.13128699 1989 2234 130.707997233 3.33143325445 0.191806252593 241.894293454
CATLIN micro 27283.0 846 20634.3862423 0.233552445688 0.048 0.84537762053 0.294732022097 -0.00622193300489 0.713012105226 0.143491669765 0.0907524832313 0.975393807301 2476.0 17.1828611223 11.8539388439 0.975875254689 1084.09606315 1080.0872008 1080 1200 82.7294323287 5.12181988054 0.0804272941913 2555654405.93
CATLIN micro 67892.0 448 814586.633349 0.171726548908 0.0275 0.9264906601 0.153046250978 -0.0136734285204 0.509230362919 0.0478589433414 0.144111235492 0.918771403075 9784.0 27.5687857185 8.00934035566 1.16674400592 578.812737588 587.162741234 569 635 40.1773430212 1.71936749766 0.127715257153 21898.5199508
CATLIN micro 21511.0 287 100246.738871 0.19029469847 0.0532 1.22779650412 0.28100540733 -0.0209737667544 0.652466833817 0.136888392934 0.20417460834 0.934555154853 4392.0 28.8038677886 10.0440719849 0.748080629955 312.437802267 315.87658232 330 338 28.6678863829 1.9568232356 0.180945024465 383.946789628
CATLIN micro 22176.0 353 94973.7833988 0.215850976265 0.04 1.15140764333 0.253765523507 -0.0156240828852 0.619643695005 0.104847725136 0.206168831169 0.929187324082 4572.0 30.772005772 10.6708816859 0.982385775186 398.976099211 391.340724019 413 435 35.1762001278 2.37046255251 0.182712354583 354.304587313
CATLIN micro 350651.0 715 16095663.7119 0.12872963434 0.0147 1.41317033661 0.166818277445 -0.010234680522 0.52438079802 0.0425581628292 0.260409923257 0.905134692471 91313.0 35.4554813761 17.9139858742 0.870952397206 778.488553152 772.704362217 806 833 55.9230380317 1.20744817913 0.230777299888 73.2566703675
CATLIN micro 81207.0 513 1395112.38549 0.161711114762 0.0177 1.22706634838 0.179595614327 -0.0124417208838 0.52151641593 0.0486410750967 0.272316425924 0.889734780009 22114.0 39.3722216065 14.7099841021 1.06288615509 644.768612918 617.213126416 630 696 45.2906694287 1.80019947914 0.241322408366 57.7714279867
CATLIN micro 165909.0 985 2797662.84772 0.165990831545 0.01 1.28818792836 0.146943864677 -0.00622258342701 0.49129119118 0.0290205460734 0.255435208458 0.898973123807 42379.0 37.9949249287 19.5631298366 1.27816473287 1367.20977261 1352.37042476 1289 1473 81.8690455205 2.41825034089 0.226370189093 81.607469472
CATLIN micro 12274.0 201 172950.830796 0.216955183274 0.0212 0.628779242307 0.176951724999 -0.0256718033461 0.42806263696 0.0434041036353 0.360599641519 0.765420367791 4426.0 67.4678181522 9.61317063467 1.48664828037 296.942242935 313.482844977 278 325 21.2421597565 1.81427450598 0.318897901763 18.1079628473
CATLIN micro 2089.0 109 3600.5095141 0.281097444481 0.0933 1.28025745213 0.344969938648 -0.0433056419831 0.669453228794 0.204801958629 0.24557204404 0.901718889962 513.0 39.1574916228 6.31854786407 1.02224379745 143.460940826 136.205622505 140 158 14.1279137832 2.38482918553 0.217631107753 102.854690333
CATLIN micro 14094.0 294 57444.0030647 0.211142024633 0.0386 1.3779787734 0.234194316296 -0.018478575469 0.602516997948 0.101385177564 0.25081595005 0.911867356418 3535.0 34.9723286505 11.4497458197 1.20126334128 389.513626215 371.394440344 378 426 30.6693738841 2.47645360902 0.222277551221 90.6744879552
CATLIN micro 141900.0 663 3611733.31346 0.191589206591 0.0125 1.24995878916 0.106608981534 -0.00844278560749 0.427131543708 0.0227164148379 0.21882311487 0.879748470198 31051.0 39.0845665962 12.722458924 1.56060311976 835.187548847 806.27513526 830 917 55.8043341284 1.76003915966 0.19392685275 222.848681016
CATLIN micro 24610.0 413 78836.3398646 0.191413710531 0.0432 1.38174958646 0.245005917986 -0.0141870007537 0.632352811002 0.107045596966 0.145550589191 0.943949600769 3582.0 28.4315318976 9.75562843476 0.977211031754 598.4620815 539.816680081 533 615 40.7480707131 2.63265678648 0.128990851157 18756.8340631
CATLIN micro 26304.0 828 89586.3451974 0.28320501243 0.0112 1.05243748303 0.267440451003 -0.00569980414714 0.578211817797 0.0576391364901 0.287446776156 0.891713410966 7561.0 42.7919708029 21.5963780711 1.02383684074 1138.6897776 1039.58144153 1063 1210 81.2578654862 5.10527850495 0.254712796191 44.3156250184
CATLIN micro 52258.0 221 1792941.97692 0.129727332979 0.0304 0.593312517632 0.183677434739 -0.0325242639151 0.522358100268 0.0716957261916 0.35407019021 0.851036487637 18503.0 43.0709173715 11.8244028714 0.988103957323 263.764454697 270.581021664 270 292 20.2504646165 0.966753785738 0.31323698161 19.24668874
CATLIN micro 2535.0 238 2025.06352161 0.363860723784 0.0533 1.20171973618 0.334297979547 -0.015830498272 0.665517530872 0.156810030628 0.221301775148 0.921113717618 561.0 32.58382643 9.34703056248 1.53514612233 392.140805051 403.13481919 346 417 30.2375025072 4.72702582768 0.196123478275 205.220807631
CATLIN micro 3064.0 209 7562.47538646 0.361069084136 0.0278 1.46592327067 0.285419815858 -0.0182399163556 0.561528014207 0.0917448695975 0.376631853786 0.827663245029 1154.0 52.8394255875 11.5436467193 1.6398070466 287.02546523 294.599678381 288 328 25.9110069273 3.77573847669 0.332707858341 15.7673768804
CATLIN micro 108148.0 532 2265875.67716 0.145840775639 0.0179 1.43115940976 0.187884063638 -0.0126995322764 0.531558765126 0.0510694109377 0.267836668269 0.895249146241 28966.0 39.3312867552 15.13903483 1.01365409653 624.212234762 621.072040317 639 685 45.8103938713 1.61771639191 0.237355453211 62.9655298718
CATLIN micro 14946.0 284 75629.8531329 0.203777755418 0.0354 1.26463443375 0.231855336488 -0.0195751686849 0.571187534047 0.0854927502032 0.198113207547 0.900664704368 2961.0 39.3483206209 9.05744125603 1.15150751689 380.697827838 390.711351055 373 422 29.4417542184 2.32303552388 0.17557325467 496.984901945
CATLIN micro 9452.0 231 97476.4410314 0.245870001851 0.017 1.14292815937 0.194582149407 -0.0206595620951 0.445416142262 0.0447500939072 0.473338975878 0.744725113091 4474.0 62.9813796022 12.9177869813 1.53054873803 386.852554418 383.241043254 329 397 25.1256785394 2.37602017201 0.412187493915 8.71994055915
CATLIN micro 21082.0 148 665846.670528 0.163042401789 0.0298 0.69739742676 0.157470699995 -0.0414331692751 0.428221926391 0.0510117181712 0.338250640357 0.773017568535 7131.0 65.9235366664 7.96325556395 1.36785357067 192.050869989 195.21277174 191 214 14.7647065111 1.01930888748 0.29944845087 22.594138044
CATLIN micro 28256.0 246 549709.425718 0.180494557041 0.0235 0.673691455418 0.15778992763 -0.0235089909192 0.454605426833 0.0457799421046 0.350934314836 0.827249400482 9916.0 48.9524348811 10.5580350217 1.42056938625 362.26826576 335.874999051 325 378 23.9046286804 1.46345632554 0.310511542099 19.8392474039
CATLIN micro 803770.0 723 38337549.5946 0.0913056802312 0.0313 0.969287188475 0.240196202987 -0.012409996631 0.639778676447 0.0920863090583 0.162351170111 0.955772089576 130493.0 25.2058424674 15.2775335314 0.456688803797 743.558165112 751.84151398 775 763 53.0996812522 0.806440631513 0.14387997833 4077.77782456
CATLIN micro 121930.0 582 2946796.14371 0.148118086115 0.0147 1.42703873295 0.194432076542 -0.0116538112574 0.532029879992 0.0491938018447 0.297596981875 0.883120879692 36286.0 43.0050028705 17.6396126586 0.90341343609 668.827158388 658.33400856 685 728 49.610619023 1.6667393844 0.263685399151 37.8210687416
CATLIN micro 4047.0 220 5555.20819842 0.314229342856 0.0577 1.35411069607 0.33779342723 -0.0199992663894 0.667840606173 0.1628975616 0.227823078824 0.92117349339 922.0 31.4059797381 9.23098097837 1.13143750131 252.90468236 265.251474809 274 285 26.3673355398 3.45824755551 0.201902703753 167.140665966
CATLIN micro 37416.0 801 73869.0904775 0.241621122991 0.0287 1.22426604951 0.208355054899 -0.00623090463708 0.603124359081 0.0692455191695 0.0972845841351 0.956539356876 3640.0 18.935749412 9.82165228946 1.37797261401 1047.9743427 1020.1164647 1033 1157 75.9744648727 4.14098671901 0.086216217892 214154155.078
CATLIN micro 53888.0 617 405405.902929 0.212132002117 0.0185 1.2795553251 0.251163737888 -0.00916549546169 0.593771002706 0.0720328908989 0.221756235154 0.912381591501 11950.0 39.8029245843 15.9203524377 0.761721171727 679.811976413 669.901825818 701 730 56.5414455208 2.65790302414 0.196526226539 202.198364697
CATLIN micro 6169.0 72 318588.445814 0.210752858217 0.0228 1.24724963132 0.150819059455 -0.0731060568248 0.26854434487 0.0303292783519 0.776300859134 0.391738444259 4789.0 82.2661695575 8.20459950862 1.57249145907 104.475852598 100.774692239 96 112 8.13539867377 0.916695525072 0.61260120002 3.98472739097
CATLIN micro 39193.0 443 304395.715831 0.177876409806 0.0251 0.923095424642 0.213003093621 -0.0136833058646 0.561365159921 0.0669487888216 0.238282346337 0.91015482896 9339.0 34.4423749139 12.6315693596 1.03699109792 604.640487855 589.323321832 570 648 41.7917367974 2.23768768865 0.211171502529 124.085428545
CATLIN micro 27174.0 118 4117169.69405 0.177500127303 0.0128 0.930730684492 0.115294654786 -0.050353448246 0.21787442761 0.0156200750672 0.810738205638 0.339180200029 22031.0 84.658129094 10.6452667983 1.34193106466 154.742092845 150.783183183 150 169 11.459335715 0.715822296604 0.631745188997 3.790859936
CATLIN micro 18000.0 401 32416.8698753 0.217943610933 0.0587 1.42765873607 0.290595317262 -0.0137653918836 0.672208595288 0.138038731965 0.118555555556 0.957485407407 2134.0 21.1388888889 7.80201983069 0.907422520395 460.434196209 472.761856629 487 512 40.8241287845 2.98887752992 0.105067125495 896479.439217
CATLIN micro 41454.0 537 343110.982219 0.211708130151 0.0171 1.46580377037 0.240661049078 -0.010500023461 0.567581691023 0.0642521644981 0.293385439282 0.891117414245 12162.0 38.5487528345 17.3711507139 0.863769238922 611.090282864 599.188723325 629 665 50.4122344898 2.63749147258 0.259963757719 40.3219799616
CATLIN micro 38296.0 468 161532.287633 0.173593967379 0.0399 1.02975398036 0.2525083515 -0.0133741509888 0.641609576079 0.108505363072 0.180279924796 0.946426986404 6904.0 25.3081261751 12.1501903502 0.845113413919 584.410806754 579.568814042 578 637 44.2523967032 2.39149317525 0.159768923337 1226.47255436
CATLIN micro 23011.0 393 144419.508114 0.220140543747 0.0232 1.01018982723 0.186320891115 -0.0131938364395 0.51837070082 0.05388690192 0.226326539481 0.890539903693 5208.0 37.907957064 10.4443249061 1.43733289422 541.093392287 541.168190909 524 598 39.029333928 2.59074580833 0.200576468087 174.953493729
CATLIN micro 27728.0 171 544490.01204 0.156752594351 0.0463 1.53674043117 0.118538104494 -0.0341668346293 0.471959776783 0.0607116965352 0.216964800923 0.873758904925 6016.0 37.8570398153 5.70620969908 1.82364682354 250.061674859 251.769193093 235 274 16.6174691635 1.02692053338 0.192279982478 237.452172118
CATLIN micro 110190.0 572 2370330.58111 0.157167294819 0.0154 1.38259983825 0.178929782442 -0.0114192209854 0.508751634485 0.0425272607626 0.26854524004 0.886781065345 29591.0 41.2587349124 14.9653455437 0.988961875907 651.185432002 666.555005355 684 718 49.1819032791 1.7231573517 0.23798296739 62.0982932663
CATLIN micro 84389.0 498 1599127.63688 0.164945740021 0.0177 1.22801613448 0.185769229616 -0.0127828714218 0.518950224616 0.0484972316118 0.27943215348 0.886391031987 23581.0 41.0835535437 14.6752300895 1.00133925226 569.556403491 567.945071364 590 624 43.8148261167 1.71429841054 0.247621635857 50.7608309869
CATLIN micro 16758.0 600 44203.5576962 0.270990657967 0.0174 1.14953045505 0.266513903807 -0.00789683611225 0.597369699636 0.0745659284937 0.264232008593 0.904048969542 4428.0 40.410550185 17.6490981996 1.19672168762 832.383809234 821.936256536 801 916 61.5835018141 4.63489774659 0.234162878736 67.6712670707
CATLIN micro 8538.0 500 6514.31886172 0.304472881166 0.0429 1.00379135503 0.304666666667 -0.00872465372832 0.677129399387 0.132721984712 0.145467322558 0.953407968598 1242.0 23.787772312 10.6768817535 1.28987710677 735.973946807 732.092100722 688 802 55.1242213057 5.41117935653 0.128917058024 18923.3598186
CATLIN micro 52235.0 237 1488140.9022 0.135364827513 0.0317 0.72424930607 0.184397838557 -0.0295475501591 0.531229202028 0.0731418104006 0.327002967359 0.867064494863 17081.0 40.9591270221 11.6085028642 1.03877552186 276.865169969 280.991142618 286 306 21.7241059677 1.03697323356 0.28959252802 25.6331586652
CATLIN micro 36976.0 472 255369.073806 0.20221585064 0.0235 0.85558800415 0.168132421213 -0.0115035850848 0.517948658188 0.0493930509354 0.165539809606 0.909908366071 6121.0 32.6617265253 9.83102916965 1.43261258935 671.695323155 674.959069209 633 730 44.780272902 2.45460737399 0.146705836504 3205.06208363
CATLIN micro 243717.0 708 7713443.89328 0.128993847334 0.0152 1.50868667128 0.169962219309 -0.010245029433 0.528940988772 0.0440927603545 0.254996573895 0.90677628021 62147.0 36.5862865537 17.5330177718 0.946373525058 844.138489627 826.676158729 849 918 56.9988317481 1.43413602705 0.22598157709 82.410066356
CATLIN micro 745803.0 928 54913938.8847 0.11502728443 0.0116 1.43370334014 0.153738131804 -0.00836324111795 0.512367699357 0.034681126606 0.255398543583 0.907402821186 190477.0 35.3365432963 20.1438209684 0.859508487233 1015.18965939 1004.71051714 1044 1084 68.553848516 1.07457297292 0.226337705676 81.6741175367
CATLIN micro 27675.0 431 124810.432062 0.219170586928 0.0321 1.32306486356 0.288243344924 -0.0129460904746 0.637580834559 0.108904885694 0.225365853659 0.927607883804 6237.0 32.8310749774 13.856366576 0.69888103399 488.43064661 477.263298052 498 527 42.040284387 2.59079741694 0.199725103857 180.238565293
CATLIN micro 40870.0 213 619110.617105 0.12937999857 0.0564 0.87537481704 0.187621003732 -0.0336481910438 0.576026390071 0.098766787608 0.196501101052 0.916728274059 8031.0 34.1154881331 7.07738068484 1.00179673731 307.459454075 283.119208625 271 312 19.9658102892 1.05360369391 0.174144563477 534.283503488
CATLIN micro 5859.0 305 3143.57424504 0.282767803112 0.1054 1.09686007143 0.34806812554 -0.0154355969173 0.735429368958 0.217589044231 0.0698071343233 0.968882524383 409.0 13.4323263356 5.13833865312 1.02139736849 360.522990044 371.042215723 384 408 35.040261989 3.98463082515 0.061864962026 1.22127293734e+15
CATLIN micro 128084.0 851 1499323.42902 0.170154741563 0.0149 1.27166886153 0.155953196989 -0.00714700236618 0.518100797646 0.037601039224 0.203764716905 0.921142180114 26099.0 30.5869585584 15.1248559468 1.25937250851 1147.89886973 1119.03625854 1097 1242 72.2761976569 2.37783721119 0.180581768306 390.445236284
CATLIN micro 9049.0 244 26761.7826857 0.253002961646 0.0491 1.35878744381 0.193884751327 -0.0190597493275 0.554931108182 0.0828269702471 0.143662283125 0.916483421549 1300.0 26.897999779 5.6646428552 1.72222359941 346.504478398 339.497666789 331 382 26.6727855768 2.56501277372 0.127317383478 23003.2624041
CATLIN micro 54003.0 420 684079.418633 0.164223016688 0.0237 1.27480685116 0.187399641819 -0.0150114881301 0.548218330105 0.063061808637 0.267244412347 0.899334606136 14432.0 37.768272133 13.70773914 1.09194990922 522.063745634 511.693389922 520 572 38.4516736005 1.80734202498 0.23683093467 63.7044193844
CATLIN micro 30772.0 395 96394.0008739 0.168336239242 0.0594 1.29702905778 0.250403621902 -0.0159443577785 0.66329146675 0.131369297054 0.146561809437 0.957360005869 4510.0 22.0460158586 9.28910512673 0.936856092466 479.715624297 482.376493645 488 531 38.1252426167 2.25174513832 0.129887021766 16867.0588133
CATLIN micro 38644.0 655 110816.744646 0.202053536599 0.0305 1.12487893711 0.257707979908 -0.00876009045033 0.632046647598 0.0906045656581 0.133966463099 0.949942310446 5177.0 26.7648276576 12.243980388 0.919941496904 813.249709101 818.979997525 820 900 61.9192302683 3.33196371476 0.118724686706 74957.1612126
CATLIN micro 23279.0 342 131748.479335 0.192777930678 0.0341 1.37782123954 0.231099158466 -0.01698824332 0.594756658754 0.0913376687756 0.245457279093 0.914172812843 5714.0 33.459341037 12.0892821189 1.05734060643 430.256955826 414.313010241 426 471 33.912440649 2.24152685255 0.217529414943 103.147114063
CATLIN micro 867615.0 1001 74886234.3826 0.121356673031 0.0099 1.46675391584 0.153461069569 -0.00759353682632 0.492180722031 0.0289747666366 0.238139036324 0.899518224436 206613.0 39.1848919163 18.6988650267 0.766291852709 1070.7986416 1055.63874443 1100 1130 73.134146724 1.07465868183 0.211044507558 124.563351341
CATLIN micro 4982.0 279 3430.40383177 0.314990632264 0.0853 1.36818406669 0.377640509418 -0.0160606648692 0.733327136778 0.219957231413 0.129064632678 0.957993537876 643.0 23.1633881975 7.52078968888 0.902848933207 325.338415091 326.395261965 340 362 32.6536875623 3.95277725313 0.114380552603 150469.620367
CATLIN micro 13604.0 150 271784.187204 0.181254935402 0.0296 0.9369526838 0.191664216407 -0.0393983319691 0.45336679838 0.0583586583199 0.334975007351 0.774518274327 4557.0 66.2378712143 8.18805819849 1.19588894655 196.149733828 198.065191846 194 218 15.6543533142 1.28605027743 0.296582104339 23.4137978962
CATLIN micro 53939.0 781 386205.244614 0.218820358635 0.0122 1.07189233565 0.195988383425 -0.00683908986028 0.539468061822 0.0453192714716 0.290142568457 0.89517986969 15650.0 37.890950889 21.1871639285 1.24780044071 1004.64050981 966.647452221 986 1098 71.5884716394 3.36278877115 0.257096825743 42.4295725338
CATLIN micro 196919.0 695 13963133.2899 0.179125627646 0.0057 1.27341090771 0.181190513238 -0.0089825453716 0.403899987255 0.0188134206033 0.459788034674 0.748660659237 90541.0 64.0694905012 21.635887742 0.630475538849 765.827945888 744.41089583 774 810 56.9293532916 1.56617754775 0.401514956117 9.29920552002
CATLIN micro 62387.0 555 462150.574287 0.181787275178 0.0267 0.704084781614 0.180570767443 -0.0106183933003 0.568264264677 0.0636546245608 0.171157452674 0.932416503574 10678.0 30.7692307692 11.4726138583 1.24834798663 638.111009604 640.970081268 669 706 50.1761045444 2.22200960544 0.151684343036 2161.99426503
CATLIN micro 35419.0 249 1159074.35507 0.194101705385 0.0172 1.24197966362 0.116962499763 -0.0217037963728 0.367356579383 0.0265738364348 0.388322651684 0.766849487086 13754.0 60.7781134419 10.2047195482 1.69505188269 361.194948471 373.026718165 340 395 23.6754093475 1.3230650564 0.342686409245 14.3840455037
CATLIN micro 37489.0 407 714848.221735 0.254723898113 0.0118 0.950467790551 0.16579939616 -0.0119907350958 0.421004634441 0.0284488178347 0.393475419456 0.791037240895 14751.0 56.9847155166 14.5286030081 1.39880097983 438.826935924 442.168002021 468 472 38.5499051148 2.10204728542 0.347057150372 13.8439188977
CATLIN micro 174597.0 910 3366163.25894 0.154740894369 0.0108 1.44567910547 0.148156152627 -0.00701837642107 0.497599589809 0.0315476883752 0.256052509493 0.898526111389 44706.0 39.5316070723 19.1030619427 1.22214384927 1241.9850238 1273.05936556 1191 1354 75.3092167852 2.17782512439 0.226917085944 80.4972391011
CATLIN micro 41085.0 475 249933.976238 0.204075330011 0.0291 1.38321662913 0.286812321055 -0.0122850106381 0.644102853611 0.10965061894 0.23814044055 0.927710907948 9784.0 29.9768772058 16.0640298651 0.539684786362 535.29132255 517.211649577 540 571 44.6184905691 2.34342988463 0.211045751922 124.558655727
CATLIN micro 54143.0 755 371835.337706 0.191749562051 0.0137 1.11632583021 0.252471594415 -0.00789120295291 0.596717689731 0.0678489538823 0.295107400772 0.903035979475 15978.0 33.3708882035 23.7559393306 0.783072792414 999.069023988 981.115321431 950 1068 69.1782216161 3.24470930103 0.261485655238 39.2688291587
CATLIN micro 13330.0 165 317498.668145 0.181353297635 0.0203 1.16676499947 0.203346291118 -0.0357326525046 0.430133779012 0.0487264619951 0.524606151538 0.700900371379 6993.0 65.7389347337 11.4624938579 1.12122126047 321.25172181 261.392516453 228 279 17.2672067581 1.42912056748 0.451079472458 7.09076350147
CATLIN micro 28141.0 587 65627.7933671 0.212792776436 0.0339 1.19329969899 0.208851968189 -0.00898385159099 0.607641313515 0.0804120661555 0.12600831527 0.949733326537 3546.0 23.485306137 10.0695201013 1.37530900026 925.607777223 879.846431826 806 955 57.1987291368 3.49919655528 0.111671961823 241892.268037
CATLIN micro 79337.0 745 906010.570174 0.186524478051 0.0124 1.21641715806 0.166688579252 -0.00776316909719 0.506327188442 0.0369100039352 0.266924637937 0.89156630448 21177.0 40.5838385621 17.4877615589 1.26099607883 1065.3230559 999.288193985 974 1122 65.9489115612 2.64495559708 0.236547728212 64.1087787984
CATLIN micro 14720.0 447 37036.3158074 0.259545555247 0.0285 1.03916486429 0.231572044305 -0.0106069916755 0.591152427694 0.0804379236405 0.225679347826 0.921529160267 3322.0 30.9307065217 12.7581979736 1.43474063887 587.050893637 596.924523254 590 661 46.4730382145 3.6842883951 0.200002924072 178.489855752
CATLIN micro 19768.0 419 84432.8171655 0.223337377269 0.0257 1.14437782592 0.209865586387 -0.0123719318321 0.560178089226 0.0680332560621 0.247217725617 0.907297905399 4887.0 34.7784297855 12.6003143573 1.33782919179 602.445177342 609.34828708 566 655 42.2571387938 2.98011248392 0.21908932482 98.789690519
CATLIN micro 38708.0 551 299614.820795 0.218506593822 0.0162 1.25008007415 0.266043992275 -0.0101135222491 0.595523850373 0.0761753280832 0.311718507802 0.888202382496 12066.0 40.3999173298 19.6893888277 0.766640381086 633.136953424 605.199011725 637 679 52.0645901992 2.8006009556 0.276146821019 31.0096157372
CATLIN micro 55219.0 908 168518.319234 0.203795741127 0.0215 1.02797563231 0.258316305288 -0.00633350095228 0.641757803357 0.0861478566469 0.189318893859 0.948771030043 10454.0 26.0979010848 19.5921639679 0.839240787218 1141.03870302 1123.40389806 1126 1243 83.065740333 3.86403970003 0.167779500372 753.23420525
CATLIN micro 30182.0 488 97626.6627899 0.222365234013 0.0378 1.23273878018 0.243408974625 -0.011066567456 0.61410442739 0.0898732873854 0.133423895037 0.945759127777 4027.0 23.0302829501 8.65067488261 1.05161829211 561.488673383 544.197271999 578 614 47.2127923244 2.80896168028 0.11824384828 80674.3046506
CATLIN micro 40855.0 300 604932.531494 0.179455110148 0.0298 1.30055945456 0.234849263656 -0.0207239351083 0.558532487817 0.07754303625 0.259013584629 0.888302000138 10582.0 41.6252600661 10.4731044905 0.52424578264 346.001125961 344.281542953 347 371 28.1603003179 1.48422125715 0.22954033636 75.4685698264
CATLIN micro 102547.0 796 1474210.31374 0.176969079725 0.0111 1.26932576868 0.163242392151 -0.00748105311907 0.50326180692 0.0350124781003 0.289457517041 0.887293569297 29683.0 38.9050874233 19.7980365341 1.25162930485 990.491523165 1024.47091039 1013 1110 68.9022992157 2.48571645861 0.256491060978 42.8968360994
CATLIN micro 110820.0 505 3204840.45784 0.14423850598 0.0148 1.48449914206 0.186110024105 -0.0135338182939 0.506325069114 0.0443940482767 0.323028334236 0.866497119095 35798.0 42.5076700957 16.65515197 0.955026888829 573.809131547 590.202558502 604 633 43.3896902703 1.51698855837 0.286101221597 26.8746821784
CATLIN micro 35652.0 519 239553.131832 0.230216752107 0.0194 1.33791068496 0.266510111554 -0.0104199103121 0.586780035059 0.0737312229306 0.251739032873 0.900447595012 8975.0 41.8742286548 15.1655092496 0.710149923141 627.437824172 575.789284906 606 659 49.4201220088 2.74868776256 0.223095425215 88.7489071944
CATLIN micro 29536.0 154 1222751.47288 0.153946427645 0.0294 1.49307897218 0.150139033502 -0.0413682187001 0.426421323806 0.0494545142573 0.401814734561 0.779056386759 11868.0 56.7138407367 8.68022676497 1.325872593 190.147565311 190.349684118 193 212 14.8639437112 0.896076073423 0.35409283353 13.0467827895
CATLIN micro 86901.0 882 430766.603686 0.18345587036 0.0221 1.21546153856 0.208690912413 -0.00679638275507 0.593693453576 0.0625048291133 0.139699197938 0.948612473394 12140.0 25.3000540845 13.2168842509 1.02768233959 1086.00234753 1060.90031712 1086 1189 77.467406231 2.99196285922 0.123805190677 36233.8879802
CATLIN micro 135245.0 546 3283332.84099 0.143231781641 0.0184 1.32375298745 0.166449491948 -0.0125162116866 0.506301645314 0.0427768235648 0.19442493253 0.900339191311 26295.0 38.5463418241 12.0515498969 1.00079597566 640.317244143 647.273835929 661 707 46.1284157147 1.4846771809 0.172304607987 587.918698751
CATLIN micro 57.0 19 19.4444444444 0.61473924043 0.3282 1.45448853334 0.578947368421 -0.129194559764 0.797231085197 0.525462482969 0.333333333333 0.839642967067 19.0 50.8771929825 2.89976367389 1.5899643246 29.1785714286 40.6243794815 29 35 4.4520830451 2.51661147842 0.295144276557 23.8437551542
CATLIN micro 302045.0 1278 5265003.60029 0.148827606899 0.0105 1.35802503113 0.150544435608 -0.005134561215 0.522587965515 0.0321206149931 0.201734840835 0.925521128323 60933.0 32.8911254945 19.946566042 1.19339788115 1676.18637168 1608.96774917 1613 1808 101.201971201 2.32538586567 0.178782840272 424.875770827
CATLIN micro 34678.0 275 369175.690325 0.173789911425 0.0414 1.24471309612 0.171357685512 -0.0219810313814 0.539046722076 0.0717143283385 0.196003229713 0.912248224852 6797.0 30.2266566699 7.33888149591 1.23004964292 361.708382739 335.046047894 342 384 26.2104122404 1.47674555633 0.17370333675 546.541528297
CATLIN micro 84814.0 746 1562472.81488 0.203271506496 0.0082 0.993245759875 0.152708487919 -0.00743715191976 0.455612021015 0.0259913958885 0.374301412503 0.836838975658 31746.0 45.3191690051 22.3253211792 1.2837637958 994.414357502 961.387317049 955 1077 65.6490858476 2.56156307659 0.330709035571 16.0727485888
CATLIN micro 71635.0 791 600003.064117 0.191971515522 0.0135 1.25290537135 0.166778699823 -0.00708601430756 0.51996939956 0.039409967042 0.246122705381 0.906365972007 17631.0 36.2825434494 17.4513582802 1.36393665101 1188.75939874 1156.66001308 1070 1252 70.666073883 2.95538354472 0.218119044886 101.468074501
CATLIN micro 4117.0 162 22150.7533548 0.27358493342 0.0285 1.29576161932 0.269235959302 -0.0287834945952 0.527640073375 0.0847807313458 0.440126305562 0.783423813853 1812.0 56.5460286616 11.0123445228 1.26992228051 229.485779735 232.627255461 220 254 19.344265396 2.52478604466 0.385743029245 10.3003109823
CATLIN micro 26182.0 100 3744328.65414 0.171211088743 0.0182 1.2166125958 0.0863295393782 -0.0561517261726 0.218007036546 0.0174653153068 0.712359636391 0.449241295431 18651.0 91.857000993 8.90095968264 1.89769218014 148.484610451 146.95569068 138 162 9.73180766842 0.618014394712 0.57545217367 4.42683508723
CATLIN micro 489002.0 691 57880661.0726 0.130403509579 0.0086 1.38982435039 0.137354505861 -0.0105927389535 0.443478718707 0.0248775804877 0.380115009755 0.831535581965 185877.0 45.4488938696 21.4382489163 0.714097699468 781.407951873 778.129198164 788 834 52.6712657681 0.988149669414 0.335689516494 15.3302940737
CATLIN micro 35836.0 360 348359.507768 0.163704265492 0.0277 1.13624308582 0.215673252223 -0.0175834753718 0.56361115242 0.0740684269507 0.264343118652 0.899839242048 9473.0 37.9562451166 12.5285471435 1.01360895136 468.605181154 471.697819268 461 516 34.233812109 1.90170319793 0.234261293022 67.5184801126
CATLIN micro 212739.0 915 1703849.21526 0.136448646034 0.0308 1.28863443753 0.202382493009 -0.00778503326073 0.617535135718 0.0726683662909 0.111606240511 0.964497226258 23743.0 18.2604035931 11.0515911456 0.822708587002 1075.84399931 1063.3430674 1088 1169 74.5038564369 1.98379840767 0.0989084553891 3850930.93094
CATLIN micro 66325.0 554 393826.310368 0.185381073019 0.0352 1.23088336094 0.229778399496 -0.0109265404763 0.617841215273 0.0877958629832 0.145179042593 0.948686950588 9629.0 24.2005277045 10.2649285225 0.815710866266 621.958013869 603.312529042 634 668 49.8093994287 2.15115218209 0.128661576558 19513.5919171
CATLIN micro 103365.0 550 1909613.48775 0.157198753383 0.0182 1.45280569425 0.169188796982 -0.0117571159055 0.508269102494 0.043184394911 0.190760895854 0.90005882221 19718.0 36.0073525855 11.8535738777 1.08336417276 641.431348125 655.262025814 668 711 47.5488453619 1.71070819174 0.169057441098 701.010744157
CATLIN micro 103906.0 509 3891567.81176 0.153810697361 0.0106 1.41884431436 0.169249620624 -0.0130180266365 0.449967338068 0.030545532129 0.384231901911 0.814927471822 39924.0 54.5396800955 17.402164404 0.919029878858 673.07634544 664.938613518 642 722 43.9779552169 1.57905577071 0.339204323398 14.8416863518
CATLIN micro 114682.0 655 1386973.00006 0.174234320182 0.0217 0.620713224548 0.197525823482 -0.00951442824258 0.568679443323 0.0595596343968 0.195244240596 0.929504074468 22391.0 31.7835405731 13.7981260638 0.884496924182 743.02274556 709.235108102 745 790 56.1377324552 1.93416567115 0.173030700515 565.946963968
CATLIN micro 131712.0 760 1990594.26242 0.159738875436 0.0149 1.13577890226 0.18553702496 -0.00853641656916 0.542753875742 0.0469139989227 0.245915330418 0.911593098674 32390.0 35.5510507775 17.8853960002 0.967298360193 870.4373867 883.931823677 908 958 64.3854754185 2.09411689234 0.217935291768 101.987083335
CATLIN micro 971014.0 920 71313015.1335 0.109828786154 0.0154 1.57171789165 0.146442275807 -0.00864642600144 0.519378887547 0.0365833954205 0.178915031091 0.929405277994 173729.0 29.3301641377 14.4366814842 0.852928511875 988.388559639 975.598328555 1018 1047 66.6613658414 0.933630608956 0.158559317821 1328.1803589
CATLIN micro 5613.0 328 11421.0239334 0.342778247036 0.0251 1.22694710548 0.238501214515 -0.0114950323496 0.559362951531 0.0750576926818 0.303402814894 0.878411823562 1703.0 40.3171209692 12.9357838224 1.92178364861 535.236920884 544.050974336 476 572 37.8786096704 4.37800569934 0.268812299963 34.7556710377
CATLIN micro 215474.0 872 3032612.84812 0.134855176469 0.0198 1.19865221204 0.195440713041 -0.00819215238531 0.583583403605 0.0585579613268 0.184133584562 0.941961973872 39676.0 27.578269304 16.3902277783 0.856395297511 1006.92673456 1014.46505894 1038 1103 70.9248991842 1.87853394871 0.163184140211 988.163769038
CATLIN micro 110364.0 528 2186370.74332 0.150263553492 0.0196 1.23413633037 0.191838741882 -0.0127110242613 0.535723023222 0.0526489883671 0.244944003479 0.903508582762 27033.0 38.0395781233 13.9571704373 0.943519531244 590.093585881 593.409617183 618 644 45.3858861968 1.58935241541 0.217074601617 104.469708626
CATLIN micro 77482.0 633 721452.687449 0.185711161582 0.0204 1.12575626453 0.18360925534 -0.00937235468299 0.53777657872 0.0492116992822 0.178092976433 0.92247100624 13799.0 33.4116310885 12.3167809434 1.08185642275 832.598906343 760.292278488 781 875 56.1388501993 2.27406722422 0.157830790866 1394.62038175
CATLIN micro 43361.0 743 147360.022982 0.214553774306 0.0226 1.09854856486 0.230737981359 -0.00738204284558 0.611329585811 0.0753383638323 0.183298355665 0.940499379898 7948.0 30.479001868 15.6806842961 1.07548072015 921.162838986 910.798144249 927 1017 69.4931217683 3.56811767712 0.162443937923 1034.41884581
CATLIN micro 273156.0 961 13695675.0437 0.166122671259 0.0059 1.24406909148 0.198785243208 -0.00680157711833 0.475013877149 0.0261580116512 0.392006765365 0.822748347762 107079.0 51.0129742711 25.9559612276 0.483256910851 1064.22872437 1043.40585828 1076 1128 76.6908024847 1.83873022668 0.345813172418 13.9939381383
CATLIN micro 11140.0 401 39905.9417207 0.30666341756 0.019 1.26148908559 0.215996140707 -0.0105677378147 0.510413655273 0.0507868984652 0.247217235189 0.868880705498 2754.0 45.5116696589 11.3173123214 1.62276075382 618.365306539 581.786520727 554 654 42.9262962919 3.799284162 0.219088890262 98.7908671317
CATLIN micro 84430.0 729 921227.537595 0.176881004818 0.0144 1.32657903118 0.164628988682 -0.00813496405999 0.520870550762 0.0411841653725 0.25744403648 0.904546654058 21736.0 35.898377354 17.5923586826 1.27035533381 1016.19259074 1018.83066165 960 1099 64.1767154936 2.50887563394 0.228149879046 78.0745280128
CATLIN micro 21856.0 319 96245.2820331 0.182566215414 0.0466 1.23945657672 0.25096829289 -0.0189119718515 0.625455044201 0.11262144314 0.193036237189 0.932793657447 4219.0 30.6460468521 9.65302797467 0.953909528368 397.003568977 394.065815683 397 437 31.8247253854 2.15777095074 0.171073909267 627.77129646
CATLIN micro 84314.0 415 1002556.41432 0.14033467173 0.0396 1.28351690122 0.177684821884 -0.0165165162355 0.564134631504 0.0700166711563 0.130761202173 0.939204220125 11025.0 23.3401333112 7.32647050967 1.06342564573 542.439713737 525.877884111 522 585 36.5005230916 1.42921725225 0.11588409817 117215.040724
CATLIN micro 32212.0 308 332598.764838 0.182098166526 0.0319 1.10455771331 0.142781346308 -0.0180349174002 0.497762460446 0.053180298942 0.210573699243 0.898346782767 6783.0 33.4906246119 7.99322701602 1.65347392926 436.168927372 457.245597117 420 484 29.5758391161 1.71609715486 0.186616054106 298.886760074
CATLIN micro 200522.0 633 6587822.61468 0.130779153587 0.015 1.38370334926 0.167522379544 -0.0113084067591 0.512078708993 0.0414527521989 0.256819700581 0.894873841328 51498.0 40.9675746302 15.8180273832 0.999922957604 767.085775067 756.242578031 771 839 51.7664513332 1.41358750019 0.227596767142 79.148077013
CATLIN micro 514486.0 755 31133616.0741 0.120142434604 0.0147 1.42747022381 0.161536945007 -0.0100584850455 0.515762676503 0.0391281877852 0.222835995537 0.909989757813 114646.0 36.6375372702 15.5755662902 0.844011455514 828.128347267 815.425019539 848 883 57.3343760191 1.0525922569 0.19748312266 195.259019274
CATLIN micro 77504.0 419 651998.092611 0.170050446227 0.05 1.07151924081 0.248617085773 -0.0153017945589 0.634677998631 0.108037196319 0.105607452519 0.95224278081 8185.0 20.5679706854 7.31703509112 0.581417306102 452.469819601 443.403585202 460 477 37.1288728435 1.50505359139 0.0935921679504 17081803.7792
CATLIN micro 888135.0 975 85586960.7902 0.111330317355 0.0096 1.63326046994 0.150351103068 -0.00810725356154 0.495499900478 0.030054130573 0.280292973478 0.893290517457 248938.0 39.8922461112 21.8154029557 0.845213975585 1039.93787216 1051.08794676 1092 1105 71.1110901496 1.03458248819 0.248383485472 50.0015826381
CATLIN micro 134387.0 1210 355193.297022 0.170700165998 0.0336 0.823947891587 0.200974187844 -0.00514209022107 0.64142920739 0.0776896130868 0.0748584312471 0.975395486839 10060.0 13.5132118434 10.2872627298 1.02523229621 1546.2176413 1484.32236867 1501 1667 102.384058306 3.300705226 0.0663415573683 1.90162226334e+13
CATLIN micro 26315.0 197 731090.591992 0.192132798134 0.0239 1.20447017553 0.124787642106 -0.0277990242852 0.386116060551 0.0341330072465 0.293178795364 0.78799525863 7715.0 57.76933308 7.77534862334 1.65848446297 275.493548882 275.736344555 262 301 19.2574212641 1.21440777484 0.2597811012 40.4513413461
CATLIN micro 14827.0 404 50113.1036226 0.269803550134 0.0262 1.29491512079 0.342957422471 -0.0123732477971 0.657990930414 0.126245789813 0.287178795441 0.905659817603 4258.0 35.003709449 16.9576170078 0.609837811983 449.95604066 444.939545393 467 488 41.9607864347 3.31783451949 0.254475772182 44.5102142216
CATLIN micro 42075.0 424 588489.077741 0.228675444961 0.0165 1.27684842318 0.26155371697 -0.0128530541017 0.543847616244 0.0611026883606 0.304717765894 0.857026874103 12821.0 51.2418300654 14.2762583701 0.529159458597 466.983477732 451.292396345 474 496 39.7287213243 2.06706338553 0.269972832681 34.1162765737
CATLIN micro 85211.0 815 1561946.31134 0.194723931374 0.007 0.949717219094 0.191281519646 -0.00717818143218 0.479882238521 0.0294185310024 0.395911326003 0.823667749937 33736.0 48.736665454 24.4959437612 0.942128487944 1029.69361903 1021.34512311 1018 1126 71.6998315183 2.79196376596 0.349117215535 13.6016869302
CATLIN micro 220232.0 1003 3970037.26483 0.151189762087 0.012 1.47162571762 0.143094477873 -0.00642153960771 0.505824786443 0.0319072071572 0.216644266047 0.91698644813 47712.0 34.0114061535 17.687672649 1.26564232615 1316.10611485 1353.14597675 1298 1455 81.4472787022 2.13727655435 0.191995918512 240.102321071
CATLIN micro 41753.0 650 553062.386728 0.223869190422 0.0074 1.09038315051 0.212444172597 -0.00832458893918 0.476256357874 0.032143130316 0.428304552966 0.792567653007 17883.0 57.1096687663 21.9948167725 0.948183535356 889.881607323 859.819771965 837 952 60.9989546882 3.1810428106 0.3761015821 11.0166031544
CATLIN micro 119064.0 913 1392951.13684 0.178741139614 0.0121 1.3186267267 0.146986555373 -0.00635661871049 0.499100790268 0.0318325030252 0.222090640328 0.909291964292 26443.0 36.5433716321 16.8352307811 1.400705219 1321.60594228 1314.11413553 1226 1420 78.0326434397 2.64594335921 0.196822580469 200.013381959
CATLIN micro 173664.0 849 1866314.0755 0.142071363057 0.022 1.12146929475 0.210368700276 -0.00820503513005 0.592334727181 0.0628676210233 0.158743320435 0.946346112218 27568.0 24.8767735397 14.0294309412 0.837099718812 982.754616346 986.724973383 1011 1076 70.286663712 2.03728970366 0.140682604805 5445.34263505
CATLIN micro 94829.0 823 207003.035113 0.162119461551 0.0603 0.888345652501 0.238534920188 -0.00789647928542 0.686562844853 0.120888437908 0.0468843919054 0.979862970164 4446.0 9.1628088454 6.73052632718 0.842989722568 953.27682291 941.633621143 971 1036 71.7288092971 2.67257098907 -0.0415502104901 -7.00538742737e+31
CATLIN micro 19835.0 700 26216.8470775 0.259162127606 0.0298 1.07867600695 0.306104288955 -0.00710892934942 0.676816131678 0.119109353419 0.181497353164 0.951992099682 3600.0 25.6970002521 17.0239727326 0.979951971871 882.293454454 878.396228456 890 982 70.6402866602 4.97029238605 0.160847841095 1143.9617613
CATLIN micro 22911.0 532 35894.5662851 0.208535434258 0.0492 1.23987453788 0.232697922625 -0.0101465885318 0.648101193685 0.108162203483 0.0905678495046 0.961809557343 2075.0 17.9127929815 7.8386736762 1.2558738954 797.523039707 768.782648907 719 841 52.8917523524 3.51471091123 0.0802636668113 2762487784.61
CATLIN micro 10829.0 151 175233.858366 0.193217144075 0.0287 1.43416508745 0.205626417658 -0.0374199555173 0.467553597105 0.0629474394064 0.444085326438 0.7692306669 4809.0 57.0874503648 10.0084930586 1.27393098504 204.081824898 199.503028297 197 224 16.1464235194 1.45105131276 0.388945635226 10.0811481323
