CHU micro 2231.0 180 3551.79326505 0.345009065582 0.0417 0.157467265888 0.331545395687 -0.0220004590054 0.621947863288 0.135605015939 0.334827431645 0.866711898132 747.0 42.4473330345 10.7990153653 1.40780686465 284.487512351 308.99910808 259 309 23.2159839441 3.81085759238 0.296452887233 23.4519102193
CHU micro 860.0 185 188.566098707 0.536989831933 0.1033 0.219533555162 0.469830295412 -0.0150486775236 0.769367463015 0.296192303016 0.144186046512 0.947682531098 124.0 27.7906976744 7.05687408651 1.7672176613 273.126001507 299.530921788 272 317 27.2312921604 6.3084476401 0.127781556693 21720.5879794
CHU micro 2076.0 325 523.892440646 0.454385117134 0.0725 0.19190510599 0.409488661627 -0.00989622232673 0.746488451629 0.228411402887 0.138246628131 0.957537932366 287.0 23.9402697495 8.92846445914 1.58982723854 510.616969927 570.959682367 479 570 42.4183805706 7.13295832122 0.122517884203 43206.3060295
CHU micro 675.0 197 34.7764425567 0.58381899057 0.2533 0.229553699604 0.549689791314 -0.013462154869 0.86902310273 0.498037081237 0.0711111111111 0.979963786008 48.0 12.2962962963 4.73013015576 1.35184889495 297.277591653 343.025054979 294 345 30.0857473384 7.58253353536 0.0630205813655 3.83264307814e+14
CHU micro 3029.0 468 210.69515822 0.44339446758 0.1661 0.174771293836 0.489618869447 -0.00758678331672 0.84807086659 0.391627047975 0.061406404754 0.98713885069 186.0 11.2248266755 7.51883270505 0.937402017621 624.379112687 643.807362004 632 711 58.2585716208 8.50347063707 0.0544200092883 1.33911358711e+19
CHU micro 1818.0 358 233.237563182 0.522498581444 0.0998 0.20550409725 0.490350990406 -0.0083505250968 0.805634162856 0.31696113465 0.0990099009901 0.972013758031 180.0 18.5368536854 8.64164719719 1.4140922361 504.080352229 528.468322902 505 579 47.5651678707 8.39626403378 0.0877452401438 120405074.854
CHU micro 435.0 76 190.122631579 0.4746283796 0.1487 0.195107016517 0.442316999395 -0.0415805634611 0.74683365904 0.325193916995 0.218390804598 0.911486325803 95.0 37.7011494253 5.04009530403 1.51893993246 94.927231808 107.649034644 105 113 12.3449758444 3.64392109129 0.193543732175 226.133952763
CHU micro 1924.0 347 305.011727274 0.490990116663 0.0918 0.196046115834 0.467372548785 -0.0090604946227 0.797778340254 0.304396505221 0.136694386694 0.968609121676 263.0 20.2182952183 10.785744142 1.37349296429 489.073842954 521.133644444 490 562 45.754113291 7.91091905739 0.121142246047 52459.5029042
CHU micro 26.0 10 16.4888888889 0.624690895667 0.313 0.281100414586 0.546153846154 -0.211560835697 0.719618876625 0.471496786129 0.538461538462 0.680473372781 14.0 65.3846153846 2.54115446271 2.22802810344 24.56 27.7927272727 17 23 2.76234908787 1.96116135138 0.461191188871 6.75999414458
CHU micro 530.0 92 255.942188247 0.480294593966 0.1159 0.198531412852 0.437079573421 -0.033717543272 0.726629951766 0.282712149099 0.22641509434 0.906215735137 120.0 39.8113207547 5.77988743329 1.63443190915 126.530267728 137.240883147 131 149 14.5069000883 3.99622463342 0.200654945705 174.477201871
CHU micro 1321.0 194 492.165509321 0.437430819365 0.0865 0.180719774728 0.432638504101 -0.0176678001224 0.746187388837 0.258798935797 0.176381529145 0.940412288307 233.0 31.4912944739 8.24711536567 1.32682315204 323.916528926 298.989117621 279 337 26.8572396853 5.33765280546 0.156314060224 1546.98050607
CHU micro 1187.0 140 1120.40960946 0.423936117222 0.0607 0.181573362339 0.363581658443 -0.0243609897893 0.655993502843 0.176811443079 0.243470935131 0.882324593373 289.0 46.9250210615 7.63201304079 1.64103311513 198.162206879 210.506492517 196 226 19.6350302876 4.06352256912 0.21576930211 108.403716926
CHU micro 3011.0 464 679.939408468 0.465813234405 0.0584 0.187364601483 0.442586235527 -0.00711009473667 0.775769417904 0.250782849796 0.160079707738 0.963120831941 482.0 23.1816672202 14.5101738998 1.32527687172 624.351762781 677.958543331 644 724 57.8025479131 8.45595382544 0.141866947216 4881.58896338
CHU micro 6670.0 557 2878.56051819 0.344720260714 0.0475 0.150942600106 0.380271533892 -0.00742961774372 0.736754265764 0.187848333865 0.154872563718 0.962229859583 1033.0 23.0734632684 14.3864125523 1.07922884208 774.518950335 805.099581772 757 866 63.1432495753 6.8201241157 0.137252235981 7588.24135042
CHU micro 5371.0 515 2051.87969476 0.38906690492 0.0504 0.166785952102 0.363627391258 -0.00724127304488 0.719624432711 0.172042604477 0.120647924036 0.961498376938 648.0 21.2250977472 10.5152775519 1.39709245155 671.152295975 707.588268299 697 774 59.8455933168 7.02715693926 0.106921438781 605981.75983
CHU micro 693.0 183 50.3444424428 0.571617278802 0.2226 0.220269990474 0.557802852885 -0.0151580061653 0.858311326379 0.475141174708 0.0836940836941 0.97545648195 58.0 15.873015873 5.45938819555 1.25883277325 271.687976879 279.97361612 265 310 27.8243640562 6.95159516404 0.0741719504708 72484565946.0
CHU micro 24.0 11 5.96363636364 0.706448523543 0.4675 0.295204975616 0.640151515152 -0.181791238491 0.837201293293 0.644483887282 0.375 0.805555555556 9.0 54.1666666667 2.24261712956 1.66869289741 19.7652173913 30.1128328569 18 23 3.14657980444 2.24536559755 0.331308538559 15.9800826738
CHU micro 6159.0 456 4883.77138519 0.357115081614 0.0361 0.15674363488 0.333239333111 -0.00872616382602 0.671536554027 0.131949113262 0.176489689885 0.939227429338 1087.0 30.6380905991 11.9291268893 1.32204829975 622.510256751 622.831477168 614 698 52.1449946362 5.81044962894 0.156409915183 1536.7480583
CHU micro 1423.0 304 106.158578687 0.511535303501 0.1716 0.199252372065 0.516817231941 -0.0101645602926 0.845956356375 0.412572034456 0.071679550246 0.980825500548 102.0 13.2115249473 6.65612844991 1.1563297026 444.842777603 473.771631877 435 506 41.7325331485 8.05881402476 0.0635243474323 2.35801990951e+14
CHU micro 5253.0 294 9517.89701888 0.297915720599 0.0326 0.143514268403 0.292701546638 -0.0148317480643 0.616696666053 0.110180653101 0.28745478774 0.895535259121 1510.0 37.3310489244 12.844627707 1.34851847641 494.118095963 474.887804784 417 503 34.2027819776 4.0564266754 0.254719882197 44.3098279074
CHU micro 513.0 97 153.10330756 0.466111029178 0.1558 0.197363775619 0.43087960451 -0.0321815300052 0.761122518784 0.328353746342 0.167641325536 0.93384099191 86.0 30.604288499 4.82872494427 1.5611837393 180.71875 159.97854476 145 180 15.383935323 4.28265462118 0.148568256502 2754.05425276
CHU micro 6176.0 417 2945.83661917 0.322373445597 0.0695 0.143604283839 0.36738679005 -0.0104501336704 0.735965077838 0.201410760463 0.115123056995 0.965473643168 711.0 19.9319948187 9.09994279804 1.0301324496 531.695262853 535.104354744 541 599 47.6603680468 5.30618528998 0.102025152849 1783556.60775
CHU micro 1142.0 210 295.223422192 0.52731412866 0.0914 0.206604460869 0.48277875073 -0.0141542886451 0.778511639831 0.302632725094 0.18476357268 0.947926794483 211.0 27.6707530648 9.4042183744 1.46496108249 260.101014148 280.944162179 283 304 29.6852382285 6.21421453981 0.163742452601 955.013746992
CHU micro 239.0 46 86.2497584541 0.512525359916 0.2424 0.19450194161 0.559668910315 -0.0689260060608 0.802821725021 0.458269153465 0.221757322176 0.910313194797 53.0 38.0753138075 4.04193116188 0.943627661157 64.5391079509 59.3336120701 62 72 8.21698155631 2.97549264582 0.19652718987 202.191209022
CHU micro 1132.0 220 134.124865089 0.476886212891 0.1655 0.192816643552 0.473594603277 -0.0145459242349 0.819051228359 0.373981008291 0.104240282686 0.972532120516 118.0 16.6077738516 6.10846413657 1.29480597782 336.994918667 364.169664782 319 377 31.1444906661 6.53882128106 0.0923805452327 24855852.0066
CHU micro 7260.0 533 3801.72452002 0.341948619694 0.0466 0.154500044586 0.324027413828 -0.00757842339977 0.695103106552 0.145842213169 0.113774104683 0.959751421047 826.0 20.8539944904 9.8673217738 1.38106579448 715.386931212 751.167047289 724 816 59.8416102284 6.25545491978 0.10082967499 2376540.02624
CHU micro 2580.0 368 784.604786163 0.471033311451 0.0591 0.186695498039 0.445989214695 -0.0089989613014 0.75580195367 0.234197935265 0.144573643411 0.954023496184 373.0 26.8604651163 10.8046628741 1.28485759014 459.075763111 490.533037587 494 534 46.7185936873 7.24499292482 0.128125055501 20825.64888
CHU micro 84.0 27 10.8717948718 0.62986878211 0.4804 0.234151873757 0.616402116402 -0.0961152193619 0.876711321195 0.653241158201 0.166666666667 0.922902494331 14.0 28.5714285714 1.92734041291 0.892514419334 33.5485471297 41.9681958791 38 41 5.86799255767 2.94594151819 0.147704487571 2952.75124621
CHU micro 24.0 11 5.56363636364 0.735660542434 0.4848 0.301140949203 0.681818181818 -0.177631410225 0.852197886123 0.671742903968 0.375 0.8125 9.0 50.0 2.45824915376 1.64315616129 15.4720496894 24.5217391304 17 20 3.14657980444 2.24536559755 0.331308538559 15.9800826738
CHU micro 3055.0 411 831.919292624 0.447937464432 0.0624 0.181626756705 0.423900828684 -0.0082955703783 0.756116534501 0.228546712419 0.139116202946 0.961020676576 425.0 22.94599018 10.8044772068 1.3320250962 563.049770792 566.991910676 563 640 51.0933040432 7.43594578309 0.123288524817 38861.1080573
CHU micro 939.0 233 78.4689211188 0.570170957732 0.1721 0.218828485285 0.554091422251 -0.0119902441651 0.848743813514 0.43603226033 0.105431309904 0.975061272216 99.0 17.0394036209 7.34172272228 1.28151626435 329.122568973 342.547413405 331 380 33.8942665006 7.60366763137 0.0934360656228 17913227.7721
CHU micro 1596.0 242 576.20877199 0.456875484395 0.0705 0.190828601203 0.408650759129 -0.0133700835707 0.732097917629 0.226615241211 0.190476190476 0.941350870912 304.0 27.694235589 9.41525462502 1.58209678866 364.03345131 385.903011148 349 410 32.6768328115 6.05757670929 0.168805127584 710.941104055
CHU micro 1541.0 294 207.548988879 0.506105223859 0.1172 0.200975835302 0.477773068994 -0.0104139687181 0.805766625174 0.329280501535 0.105775470474 0.97099020879 163.0 18.2349123945 7.59520825738 1.40756127892 397.871916805 437.41384226 412 464 39.9172400613 7.48938249106 0.0937410699862 16328241.2652
CHU micro 521.0 138 72.6863958532 0.566879220369 0.1649 0.229294165981 0.511488497594 -0.019241471316 0.817303355857 0.402159135807 0.157389635317 0.956067801106 82.0 22.8406909789 6.62171479698 1.62461122116 204.155964326 238.709730614 206 240 21.8998519899 6.04588976987 0.139482932605 6099.27048532
CHU micro 2380.0 319 826.060566629 0.429316598974 0.0633 0.176300614553 0.424901872975 -0.0110288522525 0.75420990605 0.240051451364 0.193277310924 0.950490078384 460.0 24.7478991597 12.8459852733 1.25869114669 468.614265006 477.167065777 446 520 40.9010802957 6.53886249198 0.171287555226 620.605781021
CHU micro 3813.0 535 442.287185411 0.424590520226 0.1032 0.172540165302 0.454588459059 -0.00672692140028 0.811980920674 0.305616606136 0.0878573301862 0.981886129615 335.0 14.4505638605 10.02522818 1.09177846311 781.098827762 782.503324042 743 864 64.7573235803 8.66403861786 0.0778615316094 9158527680.27
CHU micro 724.0 170 64.5479986077 0.53998725621 0.2204 0.209302591499 0.535635359116 -0.0172425613049 0.846972619627 0.452480573345 0.0966850828729 0.97330667562 70.0 15.1933701657 5.02296773087 1.24626520231 234.634729033 251.97987851 241 274 25.6652018157 6.3180002431 0.0856849237316 263456339.579
CHU micro 1542.0 309 132.77587946 0.505387560046 0.1584 0.197912697901 0.506667674058 -0.0100723913822 0.83385482776 0.383755222747 0.0778210116732 0.979564834862 120.0 13.1647211414 6.30838801137 1.22378729247 478.503864079 462.254501914 439 520 41.9570766474 7.86894106364 0.0689670759107 2.38247520852e+12
CHU micro 1099.0 97 1093.6608677 0.334232634441 0.106 0.147226360343 0.398478466835 -0.0437806642112 0.712752074062 0.261104969027 0.273885350318 0.902762955156 301.0 35.304822566 7.26744406114 0.990919294956 129.029143898 132.433678228 130 147 13.7100631042 2.92599034042 0.242711530289 56.1043422593
CHU micro 7962.0 374 9341.23542315 0.280399877325 0.0464 0.136835378451 0.290146914421 -0.0122475444775 0.652445045781 0.125241994415 0.152348656117 0.942363409062 1213.0 28.2089927154 9.23601040412 1.29499994083 510.358589588 535.024575704 504 573 41.5254860279 4.19141357442 0.135015481107 9545.22025027
CHU micro 1092.0 243 130.234465871 0.526363963943 0.1347 0.209429788869 0.502905530683 -0.0120548149081 0.815425537806 0.360175940099 0.0979853479853 0.969454843081 107.0 18.7728937729 6.90136424827 1.40441934691 424.125866178 398.527927124 360 440 34.5923512297 7.35351452193 0.0868372536845 168884770.463
CHU micro 219.0 48 96.6343085106 0.51243683809 0.1803 0.207483356949 0.488869863014 -0.0616432915848 0.752616861617 0.370675188477 0.269406392694 0.884468630762 59.0 43.8356164384 4.43031434895 1.51699981462 81.8880733945 77.8364377891 71 87 8.7213535756 3.24353941632 0.2387455821 61.0682463542
CHU micro 1500.0 171 855.624148607 0.383467920473 0.083 0.170156717638 0.359894736842 -0.0213558599933 0.701171064768 0.210520677881 0.185333333333 0.929504888889 278.0 32.2666666667 6.98058692627 1.50182731902 267.674619238 277.913657898 247 294 23.2455732224 4.41520101468 0.16424738979 926.250247339
CHU micro 2687.0 357 537.800553929 0.410881812957 0.0955 0.173981777696 0.413126173432 -0.00999317660256 0.768649801123 0.254620277397 0.100855973204 0.970681176055 271.0 17.8265723856 7.44809015592 1.32539673878 663.62013654 569.62026366 517 636 45.0850883035 6.8870681879 0.0893812790464 67121434.7612
CHU micro 1875.0 196 1145.13916797 0.37920119981 0.0744 0.163706595524 0.380865306122 -0.0194014707984 0.707003655911 0.208962992377 0.173866666667 0.931380906667 326.0 32.96 7.7095453099 1.29809020253 308.096148249 294.779294497 275 327 25.8745466108 4.52642611045 0.154085321408 1811.04083024
CHU micro 1370.0 318 162.251731048 0.548133494337 0.1029 0.21222900533 0.523380617913 -0.00908090625756 0.829042319457 0.37143761865 0.144525547445 0.969451755554 198.0 20.9489051095 12.1799082488 1.26712987146 491.68233098 505.264061626 461 546 43.8902184035 8.59145730864 0.128082431562 20934.2955659
CHU micro 52.0 19 12.7602339181 0.632489628069 0.3826 0.251203182976 0.59008097166 -0.126387723225 0.82983203748 0.583999889826 0.307692307692 0.862426035503 16.0 42.3076923077 2.91100199029 1.34049725841 35.0224089636 37.1481142857 30 38 4.55552764699 2.63482593207 0.27259708898 32.7375953189
