CHU micro 2152.0 101 6174.91485149 0.391744158789 0.0691 0.165015802563 0.377139386801 -0.037338025622 0.656368213683 0.196810621506 0.347118959108 0.856763311729 747.0 44.0055762082 8.11008671444 1.31838671914 101.0 101.0 101 72 13.0307541465 2.17720959847 0.30719008326 20.6043354192
CHU micro 773.0 98 335.152219651 0.573271121025 0.1579 0.233429723231 0.503207751406 -0.0265705161816 0.785452151907 0.367472556689 0.160413971539 0.935388909994 124.0 30.9184993532 5.13091672954 1.89160494497 98.0 98.0 98 56 14.585854111 3.5248150062 0.142163180796 4751.87390475
CHU micro 1922.0 171 948.500997592 0.492312328649 0.1181 0.197054280404 0.464200303047 -0.0182856128739 0.77298255618 0.307170827245 0.149323621228 0.950502479099 287.0 25.8584807492 6.52182850575 1.49780509425 171.0 171.0 171 108 22.48343688 3.90049224461 0.132334613738 12752.9964861
CHU micro 578.0 100 57.4864646465 0.650117961494 0.3699 0.247779144871 0.624290657439 -0.024382370294 0.893189058175 0.607549666857 0.083044982699 0.972964883083 48.0 14.3598615917 3.48319013093 1.20619925224 100.0 100.0 100 54 15.567080758 4.15945165404 0.0735966996916 102904010377.0
CHU micro 2865.0 304 299.783035869 0.541570526472 0.2291 0.201855796633 0.55341117847 -0.0100244335455 0.874282787649 0.485679572407 0.0649214659686 0.985644277539 186.0 11.8673647469 6.33176925022 1.01471869718 304.0 304.0 304 219 38.0637790768 5.67951525597 0.0575351511812 1.76570636214e+17
CHU micro 1671.0 211 376.750620627 0.598136616464 0.1433 0.234367835079 0.529345029936 -0.0122866796788 0.823965196919 0.38689749702 0.107719928187 0.966925849166 180.0 20.1675643327 6.72602813817 1.72703997008 211.0 211.0 211 138 28.2973960926 5.16171748054 0.0954643007669 9832182.27302
CHU micro 406.0 47 287.235892692 0.511477720202 0.2098 0.208266200707 0.483701918038 -0.0627005515034 0.76942903904 0.398796517882 0.233990147783 0.898565847266 95.0 40.39408867 3.93058204613 1.52214598975 47.0 47.0 47 26 7.65855732716 2.33257083483 0.207367897081 139.611470371
CHU micro 1781.0 204 495.123997875 0.558983096707 0.134 0.217448024923 0.511480111416 -0.0137889022071 0.819224096362 0.379319266753 0.1476698484 0.963410962493 263.0 21.8416619876 8.47012550417 1.51310432155 204.0 204.0 204 133 27.1211610953 4.8339060759 0.130868995729 15050.1356038
CHU micro 491.0 53 418.3904209 0.519794748188 0.1729 0.212187913671 0.465127003036 -0.054496813237 0.748549704387 0.356349569107 0.244399185336 0.890887295141 120.0 42.9735234216 4.34480169163 1.71344652524 53.0 53.0 53 32 8.39190976753 2.39185651675 0.216591835611 105.900437235
CHU micro 1236.0 109 832.244818213 0.514415447594 0.1349 0.200412586909 0.482029927852 -0.0281734877055 0.775988186194 0.343594815599 0.188511326861 0.931990395995 233.0 33.6569579288 6.24516765472 1.42394157974 109.0 109.0 109 82 15.169315607 3.10039667574 0.167063812878 784.688974837
CHU micro 1131.0 84 1813.45654045 0.460814720829 0.0919 0.193929291077 0.403625110522 -0.0378638904239 0.67783204422 0.230758173608 0.255526083112 0.870426787558 289.0 49.2484526967 5.87061828135 1.74408046971 84.0 84.0 84 58 11.8051034717 2.49774434049 0.226450699807 81.4426243067
CHU micro 2831.0 284 1081.09793212 0.532569337914 0.0844 0.207406426969 0.489283635405 -0.0104227366899 0.795728397133 0.312977304872 0.170257859414 0.958304515993 482.0 24.6555987284 11.5325252813 1.45068659512 284.0 284.0 284 184 35.6047159075 5.33762926007 0.15088709927 2297.02197935
CHU micro 6470.0 357 4390.15330627 0.414773072124 0.0698 0.167164222358 0.439859034804 -0.0104213374541 0.765521885526 0.249930666016 0.159659969088 0.95986345253 1033.0 23.7867078825 11.6584562896 1.07929065754 357.0 357.0 357 266 40.5701177912 4.43829408725 0.141494963522 5050.64870515
CHU micro 5189.0 333 3101.32824994 0.440900187111 0.0728 0.182223659061 0.39960426798 -0.0102032438784 0.742981444686 0.222407293446 0.1248795529 0.958756944707 648.0 21.9695509732 8.48946206189 1.53080029067 333.0 333.0 333 228 38.8109073099 4.62277119162 0.110671622219 290730.182035
CHU micro 611.0 101 80.0875247525 0.659756593545 0.3158 0.25238586673 0.617086094862 -0.0236519994108 0.88137795298 0.574204192776 0.0949263502455 0.968646285636 58.0 18.0032733224 4.20945952368 1.41380759546 101.0 101.0 101 64 15.5882289288 4.08602264002 0.0841262875225 494760624.661
CHU micro 6001.0 298 7354.5432965 0.414880849922 0.0524 0.173144225012 0.37535466684 -0.0120325821467 0.695793850025 0.173965363579 0.181136477254 0.935989533045 1087.0 31.4447592068 9.66384230826 1.48411602401 298.0 298.0 298 224 34.139181231 3.84684290035 0.16052802316 1167.66374201
CHU micro 1292.0 173 168.878343863 0.603439238317 0.2494 0.225606421925 0.58952379248 -0.0156224716218 0.872061271516 0.514403457659 0.0789473684211 0.976818526009 102.0 14.5510835913 5.21336638588 1.1932625428 173.0 173.0 173 113 24.0091122364 4.81298874725 0.0699652835884 1.14836730799e+12
CHU micro 5130.0 171 16050.4588235 0.339509829002 0.0534 0.149847253835 0.34873294347 -0.0243842507638 0.653483669962 0.163464672162 0.294346978558 0.890470458147 1510.0 38.2261208577 9.83440344653 1.22993498891 171.0 171.0 171 134 19.8996567111 2.38746727726 0.260813621283 39.7285054667
CHU micro 465.0 49 269.796768707 0.502573098627 0.2541 0.202300594354 0.490059249506 -0.0620460368643 0.796270870441 0.441135488895 0.184946236559 0.919699387212 86.0 33.7634408602 3.37511625978 1.34397788448 49.0 49.0 49 36 7.81499636527 2.27232058922 0.163904334236 945.669107971
CHU micro 6052.0 293 4081.53487774 0.388339896439 0.0949 0.161179082182 0.415241400468 -0.0131911627299 0.762652117985 0.257178074301 0.11748182419 0.964047706832 711.0 20.3403833443 7.68191021509 1.14046216691 293.0 293.0 293 227 33.5318292265 3.76632818854 0.104115555849 1104747.33263
CHU micro 1069.0 137 437.482932589 0.595647034248 0.123 0.238197687511 0.51419909459 -0.0185894398454 0.792729043275 0.355977296189 0.197380729654 0.940635880993 211.0 29.5603367633 7.68500015376 1.87974186384 137.0 137.0 137 85 19.4996646681 4.19017068892 0.174924113519 513.493370187
CHU micro 223.0 30 118.943678161 0.642590717764 0.3246 0.245321627106 0.601644245142 -0.0821767134681 0.832656851147 0.551031040548 0.237668161435 0.897303384343 53.0 40.8071748879 3.29279411966 1.47216526538 30.0 30.0 30 24 5.36324741024 2.00894859055 0.210627238257 126.152203344
CHU micro 1033.0 121 219.000688705 0.542107358394 0.2513 0.206404124627 0.541774339363 -0.0245908968285 0.849831015797 0.482387347173 0.114230396902 0.967107710791 118.0 18.1994191675 4.66866105662 1.16573328063 121.0 121.0 121 80 17.2905120166 3.76474191729 0.10123405344 2154257.50356
CHU micro 7069.0 342 5792.08699045 0.3830558974 0.0689 0.164622116229 0.372919319093 -0.0110543145747 0.72243500364 0.195637971906 0.116848210497 0.957550876602 826.0 21.4174565002 7.91386619455 1.39682515238 342.0 342.0 342 243 38.4724982801 4.0676831387 0.103554030333 1252973.1812
CHU micro 2454.0 242 1166.08806282 0.545879049964 0.0813 0.212660301658 0.482437174591 -0.0119066677138 0.7726816425 0.284196223158 0.151996740016 0.949201908432 373.0 28.239608802 8.8141399308 1.57208613337 242.0 242.0 242 156 30.8757649688 4.88515206278 0.134703603583 9864.07746588
CHU micro 73.0 16 13.3291666667 0.729425647809 0.6249 0.276879919781 0.682363013699 -0.134526707196 0.907774932993 0.759330728058 0.191780821918 0.899981234753 14.0 32.8767123288 1.33954560166 0.760356935248 16.0 16.0 16 8 3.49612907563 1.87265835514 0.169961326802 666.879156189
CHU micro 2903.0 259 1283.35171051 0.520989127756 0.0895 0.205502754111 0.462483890317 -0.0115425055982 0.777032727226 0.286923220233 0.146400275577 0.956849964206 425.0 24.1474336893 8.65318869346 1.58844548013 259.0 259.0 259 184 32.3571833152 4.80702351001 0.12974386611 17153.208324
CHU micro 841.0 135 124.26777225 0.65949538196 0.2393 0.255677077216 0.600616549963 -0.0174415008761 0.868008398284 0.519819140916 0.117717003567 0.969049076675 99.0 19.0249702735 5.80090252939 1.60119176218 135.0 135.0 135 86 19.897271693 4.65517241379 0.104323978145 1054837.72914
CHU micro 1489.0 135 991.50657822 0.501487259735 0.11 0.202308029086 0.452399074696 -0.0225195273069 0.755884731021 0.296753255661 0.204163868368 0.932667184155 304.0 29.684351914 7.09185496225 1.63210827169 135.0 135.0 135 89 18.3414408982 3.49853658363 0.18093550643 384.115218388
CHU micro 1423.0 176 327.232694805 0.570108999674 0.1673 0.223433740591 0.526863859963 -0.0155187133868 0.826046580893 0.403414477393 0.114546732256 0.966037821573 163.0 19.7470133521 5.96260931921 1.57399444512 176.0 176.0 176 110 24.1029481881 4.66562917223 0.101514398348 2013825.24059
CHU micro 453.0 70 129.354244306 0.603770980826 0.2472 0.238726971357 0.560990223904 -0.036293465836 0.836214589103 0.491388759219 0.181015452539 0.942219883144 82.0 26.2693156733 4.84223675166 1.52575449765 70.0 70.0 70 36 11.2820825784 3.28888690014 0.160420767803 1175.75220669
CHU micro 2253.0 192 1329.21179647 0.505645727328 0.0943 0.197052058112 0.479908732801 -0.0162858199078 0.7798706363 0.310734663223 0.204172214825 0.944776102643 460.0 26.1429205504 10.1386546152 1.38274831214 192.0 192.0 192 139 24.7408751474 4.04501962356 0.180942903271 383.984317227
CHU micro 3605.0 327 685.293878164 0.515266933007 0.151 0.196196608767 0.51556579165 -0.00960679043998 0.839992289844 0.394108631427 0.0929264909847 0.979751577886 335.0 15.2843273232 8.07713416183 1.17072821117 327.0 327.0 327 240 39.8042653349 5.44621921564 0.0823539583985 1057562793.3
CHU micro 653.0 99 98.1003916718 0.619463725848 0.3094 0.236592166204 0.587312636317 -0.0259167122658 0.87128672173 0.548966572083 0.10719754977 0.967352940487 70.0 16.8453292496 3.93409968245 1.34655706101 99.0 99.0 99 61 15.1197768761 3.87416937696 0.095001354949 11237839.7278
CHU micro 1412.0 179 209.672839119 0.599639917612 0.2298 0.229039294182 0.570251792299 -0.0148522323985 0.85919992139 0.478812149994 0.0849858356941 0.97569397074 120.0 14.3767705382 4.9123067556 1.44536013846 179.0 179.0 179 130 24.542372925 4.76360434394 0.0753167358742 36943800116.8
CHU micro 1066.0 64 1581.81646825 0.400413881939 0.1512 0.162033954953 0.474202626642 -0.0600581049988 0.748836075064 0.341557948696 0.282363977486 0.89667850568 301.0 36.3977485929 5.98553763099 0.910041342857 64.0 64.0 64 48 9.03657410757 1.96020445386 0.250216183715 48.2447777609
CHU micro 7832.0 244 14001.0602442 0.31651435701 0.0688 0.144647895276 0.333509854485 -0.0177261031516 0.684689085735 0.173309230306 0.154877425945 0.940436278811 1213.0 28.6772216547 7.45878593394 1.24897422258 244.0 244.0 244 183 27.1024678535 2.7571061497 0.137256545017 7584.96599826
CHU micro 975.0 126 230.098857143 0.608741830596 0.2078 0.234385594573 0.565860805861 -0.0205736034803 0.840286804111 0.45758999559 0.109743589744 0.961807232084 107.0 21.0256410256 5.05762541477 1.56482055513 126.0 126.0 126 89 18.1621700926 4.03522947589 0.0972577241266 5962332.13485
CHU micro 196.0 25 165.89 0.574902335677 0.2785 0.225389351772 0.536734693878 -0.108220872789 0.780420591971 0.472104736373 0.301020408163 0.856361932528 59.0 48.9795918367 3.11968982031 1.58376299645 25.0 25.0 25 18 4.54707818028 1.78571428571 0.266709034558 35.9639823077
CHU micro 1424.0 95 1459.49988802 0.417546227115 0.1346 0.174097693433 0.421207865169 -0.0375270122513 0.736798505586 0.294190464795 0.195224719101 0.921816808168 278.0 33.9887640449 5.19172492656 1.34971686212 95.0 95.0 95 66 12.9454739124 2.51749496502 0.173013400049 566.45788198
CHU micro 2527.0 197 913.806795815 0.487866678431 0.1532 0.192665172089 0.468059676308 -0.0162577658345 0.803041035292 0.3499520022 0.107241788682 0.966875982366 271.0 18.9552829442 5.5902430465 1.39701362513 197.0 197.0 197 156 25.0166306113 3.9188947991 0.0950405606639 11110563.37
CHU micro 1796.0 117 1841.29855585 0.445745644327 0.1143 0.180181110303 0.430767327204 -0.0293877879887 0.739419220755 0.282986608516 0.181514476615 0.925235985933 326.0 34.4097995546 5.96420047997 1.37104187176 117.0 117.0 117 90 15.4804602751 2.76078569237 0.160863016358 1142.85239144
CHU micro 1227.0 175 279.2527422 0.640672724706 0.1504 0.242961375973 0.583076027477 -0.0142387657465 0.848385007934 0.453885241231 0.161369193154 0.962011359462 198.0 23.3903830481 9.35559756155 1.46583408258 175.0 175.0 175 117 24.4645654116 4.99592335847 0.143009723911 4403.71949217
