4455836.3 59 33
4455836.3 37 23
4455836.3 15 17
4455836.3 11 13
4455836.3 8 12
4455836.3 7 12
4455836.3 6 10
4455836.3 5 9
4455836.3 5 8
4455836.3 4 7
4455836.3 4 6
4455836.3 3 6
4455836.3 3 5
4455836.3 3 5
4455836.3 3 4
4455836.3 3 4
4455836.3 3 4
4455836.3 3 3
4455836.3 2 3
4455836.3 2 3
4455836.3 2 2
4455836.3 2 2
4455836.3 2 2
4455836.3 2 2
4455836.3 2 1
4455836.3 1 1
4455836.3 1 1
4455836.3 1 1
4455836.3 1 1
4455836.3 1 1
4455836.3 1 1
4455836.3 1 1
4455836.3 1 1
4455836.3 1 1
4455836.3 1 1
4455836.3 1 1
4455836.3 1 1
4455836.3 1 1
4455836.3 1 1
4455836.3 1 1
4455836.3 1 1
4455836.3 1 1
4455836.3 1 1
4455836.3 1 1
4455836.3 1 1
4455836.3 1 1
4455836.3 1 1
4455836.3 1 1
4455837.3 278 147
4455837.3 206 95
4455837.3 134 77
4455837.3 72 64
4455837.3 60 58
4455837.3 48 47
4455837.3 34 45
4455837.3 30 45
4455837.3 29 45
4455837.3 29 42
4455837.3 28 29
4455837.3 25 27
4455837.3 24 25
4455837.3 24 25
4455837.3 20 24
4455837.3 18 24
4455837.3 17 24
4455837.3 17 24
4455837.3 16 21
4455837.3 13 20
4455837.3 13 20
4455837.3 13 20
4455837.3 12 19
4455837.3 10 17
4455837.3 9 17
4455837.3 9 17
4455837.3 9 17
4455837.3 8 14
4455837.3 8 14
4455837.3 7 14
4455837.3 7 13
4455837.3 6 13
4455837.3 6 13
4455837.3 6 12
4455837.3 5 12
4455837.3 5 12
4455837.3 5 12
4455837.3 5 12
4455837.3 5 10
4455837.3 4 10
4455837.3 4 10
4455837.3 4 9
4455837.3 4 9
4455837.3 4 8
4455837.3 4 8
4455837.3 4 7
4455837.3 4 7
4455837.3 4 7
4455837.3 4 7
4455837.3 4 7
4455837.3 4 6
4455837.3 4 6
4455837.3 4 6
4455837.3 4 6
4455837.3 3 5
4455837.3 3 4
4455837.3 3 4
4455837.3 3 4
4455837.3 3 4
4455837.3 3 4
4455837.3 3 4
4455837.3 3 4
4455837.3 3 4
4455837.3 3 4
4455837.3 3 4
4455837.3 3 3
4455837.3 2 3
4455837.3 2 3
4455837.3 2 3
4455837.3 2 3
4455837.3 2 3
4455837.3 2 3
4455837.3 2 3
4455837.3 2 3
4455837.3 2 3
4455837.3 2 3
4455837.3 2 3
4455837.3 2 3
4455837.3 2 2
4455837.3 2 2
4455837.3 2 2
4455837.3 2 2
4455837.3 2 2
4455837.3 2 2
4455837.3 2 2
4455837.3 2 2
4455837.3 2 2
4455837.3 2 2
4455837.3 2 2
4455837.3 2 2
4455837.3 2 2
4455837.3 2 2
4455837.3 2 2
4455837.3 2 2
4455837.3 2 2
4455837.3 1 2
4455837.3 1 2
4455837.3 1 2
4455837.3 1 2
4455837.3 1 2
4455837.3 1 2
4455837.3 1 2
4455837.3 1 1
4455837.3 1 1
4455837.3 1 1
4455837.3 1 1
4455837.3 1 1
4455837.3 1 1
4455837.3 1 1
4455837.3 1 1
4455837.3 1 1
4455837.3 1 1
4455837.3 1 1
4455837.3 1 1
4455837.3 1 1
4455837.3 1 1
4455837.3 1 1
4455837.3 1 1
4455837.3 1 1
4455837.3 1 1
4455837.3 1 1
4455837.3 1 1
4455837.3 1 1
4455837.3 1 1
4455837.3 1 1
4455837.3 1 1
4455837.3 1 1
4455837.3 1 1
4455837.3 1 1
4455837.3 1 1
4455837.3 1 1
4455837.3 1 1
4455837.3 1 1
4455837.3 1 1
4455837.3 1 1
4455837.3 1 1
4455837.3 1 1
4455837.3 1 1
4455837.3 1 1
4455837.3 1 1
4455837.3 1 1
4455837.3 1 1
4455837.3 1 1
4455837.3 1 1
4455837.3 1 1
4455837.3 1 1
4455837.3 1 1
4455837.3 1 1
4455837.3 1 1
4455837.3 1 1
4455837.3 1 1
4455837.3 1 1
4455837.3 1 1
4455837.3 1 1
4455837.3 1 1
4455837.3 1 1
4455837.3 1 1
4455837.3 1 1
4455837.3 1 1
4455837.3 1 1
4455837.3 1 1
4455837.3 1 1
4455837.3 1 1
4455837.3 1 1
4455837.3 1 1
4455837.3 1 1
4455837.3 1 1
4455837.3 1 1
4455837.3 1 1
4455837.3 1 1
4455837.3 1 1
4455840.3 95 60
4455840.3 69 40
4455840.3 31 26
4455840.3 22 24
4455840.3 17 23
4455840.3 15 20
4455840.3 14 16
4455840.3 12 15
4455840.3 12 15
4455840.3 9 14
4455840.3 8 14
4455840.3 7 11
4455840.3 6 10
4455840.3 5 7
4455840.3 5 7
4455840.3 4 7
4455840.3 4 6
4455840.3 4 6
4455840.3 4 6
4455840.3 3 6
4455840.3 3 6
4455840.3 3 6
4455840.3 3 5
4455840.3 3 5
4455840.3 3 4
4455840.3 3 4
4455840.3 2 4
4455840.3 2 3
4455840.3 2 3
4455840.3 2 3
4455840.3 2 3
4455840.3 2 3
4455840.3 2 3
4455840.3 2 2
4455840.3 2 2
4455840.3 2 2
4455840.3 2 2
4455840.3 2 2
4455840.3 2 2
4455840.3 2 2
4455840.3 2 1
4455840.3 2 1
4455840.3 2 1
4455840.3 2 1
4455840.3 2 1
4455840.3 2 1
4455840.3 2 1
4455840.3 1 1
4455840.3 1 1
4455840.3 1 1
4455840.3 1 1
4455840.3 1 1
4455840.3 1 1
4455840.3 1 1
4455840.3 1 1
4455840.3 1 1
4455840.3 1 1
4455840.3 1 1
4455840.3 1 1
4455840.3 1 1
4455840.3 1 1
4455840.3 1 1
4455840.3 1 1
4455840.3 1 1
4455840.3 1 1
4455840.3 1 1
4455840.3 1 1
4455840.3 1 1
4455840.3 1 1
4455840.3 1 1
4455840.3 1 1
4455840.3 1 1
4455840.3 1 1
4455840.3 1 1
4455840.3 1 1
4455840.3 1 1
4455842.3 326 141
4455842.3 292 106
4455842.3 163 102
4455842.3 54 64
4455842.3 52 55
4455842.3 43 53
4455842.3 41 50
4455842.3 40 47
4455842.3 40 46
4455842.3 35 42
4455842.3 32 40
4455842.3 31 38
4455842.3 28 38
4455842.3 28 36
4455842.3 28 35
4455842.3 26 31
4455842.3 22 29
4455842.3 17 29
4455842.3 16 29
4455842.3 15 28
4455842.3 14 27
4455842.3 13 25
4455842.3 13 23
4455842.3 12 21
4455842.3 12 21
4455842.3 11 20
4455842.3 11 20
4455842.3 11 20
4455842.3 11 19
4455842.3 10 19
4455842.3 10 19
4455842.3 10 17
4455842.3 9 17
4455842.3 9 17
4455842.3 9 17
4455842.3 9 15
4455842.3 9 15
4455842.3 8 15
4455842.3 7 15
4455842.3 7 14
4455842.3 7 13
4455842.3 6 13
4455842.3 6 13
4455842.3 6 11
4455842.3 6 11
4455842.3 6 10
4455842.3 6 10
4455842.3 5 10
4455842.3 5 10
4455842.3 5 10
4455842.3 5 10
4455842.3 5 9
4455842.3 5 9
4455842.3 5 8
4455842.3 5 8
4455842.3 5 7
4455842.3 5 7
4455842.3 5 7
4455842.3 5 7
4455842.3 4 7
4455842.3 4 5
4455842.3 4 5
4455842.3 4 5
4455842.3 4 5
4455842.3 4 5
4455842.3 4 5
4455842.3 4 5
4455842.3 4 5
4455842.3 4 5
4455842.3 4 5
4455842.3 4 5
4455842.3 3 5
4455842.3 3 5
4455842.3 3 4
4455842.3 3 4
4455842.3 3 4
4455842.3 3 4
4455842.3 3 4
4455842.3 3 4
4455842.3 3 4
4455842.3 3 4
4455842.3 3 4
4455842.3 3 4
4455842.3 3 4
4455842.3 3 4
4455842.3 3 4
4455842.3 3 4
4455842.3 3 3
4455842.3 3 3
4455842.3 3 3
4455842.3 2 3
4455842.3 2 3
4455842.3 2 3
4455842.3 2 2
4455842.3 2 2
4455842.3 2 2
4455842.3 2 2
4455842.3 2 2
4455842.3 2 2
4455842.3 2 2
4455842.3 2 2
4455842.3 2 2
4455842.3 2 2
4455842.3 2 2
4455842.3 2 2
4455842.3 2 2
4455842.3 2 2
4455842.3 2 2
4455842.3 2 2
4455842.3 2 2
4455842.3 2 2
4455842.3 2 2
4455842.3 2 2
4455842.3 2 2
4455842.3 2 2
4455842.3 2 2
4455842.3 2 2
4455842.3 1 2
4455842.3 1 2
4455842.3 1 2
4455842.3 1 2
4455842.3 1 1
4455842.3 1 1
4455842.3 1 1
4455842.3 1 1
4455842.3 1 1
4455842.3 1 1
4455842.3 1 1
4455842.3 1 1
4455842.3 1 1
4455842.3 1 1
4455842.3 1 1
4455842.3 1 1
4455842.3 1 1
4455842.3 1 1
4455842.3 1 1
4455842.3 1 1
4455842.3 1 1
4455842.3 1 1
4455842.3 1 1
4455842.3 1 1
4455842.3 1 1
4455842.3 1 1
4455842.3 1 1
4455842.3 1 1
4455842.3 1 1
4455842.3 1 1
4455842.3 1 1
4455842.3 1 1
4455842.3 1 1
4455842.3 1 1
4455842.3 1 1
4455842.3 1 1
4455842.3 1 1
4455842.3 1 1
4455842.3 1 1
4455842.3 1 1
4455842.3 1 1
4455842.3 1 1
4455842.3 1 1
4455842.3 1 1
4455842.3 1 1
4455842.3 1 1
4455842.3 1 1
4455842.3 1 1
4455842.3 1 1
4455842.3 1 1
4455842.3 1 1
4455842.3 1 1
4455842.3 1 1
4455842.3 1 1
4455842.3 1 1
4455842.3 1 1
4455842.3 1 1
4455842.3 1 1
4455842.3 1 1
4455842.3 1 1
4455842.3 1 1
4455842.3 1 1
4455842.3 1 1
4455842.3 1 1
4455842.3 1 1
4455842.3 1 1
4455842.3 1 1
4455842.3 1 1
4455842.3 1 1
4455842.3 1 1
4455842.3 1 1
4455842.3 1 1
4455842.3 1 1
4455842.3 1 1
4455842.3 1 1
4455842.3 1 1
4455842.3 1 1
4455842.3 1 1
4455842.3 1 1
4455844.3 120 58
4455844.3 91 38
4455844.3 34 38
4455844.3 26 32
4455844.3 22 26
4455844.3 16 22
4455844.3 14 19
4455844.3 13 18
4455844.3 10 18
4455844.3 8 18
4455844.3 7 13
4455844.3 6 10
4455844.3 6 10
4455844.3 6 10
4455844.3 5 10
4455844.3 5 9
4455844.3 5 9
4455844.3 5 8
4455844.3 4 8
4455844.3 4 8
4455844.3 4 8
4455844.3 4 8
4455844.3 4 8
4455844.3 4 6
4455844.3 4 6
4455844.3 4 5
4455844.3 3 4
4455844.3 3 4
4455844.3 3 4
4455844.3 3 4
4455844.3 3 4
4455844.3 3 4
4455844.3 2 4
4455844.3 2 3
4455844.3 2 3
4455844.3 2 3
4455844.3 2 3
4455844.3 2 3
4455844.3 2 3
4455844.3 2 3
4455844.3 2 3
4455844.3 2 3
4455844.3 2 2
4455844.3 2 2
4455844.3 2 1
4455844.3 2 1
4455844.3 2 1
4455844.3 2 1
4455844.3 2 1
4455844.3 2 1
4455844.3 2 1
4455844.3 2 1
4455844.3 2 1
4455844.3 1 1
4455844.3 1 1
4455844.3 1 1
4455844.3 1 1
4455844.3 1 1
4455844.3 1 1
4455844.3 1 1
4455844.3 1 1
4455844.3 1 1
4455844.3 1 1
4455844.3 1 1
4455844.3 1 1
4455844.3 1 1
4455844.3 1 1
4455844.3 1 1
4455844.3 1 1
4455844.3 1 1
4455844.3 1 1
4455844.3 1 1
4455844.3 1 1
4455844.3 1 1
4455844.3 1 1
4455844.3 1 1
4455844.3 1 1
4455844.3 1 1
4455844.3 1 1
4455844.3 1 1
4455844.3 1 1
4455844.3 1 1
4455844.3 1 1
4455844.3 1 1
4455844.3 1 1
4455844.3 1 1
4455844.3 1 1
4455844.3 1 1
4455844.3 1 1
4455844.3 1 1
4455844.3 1 1
4455844.3 1 1
4455847.3 747 153
4455847.3 200 117
4455847.3 161 105
4455847.3 120 82
4455847.3 91 77
4455847.3 51 72
4455847.3 45 63
4455847.3 42 60
4455847.3 35 60
4455847.3 34 55
4455847.3 33 48
4455847.3 31 48
4455847.3 24 46
4455847.3 24 46
4455847.3 22 45
4455847.3 19 40
4455847.3 18 39
4455847.3 15 38
4455847.3 13 36
4455847.3 13 31
4455847.3 13 29
4455847.3 13 28
4455847.3 12 27
4455847.3 11 26
4455847.3 11 26
4455847.3 11 26
4455847.3 10 26
4455847.3 10 25
4455847.3 10 23
4455847.3 10 22
4455847.3 10 20
4455847.3 10 19
4455847.3 10 18
4455847.3 10 18
4455847.3 10 18
4455847.3 10 18
4455847.3 8 17
4455847.3 8 16
4455847.3 8 15
4455847.3 8 15
4455847.3 8 14
4455847.3 7 14
4455847.3 7 14
4455847.3 7 14
4455847.3 7 14
4455847.3 7 14
4455847.3 7 14
4455847.3 7 14
4455847.3 6 12
4455847.3 6 12
4455847.3 5 12
4455847.3 5 12
4455847.3 5 10
4455847.3 5 10
4455847.3 4 10
4455847.3 4 9
4455847.3 4 7
4455847.3 4 7
4455847.3 4 6
4455847.3 4 6
4455847.3 4 6
4455847.3 4 6
4455847.3 4 6
4455847.3 4 6
4455847.3 3 6
4455847.3 3 6
4455847.3 3 6
4455847.3 3 6
4455847.3 3 6
4455847.3 3 6
4455847.3 3 6
4455847.3 3 6
4455847.3 2 6
4455847.3 2 6
4455847.3 2 5
4455847.3 2 5
4455847.3 2 4
4455847.3 2 4
4455847.3 2 4
4455847.3 2 4
4455847.3 2 4
4455847.3 2 4
4455847.3 2 4
4455847.3 2 4
4455847.3 2 4
4455847.3 2 4
4455847.3 2 4
4455847.3 2 4
4455847.3 2 4
4455847.3 2 4
4455847.3 2 4
4455847.3 2 4
4455847.3 2 3
4455847.3 2 3
4455847.3 2 3
4455847.3 2 3
4455847.3 2 3
4455847.3 2 3
4455847.3 2 3
4455847.3 2 3
4455847.3 2 3
4455847.3 1 3
4455847.3 1 3
4455847.3 1 3
4455847.3 1 3
4455847.3 1 3
4455847.3 1 3
4455847.3 1 3
4455847.3 1 3
4455847.3 1 3
4455847.3 1 3
4455847.3 1 3
4455847.3 1 3
4455847.3 1 3
4455847.3 1 3
4455847.3 1 2
4455847.3 1 2
4455847.3 1 2
4455847.3 1 2
4455847.3 1 2
4455847.3 1 2
4455847.3 1 2
4455847.3 1 2
4455847.3 1 2
4455847.3 1 2
4455847.3 1 2
4455847.3 1 2
4455847.3 1 2
4455847.3 1 2
4455847.3 1 2
4455847.3 1 2
4455847.3 1 2
4455847.3 1 2
4455847.3 1 2
4455847.3 1 2
4455847.3 1 2
4455847.3 1 1
4455847.3 1 1
4455847.3 1 1
4455847.3 1 1
4455847.3 1 1
4455847.3 1 1
4455847.3 1 1
4455847.3 1 1
4455847.3 1 1
4455847.3 1 1
4455847.3 1 1
4455847.3 1 1
4455847.3 1 1
4455847.3 1 1
4455847.3 1 1
4455847.3 1 1
4455847.3 1 1
4455847.3 1 1
4455847.3 1 1
4455847.3 1 1
4455847.3 1 1
4455847.3 1 1
4455847.3 1 1
4455847.3 1 1
4455847.3 1 1
4455847.3 1 1
4455847.3 1 1
4455847.3 1 1
4455847.3 1 1
4455847.3 1 1
4455847.3 1 1
4455847.3 1 1
4455847.3 1 1
4455847.3 1 1
4455847.3 1 1
4455847.3 1 1
4455847.3 1 1
4455847.3 1 1
4455847.3 1 1
4455847.3 1 1
4455847.3 1 1
4455847.3 1 1
4455847.3 1 1
4455847.3 1 1
4455851.3 14 14
4455851.3 10 13
4455851.3 8 8
4455851.3 8 7
4455851.3 6 5
4455851.3 4 5
4455851.3 4 4
4455851.3 3 3
4455851.3 2 3
4455851.3 2 2
4455851.3 2 2
4455851.3 2 2
4455851.3 2 2
4455851.3 2 1
4455851.3 2 1
4455851.3 2 1
4455851.3 1 1
4455851.3 1 1
4455851.3 1 1
4455851.3 1 1
4455851.3 1 1
4455851.3 1 1
4455851.3 1 1
4455851.3 1 1
4455851.3 1 1
4455851.3 1 1
4455851.3 1 1
4455855.3 86 54
4455855.3 71 38
4455855.3 41 37
4455855.3 25 37
4455855.3 24 25
4455855.3 22 22
4455855.3 17 18
4455855.3 15 18
4455855.3 14 18
4455855.3 13 16
4455855.3 12 10
4455855.3 11 10
4455855.3 8 10
4455855.3 7 10
4455855.3 5 9
4455855.3 5 8
4455855.3 4 8
4455855.3 4 7
4455855.3 4 7
4455855.3 3 6
4455855.3 3 6
4455855.3 3 6
4455855.3 3 5
4455855.3 3 5
4455855.3 3 5
4455855.3 3 5
4455855.3 3 5
4455855.3 3 5
4455855.3 3 4
4455855.3 3 4
4455855.3 3 4
4455855.3 3 4
4455855.3 3 4
4455855.3 3 3
4455855.3 3 3
4455855.3 3 3
4455855.3 2 3
4455855.3 2 3
4455855.3 2 2
4455855.3 2 2
4455855.3 2 2
4455855.3 2 2
4455855.3 2 2
4455855.3 2 2
4455855.3 2 2
4455855.3 2 2
4455855.3 2 2
4455855.3 2 1
4455855.3 2 1
4455855.3 1 1
4455855.3 1 1
4455855.3 1 1
4455855.3 1 1
4455855.3 1 1
4455855.3 1 1
4455855.3 1 1
4455855.3 1 1
4455855.3 1 1
4455855.3 1 1
4455855.3 1 1
4455855.3 1 1
4455855.3 1 1
4455855.3 1 1
4455855.3 1 1
4455855.3 1 1
4455855.3 1 1
4455855.3 1 1
4455855.3 1 1
4455855.3 1 1
4455855.3 1 1
4455855.3 1 1
4455855.3 1 1
4455855.3 1 1
4455855.3 1 1
4455855.3 1 1
4455855.3 1 1
4455855.3 1 1
4455855.3 1 1
4455855.3 1 1
4455855.3 1 1
4455855.3 1 1
4455855.3 1 1
4455855.3 1 1
4455855.3 1 1
4455855.3 1 1
4455855.3 1 1
4455855.3 1 1
4455855.3 1 1
4455855.3 1 1
4455855.3 1 1
4455855.3 1 1
4455855.3 1 1
4455855.3 1 1
4455855.3 1 1
4455855.3 1 1
4455855.3 1 1
4455855.3 1 1
4455856.3 1510 287
4455856.3 451 176
4455856.3 357 176
4455856.3 314 145
4455856.3 280 141
4455856.3 133 132
4455856.3 92 116
4455856.3 87 108
4455856.3 73 108
4455856.3 73 106
4455856.3 64 105
4455856.3 63 86
4455856.3 62 86
4455856.3 57 84
4455856.3 56 84
4455856.3 53 84
4455856.3 50 81
4455856.3 48 80
4455856.3 47 80
4455856.3 45 70
4455856.3 44 70
4455856.3 41 69
4455856.3 31 69
4455856.3 30 69
4455856.3 29 68
4455856.3 27 64
4455856.3 25 61
4455856.3 25 61
4455856.3 25 58
4455856.3 24 57
4455856.3 24 56
4455856.3 23 55
4455856.3 23 46
4455856.3 23 45
4455856.3 22 41
4455856.3 22 41
4455856.3 21 41
4455856.3 19 41
4455856.3 19 41
4455856.3 18 41
4455856.3 18 41
4455856.3 17 40
4455856.3 17 37
4455856.3 17 37
4455856.3 16 37
4455856.3 14 37
4455856.3 13 34
4455856.3 13 32
4455856.3 13 28
4455856.3 12 28
4455856.3 12 27
4455856.3 12 27
4455856.3 12 27
4455856.3 12 26
4455856.3 12 26
4455856.3 12 26
4455856.3 12 26
4455856.3 11 24
4455856.3 11 24
4455856.3 11 23
4455856.3 11 23
4455856.3 10 23
4455856.3 10 22
4455856.3 10 22
4455856.3 10 22
4455856.3 10 21
4455856.3 9 21
4455856.3 8 20
4455856.3 8 18
4455856.3 7 18
4455856.3 7 18
4455856.3 7 18
4455856.3 7 17
4455856.3 7 16
4455856.3 6 14
4455856.3 6 13
4455856.3 6 13
4455856.3 6 13
4455856.3 6 13
4455856.3 6 13
4455856.3 5 13
4455856.3 5 13
4455856.3 5 12
4455856.3 5 12
4455856.3 5 12
4455856.3 5 12
4455856.3 5 12
4455856.3 5 12
4455856.3 5 12
4455856.3 5 12
4455856.3 5 12
4455856.3 5 12
4455856.3 4 12
4455856.3 4 12
4455856.3 4 12
4455856.3 4 12
4455856.3 4 12
4455856.3 4 11
4455856.3 4 11
4455856.3 4 10
4455856.3 4 10
4455856.3 4 10
4455856.3 4 10
4455856.3 4 10
4455856.3 4 10
4455856.3 4 9
4455856.3 4 9
4455856.3 4 9
4455856.3 3 9
4455856.3 3 9
4455856.3 3 9
4455856.3 3 9
4455856.3 3 9
4455856.3 3 9
4455856.3 3 9
4455856.3 3 9
4455856.3 3 9
4455856.3 3 9
4455856.3 3 9
4455856.3 3 9
4455856.3 3 9
4455856.3 3 7
4455856.3 3 7
4455856.3 3 7
4455856.3 3 7
4455856.3 3 7
4455856.3 3 7
4455856.3 3 7
4455856.3 3 7
4455856.3 3 6
4455856.3 3 5
4455856.3 3 5
4455856.3 3 5
4455856.3 3 5
4455856.3 2 5
4455856.3 2 5
4455856.3 2 5
4455856.3 2 5
4455856.3 2 5
4455856.3 2 5
4455856.3 2 5
4455856.3 2 5
4455856.3 2 5
4455856.3 2 5
4455856.3 2 5
4455856.3 2 5
4455856.3 2 5
4455856.3 2 5
4455856.3 2 5
4455856.3 2 5
4455856.3 2 5
4455856.3 2 5
4455856.3 2 5
4455856.3 2 5
4455856.3 2 5
4455856.3 2 4
4455856.3 2 4
4455856.3 2 4
4455856.3 2 4
4455856.3 2 4
4455856.3 2 4
4455856.3 2 4
4455856.3 2 4
4455856.3 2 4
4455856.3 2 4
4455856.3 2 4
4455856.3 2 3
4455856.3 2 3
4455856.3 2 3
4455856.3 2 3
4455856.3 2 3
4455856.3 1 3
4455856.3 1 3
4455856.3 1 3
4455856.3 1 3
4455856.3 1 3
4455856.3 1 3
4455856.3 1 3
4455856.3 1 3
4455856.3 1 3
4455856.3 1 2
4455856.3 1 2
4455856.3 1 2
4455856.3 1 2
4455856.3 1 2
4455856.3 1 2
4455856.3 1 2
4455856.3 1 2
4455856.3 1 2
4455856.3 1 2
4455856.3 1 2
4455856.3 1 2
4455856.3 1 2
4455856.3 1 2
4455856.3 1 2
4455856.3 1 2
4455856.3 1 2
4455856.3 1 2
4455856.3 1 2
4455856.3 1 2
4455856.3 1 2
4455856.3 1 2
4455856.3 1 2
4455856.3 1 2
4455856.3 1 2
4455856.3 1 2
4455856.3 1 2
4455856.3 1 2
4455856.3 1 2
4455856.3 1 2
4455856.3 1 2
4455856.3 1 2
4455856.3 1 2
4455856.3 1 2
4455856.3 1 2
4455856.3 1 2
4455856.3 1 2
4455856.3 1 2
4455856.3 1 2
4455856.3 1 2
4455856.3 1 1
4455856.3 1 1
4455856.3 1 1
4455856.3 1 1
4455856.3 1 1
4455856.3 1 1
4455856.3 1 1
4455856.3 1 1
4455856.3 1 1
4455856.3 1 1
4455856.3 1 1
4455856.3 1 1
4455856.3 1 1
4455856.3 1 1
4455856.3 1 1
4455856.3 1 1
4455856.3 1 1
4455856.3 1 1
4455856.3 1 1
4455856.3 1 1
4455856.3 1 1
4455856.3 1 1
4455856.3 1 1
4455856.3 1 1
4455856.3 1 1
4455856.3 1 1
4455856.3 1 1
4455856.3 1 1
4455856.3 1 1
4455856.3 1 1
4455856.3 1 1
4455856.3 1 1
4455856.3 1 1
4455856.3 1 1
4455856.3 1 1
4455856.3 1 1
4455856.3 1 1
4455856.3 1 1
4455856.3 1 1
4455856.3 1 1
4455856.3 1 1
4455856.3 1 1
4455856.3 1 1
4455856.3 1 1
4455856.3 1 1
4455856.3 1 1
4455856.3 1 1
4455856.3 1 1
4455856.3 1 1
4455856.3 1 1
4455856.3 1 1
4455856.3 1 1
4455856.3 1 1
4455856.3 1 1
4455856.3 1 1
4455856.3 1 1
4455856.3 1 1
4455856.3 1 1
4455856.3 1 1
4455856.3 1 1
4455856.3 1 1
4455856.3 1 1
4455856.3 1 1
4455856.3 1 1
4455856.3 1 1
4455856.3 1 1
4455856.3 1 1
4455856.3 1 1
4455856.3 1 1
4455856.3 1 1
4455856.3 1 1
4455856.3 1 1
4455856.3 1 1
4455856.3 1 1
4455859.3 16 12
4455859.3 6 8
4455859.3 5 5
4455859.3 4 4
4455859.3 4 3
4455859.3 2 3
4455859.3 2 2
4455859.3 2 2
4455859.3 1 2
4455859.3 1 2
4455859.3 1 1
4455859.3 1 1
4455859.3 1 1
4455859.3 1 1
4455859.3 1 1
4455859.3 1 1
4455859.3 1 1
4455859.3 1 1
4455859.3 1 1
4455860.3 53 34
4455860.3 38 30
4455860.3 14 18
4455860.3 11 17
4455860.3 10 14
4455860.3 7 11
4455860.3 7 10
4455860.3 6 9
4455860.3 6 8
4455860.3 5 8
4455860.3 5 6
4455860.3 5 6
4455860.3 5 4
4455860.3 5 4
4455860.3 4 4
4455860.3 4 4
4455860.3 4 4
4455860.3 4 4
4455860.3 3 4
4455860.3 3 3
4455860.3 3 3
4455860.3 3 3
4455860.3 3 2
4455860.3 3 2
4455860.3 2 2
4455860.3 2 2
4455860.3 2 2
4455860.3 2 2
4455860.3 2 2
4455860.3 2 1
4455860.3 1 1
4455860.3 1 1
4455860.3 1 1
4455860.3 1 1
4455860.3 1 1
4455860.3 1 1
4455860.3 1 1
4455860.3 1 1
4455860.3 1 1
4455860.3 1 1
4455860.3 1 1
4455860.3 1 1
4455860.3 1 1
4455860.3 1 1
4455860.3 1 1
4455860.3 1 1
4455861.3 711 274
4455861.3 520 254
4455861.3 496 253
4455861.3 216 168
4455861.3 183 167
4455861.3 151 144
4455861.3 148 137
4455861.3 146 132
4455861.3 142 125
4455861.3 135 124
4455861.3 130 109
4455861.3 94 109
4455861.3 82 96
4455861.3 71 93
4455861.3 71 93
4455861.3 65 85
4455861.3 65 84
4455861.3 60 84
4455861.3 59 77
4455861.3 57 76
4455861.3 56 75
4455861.3 54 75
4455861.3 47 72
4455861.3 46 72
4455861.3 43 65
4455861.3 42 60
4455861.3 40 59
4455861.3 39 57
4455861.3 37 56
4455861.3 37 56
4455861.3 33 54
4455861.3 32 51
4455861.3 32 51
4455861.3 30 49
4455861.3 29 49
4455861.3 29 49
4455861.3 29 48
4455861.3 28 45
4455861.3 27 45
4455861.3 26 45
4455861.3 26 45
4455861.3 25 45
4455861.3 24 45
4455861.3 24 42
4455861.3 24 38
4455861.3 24 38
4455861.3 22 37
4455861.3 21 37
4455861.3 21 36
4455861.3 21 36
4455861.3 21 35
4455861.3 21 34
4455861.3 21 33
4455861.3 21 30
4455861.3 21 30
4455861.3 20 29
4455861.3 19 28
4455861.3 19 28
4455861.3 19 28
4455861.3 18 26
4455861.3 18 24
4455861.3 18 24
4455861.3 17 24
4455861.3 17 24
4455861.3 17 23
4455861.3 17 23
4455861.3 17 23
4455861.3 17 23
4455861.3 17 23
4455861.3 16 23
4455861.3 16 23
4455861.3 16 23
4455861.3 15 23
4455861.3 15 23
4455861.3 14 23
4455861.3 14 23
4455861.3 14 23
4455861.3 14 20
4455861.3 14 20
4455861.3 13 20
4455861.3 13 20
4455861.3 12 20
4455861.3 12 18
4455861.3 12 18
4455861.3 12 18
4455861.3 12 18
4455861.3 11 18
4455861.3 10 18
4455861.3 10 18
4455861.3 10 18
4455861.3 10 18
4455861.3 10 18
4455861.3 10 18
4455861.3 10 17
4455861.3 10 17
4455861.3 9 17
4455861.3 9 15
4455861.3 9 15
4455861.3 9 15
4455861.3 9 15
4455861.3 9 15
4455861.3 9 14
4455861.3 9 13
4455861.3 9 13
4455861.3 8 13
4455861.3 8 13
4455861.3 8 12
4455861.3 8 12
4455861.3 8 12
4455861.3 8 12
4455861.3 8 12
4455861.3 8 12
4455861.3 7 12
4455861.3 7 12
4455861.3 7 11
4455861.3 7 11
4455861.3 7 11
4455861.3 7 11
4455861.3 7 11
4455861.3 7 10
4455861.3 7 9
4455861.3 7 9
4455861.3 7 8
4455861.3 7 8
4455861.3 7 8
4455861.3 7 8
4455861.3 6 8
4455861.3 6 8
4455861.3 6 7
4455861.3 6 7
4455861.3 6 7
4455861.3 6 7
4455861.3 6 7
4455861.3 6 7
4455861.3 6 7
4455861.3 6 7
4455861.3 6 7
4455861.3 6 7
4455861.3 6 7
4455861.3 6 7
4455861.3 6 7
4455861.3 6 7
4455861.3 6 5
4455861.3 6 5
4455861.3 6 5
4455861.3 6 5
4455861.3 5 5
4455861.3 5 5
4455861.3 5 5
4455861.3 5 5
4455861.3 5 5
4455861.3 5 5
4455861.3 5 5
4455861.3 5 5
4455861.3 5 5
4455861.3 5 5
4455861.3 5 5
4455861.3 5 5
4455861.3 5 5
4455861.3 5 5
4455861.3 5 5
4455861.3 5 5
4455861.3 5 5
4455861.3 5 4
4455861.3 5 4
4455861.3 5 4
4455861.3 5 4
4455861.3 4 3
4455861.3 4 3
4455861.3 4 3
4455861.3 4 3
4455861.3 4 3
4455861.3 4 3
4455861.3 4 3
4455861.3 4 3
4455861.3 4 3
4455861.3 4 3
4455861.3 4 3
4455861.3 4 3
4455861.3 4 3
4455861.3 4 3
4455861.3 4 3
4455861.3 4 3
4455861.3 4 3
4455861.3 4 2
4455861.3 4 2
4455861.3 4 2
4455861.3 4 2
4455861.3 4 2
4455861.3 3 2
4455861.3 3 2
4455861.3 3 2
4455861.3 3 2
4455861.3 3 2
4455861.3 3 2
4455861.3 3 2
4455861.3 3 2
4455861.3 3 2
4455861.3 3 2
4455861.3 3 2
4455861.3 3 2
4455861.3 3 2
4455861.3 3 2
4455861.3 3 2
4455861.3 3 2
4455861.3 3 2
4455861.3 3 2
4455861.3 3 2
4455861.3 3 2
4455861.3 3 2
4455861.3 3 2
4455861.3 3 2
4455861.3 3 2
4455861.3 3 2
4455861.3 3 2
4455861.3 3 2
4455861.3 3 2
4455861.3 3 2
4455861.3 3 2
4455861.3 3 2
4455861.3 3 2
4455861.3 3 2
4455861.3 3 2
4455861.3 3 2
4455861.3 3 2
4455861.3 3 2
4455861.3 3 2
4455861.3 2 2
4455861.3 2 1
4455861.3 2 1
4455861.3 2 1
4455861.3 2 1
4455861.3 2 1
4455861.3 2 1
4455861.3 2 1
4455861.3 2 1
4455861.3 2 1
4455861.3 2 1
4455861.3 2 1
4455861.3 2 1
4455861.3 2 1
4455861.3 2 1
4455861.3 2 1
4455861.3 2 1
4455861.3 2 1
4455861.3 2 1
4455861.3 2 1
4455861.3 2 1
4455861.3 2 1
4455861.3 2 1
4455861.3 2 1
4455861.3 2 1
4455861.3 2 1
4455861.3 2 1
4455861.3 2 1
4455861.3 2 1
4455861.3 2 1
4455861.3 2 1
4455861.3 2 1
4455861.3 2 1
4455861.3 2 1
4455861.3 2 1
4455861.3 2 1
4455861.3 2 1
4455861.3 2 1
4455861.3 2 1
4455861.3 2 1
4455861.3 2 1
4455861.3 2 1
4455861.3 2 1
4455861.3 2 1
4455861.3 2 1
4455861.3 2 1
4455861.3 2 1
4455861.3 2 1
4455861.3 2 1
4455861.3 2 1
4455861.3 2 1
4455861.3 2 1
4455861.3 2 1
4455861.3 2 1
4455861.3 2 1
4455861.3 2 1
4455861.3 2 1
4455861.3 2 1
4455861.3 2 1
4455861.3 2 1
4455861.3 2 1
4455861.3 2 1
4455861.3 2 1
4455861.3 2 1
4455861.3 2 1
4455861.3 2 1
4455861.3 1 1
4455861.3 1 1
4455861.3 1 1
4455861.3 1 1
4455861.3 1 1
4455861.3 1 1
4455861.3 1 1
4455861.3 1 1
4455861.3 1 1
4455861.3 1 1
4455861.3 1 1
4455861.3 1 1
4455861.3 1 1
4455861.3 1 1
4455861.3 1 1
4455861.3 1 1
4455861.3 1 1
4455861.3 1 1
4455861.3 1 1
4455861.3 1 1
4455861.3 1 1
4455861.3 1 1
4455861.3 1 1
4455861.3 1 1
4455861.3 1 1
4455861.3 1 1
4455861.3 1 1
4455861.3 1 1
4455861.3 1 1
4455861.3 1 1
4455861.3 1 1
4455861.3 1 1
4455861.3 1 1
4455861.3 1 1
4455861.3 1 1
4455861.3 1 1
4455861.3 1 1
4455861.3 1 1
4455861.3 1 1
4455861.3 1 1
4455861.3 1 1
4455861.3 1 1
4455861.3 1 1
4455861.3 1 1
4455861.3 1 1
4455861.3 1 1
4455861.3 1 1
4455861.3 1 1
4455861.3 1 1
4455861.3 1 1
4455861.3 1 1
4455861.3 1 1
4455861.3 1 1
4455861.3 1 1
4455861.3 1 1
4455861.3 1 1
4455861.3 1 1
4455861.3 1 1
4455861.3 1 1
4455861.3 1 1
4455861.3 1 1
4455861.3 1 1
4455861.3 1 1
4455861.3 1 1
4455861.3 1 1
4455861.3 1 1
4455861.3 1 1
4455861.3 1 1
4455861.3 1 1
4455861.3 1 1
4455861.3 1 1
4455861.3 1 1
4455861.3 1 1
4455861.3 1 1
4455861.3 1 1
4455861.3 1 1
4455861.3 1 1
4455861.3 1 1
4455861.3 1 1
4455861.3 1 1
4455861.3 1 1
4455861.3 1 1
4455861.3 1 1
4455861.3 1 1
4455861.3 1 1
4455861.3 1 1
4455861.3 1 1
4455861.3 1 1
4455861.3 1 1
4455861.3 1 1
4455861.3 1 1
4455861.3 1 1
4455861.3 1 1
4455861.3 1 1
4455861.3 1 1
4455861.3 1 1
4455861.3 1 1
4455861.3 1 1
4455861.3 1 1
4455861.3 1 1
4455861.3 1 1
4455861.3 1 1
4455861.3 1 1
4455861.3 1 1
4455861.3 1 1
4455861.3 1 1
4455861.3 1 1
4455861.3 1 1
4455861.3 1 1
4455861.3 1 1
4455861.3 1 1
4455861.3 1 1
4455861.3 1 1
4455861.3 1 1
4455861.3 1 1
4455861.3 1 1
4455861.3 1 1
4455861.3 1 1
4455861.3 1 1
4455861.3 1 1
4455861.3 1 1
4455861.3 1 1
4455861.3 1 1
4455861.3 1 1
4455862.3 1213 268
4455862.3 1033 253
4455862.3 552 213
4455862.3 510 209
4455862.3 450 201
4455862.3 224 193
4455862.3 204 193
4455862.3 201 165
4455862.3 190 163
4455862.3 183 149
4455862.3 147 146
4455862.3 117 129
4455862.3 112 123
4455862.3 104 114
4455862.3 99 114
4455862.3 93 108
4455862.3 88 108
4455862.3 77 108
4455862.3 71 107
4455862.3 63 107
4455862.3 61 99
4455862.3 54 98
4455862.3 52 96
4455862.3 45 92
4455862.3 44 90
4455862.3 42 82
4455862.3 41 81
4455862.3 40 80
4455862.3 36 79
4455862.3 35 77
4455862.3 34 70
4455862.3 32 70
4455862.3 32 68
4455862.3 31 66
4455862.3 30 63
4455862.3 29 59
4455862.3 29 57
4455862.3 28 56
4455862.3 27 56
4455862.3 27 54
4455862.3 25 53
4455862.3 25 51
4455862.3 24 49
4455862.3 24 48
4455862.3 24 46
4455862.3 24 46
4455862.3 24 46
4455862.3 23 46
4455862.3 22 46
4455862.3 21 46
4455862.3 20 46
4455862.3 20 46
4455862.3 20 44
4455862.3 19 44
4455862.3 19 42
4455862.3 18 42
4455862.3 17 42
4455862.3 17 42
4455862.3 17 42
4455862.3 17 40
4455862.3 17 40
4455862.3 16 39
4455862.3 16 39
4455862.3 16 39
4455862.3 15 39
4455862.3 15 37
4455862.3 14 37
4455862.3 14 34
4455862.3 14 34
4455862.3 14 34
4455862.3 13 33
4455862.3 13 32
4455862.3 13 32
4455862.3 13 32
4455862.3 12 32
4455862.3 12 32
4455862.3 12 32
4455862.3 12 31
4455862.3 12 30
4455862.3 11 30
4455862.3 11 28
4455862.3 11 28
4455862.3 11 25
4455862.3 11 25
4455862.3 10 25
4455862.3 10 25
4455862.3 10 25
4455862.3 10 25
4455862.3 10 25
4455862.3 10 25
4455862.3 9 24
4455862.3 9 24
4455862.3 9 24
4455862.3 9 22
4455862.3 9 22
4455862.3 9 22
4455862.3 9 22
4455862.3 8 21
4455862.3 8 21
4455862.3 8 20
4455862.3 8 19
4455862.3 8 19
4455862.3 7 18
4455862.3 7 16
4455862.3 7 16
4455862.3 7 16
4455862.3 7 16
4455862.3 6 16
4455862.3 6 16
4455862.3 6 16
4455862.3 6 16
4455862.3 6 16
4455862.3 5 16
4455862.3 5 16
4455862.3 5 15
4455862.3 5 14
4455862.3 5 14
4455862.3 5 13
4455862.3 5 13
4455862.3 5 13
4455862.3 5 13
4455862.3 5 13
4455862.3 5 13
4455862.3 5 13
4455862.3 5 13
4455862.3 5 13
4455862.3 5 13
4455862.3 4 13
4455862.3 4 13
4455862.3 4 13
4455862.3 4 12
4455862.3 4 11
4455862.3 4 11
4455862.3 4 11
4455862.3 4 11
4455862.3 4 11
4455862.3 4 11
4455862.3 4 10
4455862.3 4 10
4455862.3 4 10
4455862.3 4 10
4455862.3 4 10
4455862.3 4 10
4455862.3 4 10
4455862.3 4 10
4455862.3 4 10
4455862.3 4 10
4455862.3 4 10
4455862.3 3 9
4455862.3 3 9
4455862.3 3 9
4455862.3 3 9
4455862.3 3 9
4455862.3 3 9
4455862.3 3 8
4455862.3 3 8
4455862.3 3 8
4455862.3 3 8
4455862.3 3 8
4455862.3 3 8
4455862.3 3 8
4455862.3 3 8
4455862.3 3 8
4455862.3 3 7
4455862.3 3 7
4455862.3 3 7
4455862.3 3 7
4455862.3 3 7
4455862.3 3 6
4455862.3 3 6
4455862.3 3 5
4455862.3 3 4
4455862.3 3 4
4455862.3 3 4
4455862.3 3 4
4455862.3 3 4
4455862.3 3 4
4455862.3 3 4
4455862.3 3 4
4455862.3 3 4
4455862.3 3 4
4455862.3 3 4
4455862.3 3 4
4455862.3 2 4
4455862.3 2 4
4455862.3 2 4
4455862.3 2 4
4455862.3 2 4
4455862.3 2 4
4455862.3 2 4
4455862.3 2 4
4455862.3 2 4
4455862.3 2 4
4455862.3 2 4
4455862.3 2 4
4455862.3 2 4
4455862.3 2 4
4455862.3 2 4
4455862.3 2 4
4455862.3 2 4
4455862.3 2 4
4455862.3 2 4
4455862.3 2 4
4455862.3 2 4
4455862.3 2 4
4455862.3 2 3
4455862.3 2 3
4455862.3 2 3
4455862.3 2 3
4455862.3 2 3
4455862.3 2 3
4455862.3 2 3
4455862.3 2 3
4455862.3 2 3
4455862.3 2 3
4455862.3 2 3
4455862.3 2 3
4455862.3 2 3
4455862.3 2 3
4455862.3 2 3
4455862.3 2 3
4455862.3 2 3
4455862.3 2 3
4455862.3 2 3
4455862.3 2 3
4455862.3 2 3
4455862.3 2 3
4455862.3 2 3
4455862.3 2 3
4455862.3 2 3
4455862.3 2 3
4455862.3 2 3
4455862.3 2 3
4455862.3 2 3
4455862.3 2 3
4455862.3 2 3
4455862.3 2 3
4455862.3 2 3
4455862.3 2 3
4455862.3 2 3
4455862.3 2 3
4455862.3 2 3
4455862.3 2 3
4455862.3 2 3
4455862.3 1 2
4455862.3 1 2
4455862.3 1 2
4455862.3 1 2
4455862.3 1 2
4455862.3 1 2
4455862.3 1 2
4455862.3 1 2
4455862.3 1 2
4455862.3 1 2
4455862.3 1 2
4455862.3 1 2
4455862.3 1 2
4455862.3 1 2
4455862.3 1 2
4455862.3 1 2
4455862.3 1 2
4455862.3 1 2
4455862.3 1 2
4455862.3 1 2
4455862.3 1 2
4455862.3 1 2
4455862.3 1 2
4455862.3 1 2
4455862.3 1 2
4455862.3 1 2
4455862.3 1 2
4455862.3 1 2
4455862.3 1 2
4455862.3 1 2
4455862.3 1 2
4455862.3 1 2
4455862.3 1 1
4455862.3 1 1
4455862.3 1 1
4455862.3 1 1
4455862.3 1 1
4455862.3 1 1
4455862.3 1 1
4455862.3 1 1
4455862.3 1 1
4455862.3 1 1
4455862.3 1 1
4455862.3 1 1
4455862.3 1 1
4455862.3 1 1
4455862.3 1 1
4455862.3 1 1
4455862.3 1 1
4455862.3 1 1
4455862.3 1 1
4455862.3 1 1
4455862.3 1 1
4455862.3 1 1
4455862.3 1 1
4455862.3 1 1
4455862.3 1 1
4455862.3 1 1
4455862.3 1 1
4455862.3 1 1
4455862.3 1 1
4455862.3 1 1
4455862.3 1 1
4455862.3 1 1
4455862.3 1 1
4455862.3 1 1
4455862.3 1 1
4455862.3 1 1
4455862.3 1 1
4455862.3 1 1
4455862.3 1 1
4455862.3 1 1
4455862.3 1 1
4455862.3 1 1
4455862.3 1 1
4455862.3 1 1
4455862.3 1 1
4455862.3 1 1
4455862.3 1 1
4455862.3 1 1
4455862.3 1 1
4455862.3 1 1
4455862.3 1 1
4455862.3 1 1
4455862.3 1 1
4455862.3 1 1
4455862.3 1 1
4455862.3 1 1
4455862.3 1 1
4455862.3 1 1
4455862.3 1 1
4455862.3 1 1
4455862.3 1 1
4455862.3 1 1
4455862.3 1 1
4455862.3 1 1
4455862.3 1 1
4455862.3 1 1
4455862.3 1 1
4455862.3 1 1
4455862.3 1 1
4455862.3 1 1
4455862.3 1 1
4455862.3 1 1
4455862.3 1 1
4455862.3 1 1
4455862.3 1 1
4455862.3 1 1
4455862.3 1 1
4455862.3 1 1
4455862.3 1 1
4455862.3 1 1
4455862.3 1 1
4455862.3 1 1
4455862.3 1 1
4455862.3 1 1
4455862.3 1 1
4455862.3 1 1
4455862.3 1 1
4455862.3 1 1
4455862.3 1 1
4455862.3 1 1
4455862.3 1 1
4455862.3 1 1
4455862.3 1 1
4455862.3 1 1
4455862.3 1 1
4455862.3 1 1
4455862.3 1 1
4455862.3 1 1
4455864.3 14 7
4455864.3 3 5
4455864.3 2 3
4455864.3 1 3
4455864.3 1 2
4455864.3 1 2
4455864.3 1 1
4455864.3 1 1
4455864.3 1 1
4455864.3 1 1
4455866.3 289 105
4455866.3 268 62
4455866.3 44 57
4455866.3 38 52
4455866.3 38 50
4455866.3 31 45
4455866.3 27 41
4455866.3 26 38
4455866.3 19 34
4455866.3 18 34
4455866.3 17 31
4455866.3 17 30
4455866.3 16 28
4455866.3 15 22
4455866.3 12 22
4455866.3 11 22
4455866.3 10 21
4455866.3 10 20
4455866.3 10 20
4455866.3 9 20
4455866.3 8 19
4455866.3 8 15
4455866.3 7 13
4455866.3 7 13
4455866.3 6 13
4455866.3 6 13
4455866.3 6 13
4455866.3 6 12
4455866.3 5 11
4455866.3 5 11
4455866.3 5 11
4455866.3 4 10
4455866.3 4 10
4455866.3 4 10
4455866.3 4 8
4455866.3 3 8
4455866.3 3 8
4455866.3 3 7
4455866.3 3 7
4455866.3 3 6
4455866.3 3 6
4455866.3 3 6
4455866.3 3 6
4455866.3 3 6
4455866.3 3 6
4455866.3 3 6
4455866.3 3 5
4455866.3 3 5
4455866.3 3 5
4455866.3 3 5
4455866.3 3 5
4455866.3 3 5
4455866.3 3 5
4455866.3 3 5
4455866.3 3 5
4455866.3 3 5
4455866.3 3 5
4455866.3 3 5
4455866.3 2 5
4455866.3 2 5
4455866.3 2 5
4455866.3 2 4
4455866.3 2 4
4455866.3 2 3
4455866.3 2 3
4455866.3 2 3
4455866.3 2 3
4455866.3 2 2
4455866.3 2 2
4455866.3 2 2
4455866.3 2 2
4455866.3 2 2
4455866.3 2 2
4455866.3 2 2
4455866.3 2 2
4455866.3 2 2
4455866.3 2 2
4455866.3 2 2
4455866.3 2 1
4455866.3 2 1
4455866.3 2 1
4455866.3 2 1
4455866.3 2 1
4455866.3 2 1
4455866.3 1 1
4455866.3 1 1
4455866.3 1 1
4455866.3 1 1
4455866.3 1 1
4455866.3 1 1
4455866.3 1 1
4455866.3 1 1
4455866.3 1 1
4455866.3 1 1
4455866.3 1 1
4455866.3 1 1
4455866.3 1 1
4455866.3 1 1
4455866.3 1 1
4455866.3 1 1
4455866.3 1 1
4455866.3 1 1
4455866.3 1 1
4455866.3 1 1
4455866.3 1 1
4455866.3 1 1
4455866.3 1 1
4455866.3 1 1
4455866.3 1 1
4455866.3 1 1
4455866.3 1 1
4455866.3 1 1
4455866.3 1 1
4455866.3 1 1
4455866.3 1 1
4455866.3 1 1
4455866.3 1 1
4455866.3 1 1
4455866.3 1 1
4455866.3 1 1
4455866.3 1 1
4455866.3 1 1
4455866.3 1 1
4455866.3 1 1
4455866.3 1 1
4455866.3 1 1
4455866.3 1 1
4455866.3 1 1
4455866.3 1 1
4455866.3 1 1
4455866.3 1 1
4455866.3 1 1
4455866.3 1 1
4455866.3 1 1
4455866.3 1 1
4455866.3 1 1
4455866.3 1 1
4455866.3 1 1
4455866.3 1 1
4455866.3 1 1
4455868.3 233 104
4455868.3 183 81
4455868.3 59 59
4455868.3 49 55
4455868.3 38 50
4455868.3 35 48
4455868.3 32 48
4455868.3 24 36
4455868.3 24 35
4455868.3 24 32
4455868.3 21 28
4455868.3 20 28
4455868.3 19 27
4455868.3 19 26
4455868.3 17 22
4455868.3 16 21
4455868.3 15 21
4455868.3 14 21
4455868.3 13 20
4455868.3 12 20
4455868.3 11 18
4455868.3 11 18
4455868.3 9 18
4455868.3 9 18
4455868.3 8 17
4455868.3 8 15
4455868.3 8 15
4455868.3 8 11
4455868.3 7 11
4455868.3 7 10
4455868.3 7 10
4455868.3 7 10
4455868.3 7 10
4455868.3 7 10
4455868.3 6 9
4455868.3 6 9
4455868.3 6 9
4455868.3 6 9
4455868.3 6 9
4455868.3 6 9
4455868.3 6 8
4455868.3 6 7
4455868.3 6 7
4455868.3 6 7
4455868.3 6 7
4455868.3 5 7
4455868.3 5 7
4455868.3 5 7
4455868.3 5 7
4455868.3 5 7
4455868.3 5 6
4455868.3 5 6
4455868.3 5 6
4455868.3 4 5
4455868.3 4 5
4455868.3 4 5
4455868.3 4 5
4455868.3 4 4
4455868.3 4 4
4455868.3 4 4
4455868.3 4 4
4455868.3 3 4
4455868.3 3 4
4455868.3 3 4
4455868.3 3 3
4455868.3 3 3
4455868.3 3 2
4455868.3 3 2
4455868.3 3 2
4455868.3 3 2
4455868.3 3 2
4455868.3 3 2
4455868.3 3 2
4455868.3 3 2
4455868.3 3 2
4455868.3 3 2
4455868.3 3 2
4455868.3 3 2
4455868.3 3 2
4455868.3 3 2
4455868.3 3 2
4455868.3 3 2
4455868.3 2 2
4455868.3 2 2
4455868.3 2 2
4455868.3 2 2
4455868.3 2 2
4455868.3 2 2
4455868.3 2 2
4455868.3 2 1
4455868.3 2 1
4455868.3 2 1
4455868.3 2 1
4455868.3 2 1
4455868.3 2 1
4455868.3 2 1
4455868.3 2 1
4455868.3 2 1
4455868.3 2 1
4455868.3 2 1
4455868.3 2 1
4455868.3 2 1
4455868.3 2 1
4455868.3 2 1
4455868.3 2 1
4455868.3 2 1
4455868.3 2 1
4455868.3 2 1
4455868.3 2 1
4455868.3 1 1
4455868.3 1 1
4455868.3 1 1
4455868.3 1 1
4455868.3 1 1
4455868.3 1 1
4455868.3 1 1
4455868.3 1 1
4455868.3 1 1
4455868.3 1 1
4455868.3 1 1
4455868.3 1 1
4455868.3 1 1
4455868.3 1 1
4455868.3 1 1
4455868.3 1 1
4455868.3 1 1
4455868.3 1 1
4455868.3 1 1
4455868.3 1 1
4455868.3 1 1
4455868.3 1 1
4455868.3 1 1
4455868.3 1 1
4455868.3 1 1
4455868.3 1 1
4455868.3 1 1
4455868.3 1 1
4455868.3 1 1
4455868.3 1 1
4455868.3 1 1
4455868.3 1 1
4455868.3 1 1
4455868.3 1 1
4455868.3 1 1
4455868.3 1 1
4455868.3 1 1
4455868.3 1 1
4455868.3 1 1
4455868.3 1 1
4455868.3 1 1
4455868.3 1 1
4455868.3 1 1
4455868.3 1 1
4455868.3 1 1
4455868.3 1 1
4455868.3 1 1
4455868.3 1 1
4455868.3 1 1
4455868.3 1 1
4455868.3 1 1
4455868.3 1 1
4455868.3 1 1
4455868.3 1 1
4455868.3 1 1
4455868.3 1 1
4455868.3 1 1
4455868.3 1 1
4455868.3 1 1
4455868.3 1 1
4455868.3 1 1
4455868.3 1 1
4455868.3 1 1
4455868.3 1 1
4455868.3 1 1
4455868.3 1 1
4455868.3 1 1
4455868.3 1 1
4455868.3 1 1
4455868.3 1 1
4455868.3 1 1
4455868.3 1 1
4455868.3 1 1
4455868.3 1 1
4455868.3 1 1
4455868.3 1 1
4455868.3 1 1
4455868.3 1 1
4455868.3 1 1
4455868.3 1 1
4455868.3 1 1
4455868.3 1 1
4455868.3 1 1
4455868.3 1 1
4455868.3 1 1
4455873.3 301 104
4455873.3 87 88
4455873.3 78 55
4455873.3 47 48
4455873.3 45 45
4455873.3 36 40
4455873.3 35 40
4455873.3 26 32
4455873.3 26 32
4455873.3 25 32
4455873.3 25 28
4455873.3 21 28
4455873.3 21 27
4455873.3 19 22
4455873.3 18 21
4455873.3 17 20
4455873.3 16 20
4455873.3 16 18
4455873.3 15 18
4455873.3 13 17
4455873.3 12 17
4455873.3 11 17
4455873.3 11 16
4455873.3 9 16
4455873.3 8 12
4455873.3 8 12
4455873.3 6 11
4455873.3 6 11
4455873.3 5 11
4455873.3 5 10
4455873.3 5 10
4455873.3 5 10
4455873.3 5 9
4455873.3 5 8
4455873.3 5 8
4455873.3 4 8
4455873.3 4 8
4455873.3 3 8
4455873.3 3 8
4455873.3 3 8
4455873.3 3 8
4455873.3 3 7
4455873.3 3 7
4455873.3 3 7
4455873.3 3 6
4455873.3 3 6
4455873.3 3 6
4455873.3 3 6
4455873.3 2 5
4455873.3 2 5
4455873.3 2 4
4455873.3 2 4
4455873.3 2 4
4455873.3 2 4
4455873.3 2 4
4455873.3 2 4
4455873.3 2 4
4455873.3 2 3
4455873.3 2 2
4455873.3 2 2
4455873.3 2 2
4455873.3 2 2
4455873.3 2 2
4455873.3 2 2
4455873.3 1 2
4455873.3 1 2
4455873.3 1 2
4455873.3 1 2
4455873.3 1 2
4455873.3 1 2
4455873.3 1 2
4455873.3 1 1
4455873.3 1 1
4455873.3 1 1
4455873.3 1 1
4455873.3 1 1
4455873.3 1 1
4455873.3 1 1
4455873.3 1 1
4455873.3 1 1
4455873.3 1 1
4455873.3 1 1
4455873.3 1 1
4455873.3 1 1
4455873.3 1 1
4455873.3 1 1
4455873.3 1 1
4455873.3 1 1
4455873.3 1 1
4455873.3 1 1
4455873.3 1 1
4455873.3 1 1
4455873.3 1 1
4455873.3 1 1
4455873.3 1 1
4455873.3 1 1
4455873.3 1 1
