CHINA micro 6207.0 186 41713.2616391 0.369124889088 0.0261 0.160787410402 0.303011168452 -0.0208324724945 0.55475156467 0.092734159546 0.432576123731 0.794322992778 2685.0 53.9229901724 12.0451383692 1.52075466395 186.0 186.0 186 149 21.1829644438 2.36086998898 0.379598729332 10.7464370665
CHINA micro 6331.0 208 40177.754529 0.35211485704 0.0226 0.153866814902 0.332175011846 -0.0195028504344 0.574442776145 0.0988322298338 0.452061285737 0.787695519144 2862.0 50.2922129205 13.6744079855 1.25916725985 208.0 208.0 208 156 23.6484578447 2.61412998236 0.39535684973 9.66755807397
CHINA micro 3894.0 78 40238.7732268 0.287623867039 0.059 0.135699062532 0.301035123069 -0.0592325737989 0.55423124422 0.132280071613 0.424499229584 0.782844110584 1653.0 55.4185927067 6.95817909093 1.19860374743 78.0 78.0 78 65 9.3139240347 1.24996147861 0.372973623301 11.2690219964
CHINA micro 8345.0 287 25296.0430545 0.355360729783 0.0325 0.15770536243 0.308050680267 -0.0137764901221 0.624931528845 0.116630835893 0.286399041342 0.892627546121 2390.0 40.5632115039 12.4461323543 1.46149404967 287.0 287.0 287 200 31.6742458032 3.14172903894 0.253786059964 45.0840250124
CHINA micro 2524.0 169 9745.06121443 0.511089673556 0.0225 0.21029034689 0.357568525586 -0.0172569229804 0.562605952126 0.10073499634 0.507527733756 0.73709347475 1281.0 54.675118859 12.5986520011 2.00882281884 169.0 169.0 169 108 21.4460778191 3.36389188608 0.438384018584 7.55362122117
CHINA micro 6042.0 222 25820.0163874 0.359684589173 0.028 0.155983836569 0.347920412965 -0.0180149420947 0.621678636856 0.125577494245 0.390102615028 0.839185285918 2357.0 44.2403177756 13.8580661663 1.26459654281 222.0 222.0 222 168 25.3833623897 2.85602900689 0.34419819665 14.1930538611
CHINA micro 5659.0 105 53876.402381 0.272359026398 0.0516 0.129150884943 0.321901059417 -0.0462996376471 0.585470534025 0.13704520917 0.398480296872 0.815510643315 2255.0 49.9028096837 8.44686902603 0.970084530964 105.0 105.0 105 82 12.0356405724 1.39578797382 0.351285425477 13.3547858804
CHINA micro 4635.0 107 42077.388644 0.31528007559 0.0431 0.152162152395 0.245982921493 -0.0383537167476 0.502982472627 0.0895212341468 0.381877022654 0.783040907499 1770.0 62.1790722762 7.08127443633 1.77945448814 107.0 107.0 107 79 12.5571714422 1.57166111562 0.337195099533 15.1175844647
CHINA micro 4083.0 117 21828.0066313 0.327130607217 0.0533 0.15052465533 0.298448224973 -0.0354720427801 0.581714818854 0.128984994747 0.30933137399 0.839568543705 1263.0 54.4452608376 7.12827666307 1.4914583634 117.0 117.0 117 90 13.9513839876 1.83103300123 0.274042523822 32.0157919134
CHINA micro 7065.0 116 55590.6083208 0.252372744429 0.0631 0.139339482754 0.198605315177 -0.0387555838484 0.534774643934 0.101794086335 0.234111818825 0.863301193197 1654.0 45.406935598 5.38915505911 1.86993689639 116.0 116.0 116 83 12.9754247896 1.38007251315 0.207475719243 139.134497794
CHINA micro 5997.0 73 135897.601979 0.289789236451 0.0479 0.149003452499 0.168851549062 -0.0574549654 0.412759556524 0.067726456145 0.394030348508 0.714234166719 2363.0 72.7530431883 5.38240638939 2.11138861432 73.0 73.0 73 62 8.27679951339 0.942661642453 0.347526810553 13.7880213063
CHINA micro 6301.0 257 30625.6803563 0.384487259286 0.0193 0.164780014141 0.337682178791 -0.0146956659376 0.585436520926 0.0966995220232 0.441517219489 0.798636391606 2782.0 48.7859069989 15.32990551 1.37869073263 257.0 257.0 257 180 29.2622808791 3.23763870686 0.386869713383 10.222207882
CHINA micro 7354.0 201 20868.7336318 0.297680992451 0.0606 0.139309598928 0.321700580589 -0.0223713612118 0.67782018089 0.17702153505 0.255235246125 0.917849484284 1877.0 30.5548001088 10.6221094387 1.20375606033 201.0 201.0 201 160 22.4643387168 2.34387390888 0.22619303122 81.9719251661
CHINA micro 5736.0 215 30055.5740926 0.370390498807 0.0232 0.156824750079 0.366479355194 -0.0184976137016 0.598544690968 0.111647234132 0.44020223152 0.79986065156 2525.0 48.0648535565 14.0301925364 1.14113191693 215.0 215.0 215 157 24.7269709618 2.83879406498 0.385804573998 10.2960160558
CHINA micro 7193.0 259 44671.6882165 0.397089248663 0.017 0.166750978301 0.326710277635 -0.0144018329988 0.56050477033 0.0834304798962 0.469345196719 0.773381693267 3376.0 51.133046017 15.4546101979 1.41876366438 259.0 259.0 259 200 29.0512287243 3.05382913339 0.409059021905 8.88253002846
CHINA micro 28298.0 252 604267.395497 0.274562334548 0.0205 0.127834559502 0.311372613691 -0.0194956906362 0.579432095682 0.0941398419564 0.431302565552 0.806626763879 12205.0 46.7736235776 15.0465742419 0.600052193971 252.0 252.0 252 234 24.4864995451 1.49803744678 0.378557633177 10.825580123
CHINA micro 3670.0 73 38638.8961187 0.281435609106 0.0622 0.146568035687 0.230495315591 -0.0584451355233 0.504770490399 0.107231678732 0.344414168937 0.779751427362 1264.0 64.3869209809 5.42932128645 1.83791957305 73.0 73.0 73 57 8.77198652929 1.20500771646 0.304831970476 21.178290721
CHINA micro 6098.0 100 40383.6561616 0.242068605215 0.0851 0.124252214475 0.282994424401 -0.0505838493663 0.616080652735 0.162294563544 0.263201049524 0.882485759812 1605.0 41.6530009839 5.73410921695 1.19616870645 100.0 100.0 100 84 11.35879124 1.28057874748 0.233249702396 69.1138237383
CHINA micro 4008.0 197 16185.563918 0.434542521774 0.0251 0.177624161679 0.365349250737 -0.0177187467946 0.601354493648 0.117227544709 0.442365269461 0.797441419556 1773.0 48.2784431138 13.3869340305 1.46798821247 197.0 197.0 197 144 23.625708101 3.11173331626 0.387555853962 10.1751804436
CHINA micro 5449.0 196 27103.8422554 0.37058647734 0.0279 0.160151698031 0.333203808225 -0.0198514977767 0.588139695377 0.10919441679 0.409616443384 0.81689310051 2232.0 50.7065516609 12.4987591 1.38929063711 196.0 196.0 196 147 22.6660179865 2.65520261674 0.36063023147 12.3768820746
CHINA micro 4096.0 98 30200.1434883 0.300915368657 0.0552 0.14226484549 0.286317163584 -0.0448995183152 0.555890507165 0.12155645028 0.329345703125 0.815189242363 1349.0 58.9599609375 6.54026072281 1.40100475431 98.0 98.0 98 71 11.6617849139 1.53125 0.291648435413 24.9454443446
CHINA micro 2806.0 158 13252.6933806 0.470671113676 0.0234 0.19643622524 0.340766170142 -0.0198565475701 0.544407689227 0.093876369941 0.512829650748 0.729412688115 1439.0 56.4861012117 12.037655873 1.90524112309 158.0 158.0 158 102 19.7745069876 2.98272526989 0.442352890068 7.40273442113
CHINA micro 2991.0 199 4183.9586823 0.466458401056 0.0515 0.184507735209 0.439316273779 -0.0168503298142 0.718379871781 0.221301626201 0.295887662989 0.902373005565 885.0 34.5369441658 12.4054117502 1.33012104393 199.0 199.0 199 148 24.7395999094 3.63868843044 0.262175156207 38.8058064835
CHINA micro 5717.0 121 34842.6880165 0.281038286501 0.0607 0.13377308605 0.30697340251 -0.0387496041087 0.625868373695 0.159303036042 0.338988980234 0.863810216647 1938.0 40.1784152528 8.83166134302 1.15543451371 121.0 121.0 121 100 13.8709089299 1.60029951718 0.300094049293 22.4161036764
CHINA micro 12953.0 178 92917.7263061 0.231453001478 0.0542 0.120894001886 0.272910618077 -0.0292274203668 0.611354698895 0.128574715014 0.257546514321 0.8963583184 3336.0 39.5892843357 8.32503920186 1.16733080839 178.0 178.0 178 145 18.6924125174 1.56399305258 0.228240665468 77.9003658812
CHINA micro 6311.0 94 110753.969915 0.266794518153 0.0395 0.129213038522 0.279911468324 -0.0516921072308 0.519556404777 0.103185226141 0.503406750119 0.730751359051 3177.0 57.7246078276 8.84954992921 1.12176458794 94.0 94.0 94 79 10.6285113968 1.18325613123 0.435281875214 7.67577110541
CHINA micro 6054.0 247 30884.6899378 0.419339003019 0.0192 0.174954817053 0.32314232635 -0.0143590933157 0.568134093248 0.088925250366 0.449950445986 0.788654177156 2724.0 50.9415262636 14.8048469388 1.56915126619 247.0 247.0 247 179 28.248345941 3.17450302279 0.393665472449 9.77355661316
CHINA micro 9432.0 89 86907.7949438 0.183534312236 0.1156 0.104017532632 0.298093509068 -0.0681545118285 0.650731809297 0.199522200737 0.233354537744 0.902796639631 2201.0 36.8214588634 5.04402446333 0.845856250188 89.0 89.0 89 74 9.61552808951 0.916406393769 0.206804632589 142.141019303
CHINA micro 10115.0 85 86370.2857143 0.178053683939 0.1423 0.104490002057 0.268907563025 -0.0710332799636 0.641977074823 0.194330741916 0.117548195749 0.917324578519 1189.0 22.8670291646 2.84373938379 1.0361437815 85.0 85.0 85 73 9.10887570786 0.845154254729 0.104174376111 1090397.76925
CHINA micro 5839.0 95 101941.61299 0.289698096096 0.0361 0.142613212344 0.213170964747 -0.0462003953389 0.42971339551 0.0646498255234 0.433293372153 0.708411508316 2530.0 74.9443397842 6.80868008761 1.68644406522 95.0 95.0 95 65 10.8390898925 1.24323826234 0.380184468306 10.7023770883
CHINA micro 5124.0 106 33720.4930818 0.266708091232 0.0654 0.130671895708 0.296403900255 -0.0453139862054 0.596905231234 0.144549129397 0.298594847775 0.855711683581 1530.0 50.4879000781 6.65225375565 1.1905375756 106.0 106.0 106 78 12.2926483927 1.480816704 0.26456688664 37.2643344496
CHINA micro 8593.0 107 122249.253042 0.240552717679 0.0506 0.117186893304 0.366006453851 -0.0501964381285 0.618814589834 0.160588548311 0.416269056209 0.815160131652 3577.0 47.00337484 9.49499188157 0.573945737899 107.0 107.0 107 95 11.7014541366 1.15428053424 0.366168952798 11.8563086827
CHINA micro 5974.0 263 37149.586306 0.445966112022 0.0138 0.189124288839 0.292914416209 -0.0124202743421 0.508343382864 0.0610268183733 0.518915299632 0.723472790081 3100.0 56.5952460663 15.583813867 1.90103273881 263.0 263.0 263 167 30.1316638747 3.40269591222 0.446877723115 7.23770806167
CHINA micro 2543.0 55 17188.5171717 0.253228403166 0.1124 0.128538793376 0.297729953884 -0.0888228706709 0.604158499651 0.189959922856 0.326386158081 0.838289250298 830.0 49.4298073142 4.56762899201 1.24562283668 55.0 55.0 55 43 6.88678904943 1.09066031077 0.2890509908 25.8195035829
CHINA micro 3228.0 47 30239.3959297 0.278197382074 0.1375 0.128131638567 0.388627435472 -0.104281080858 0.67628972426 0.272069648051 0.352540272615 0.845228745073 1138.0 45.41511772 5.19051678193 0.618487155785 47.0 47.0 47 45 5.69333845148 0.827239178975 0.311907826903 19.5318591959
CHINA micro 5053.0 197 40200.7287372 0.442284807162 0.0162 0.187229823767 0.282029773738 -0.016759399232 0.488240159796 0.0621947703064 0.554126261627 0.686327070398 2800.0 59.0936077578 13.5598423969 1.94987939426 197.0 197.0 197 140 22.9838221658 2.77135127481 0.472424864964 6.42642809673
CHINA micro 6335.0 94 39869.832647 0.235314579614 0.1033 0.12154300574 0.27995432333 -0.0550427659087 0.636722586326 0.183269823143 0.242778216259 0.896969754356 1538.0 35.7379636938 5.15333351327 1.11480629769 94.0 94.0 94 79 10.6239028695 1.18101263521 0.215155470645 110.327511281
CHINA micro 2960.0 81 27667.7512346 0.343661613312 0.0466 0.165306683499 0.22966299633 -0.0464715755912 0.470348487753 0.0862559009761 0.363851351351 0.73502693572 1077.0 72.1959459459 6.00357149644 2.07825089334 81.0 81.0 81 58 10.0088271008 1.48880960974 0.32170961851 17.5845059878
CHINA micro 2551.0 12 61474.4469697 0.354212597251 0.445 0.146400691031 0.527766888802 -0.355962361643 0.772536547524 0.528980392963 0.251274010192 0.812754500468 641.0 48.8435907487 1.00270340683 0.0312490977078 12.0 12.0 12 12 1.40230270784 0.237588828836 0.222683405312 89.7114399652
CHINA micro 6982.0 285 15522.1029899 0.384595950126 0.0374 0.165931701983 0.346165829929 -0.0131556480752 0.665029047481 0.147565073452 0.281151532512 0.906061919175 1963.0 34.6892008021 13.5880471462 1.48426235949 285.0 285.0 285 226 32.0864410977 3.41078966035 0.249143286767 49.2615396784
CHINA micro 12584.0 444 73334.726781 0.400397985247 0.0109 0.170888086629 0.294428646701 -0.00818795310973 0.544124400398 0.059987301583 0.446360457724 0.79259563906 5617.0 50.715193897 19.9244527164 1.58449583687 444.0 444.0 444 315 46.9270641241 3.95798018188 0.390780018074 9.95948386311
CHINA micro 6895.0 229 23330.4573278 0.364257089512 0.0376 0.152576674425 0.386356799275 -0.017870137455 0.67263023972 0.165189048148 0.326033357505 0.883743629844 2248.0 37.0993473532 13.5269086958 1.0054881472 229.0 229.0 229 190 25.7960812372 2.75783543248 0.288741199128 25.9271060119
CHINA micro 3219.0 185 13264.0456522 0.478637749992 0.0224 0.200964093094 0.332090711401 -0.0165508008609 0.561863019344 0.0966643681407 0.483069276173 0.759061532851 1555.0 53.1842187015 12.9835770379 2.00502945148 185.0 185.0 185 125 22.7812261013 3.26070297759 0.419749859716 8.34937919008
CHINA micro 5403.0 138 66255.1080609 0.378539443943 0.0228 0.170588547529 0.231365022652 -0.0263924037721 0.428517777866 0.0529921709233 0.523412918749 0.68181834531 2828.0 72.3857116417 9.81138461054 2.02241137496 138.0 138.0 138 96 15.9400382138 1.87742070279 0.450200824788 7.12100782726
CHINA micro 8401.0 76 85378.4117544 0.185684948084 0.1267 0.105446343898 0.268705479924 -0.0787114257825 0.619681721811 0.181850814041 0.149267944292 0.896112845919 1254.0 29.8535888585 3.15650239504 0.934852431486 76.0 76.0 76 62 8.30003541232 0.829178628495 0.132285271339 12823.209392
CHINA micro 1498.0 60 3230.71073446 0.303267523856 0.164 0.143167914438 0.354250111259 -0.0728574768717 0.692388013758 0.2716656495 0.229639519359 0.898390555454 344.0 34.3791722296 3.7485186947 1.20463668888 60.0 60.0 60 43 8.06905341194 1.55022716799 0.203512428172 158.29604878
CHINA micro 5544.0 82 72134.4137308 0.248210381597 0.0603 0.120888085716 0.339633266463 -0.0634480689779 0.592485954281 0.155698242494 0.426767676768 0.797705330985 2366.0 52.1464646465 7.8554939941 0.763174354219 82.0 82.0 82 71 9.39623773665 1.10129138417 0.374839687567 11.1171752849
CHINA micro 5023.0 219 22773.6197478 0.407566116719 0.0227 0.169381811003 0.356364376835 -0.0167551601967 0.595412358013 0.108932967716 0.44117061517 0.798662287263 2216.0 48.2779215608 14.1255929595 1.37092025928 219.0 219.0 219 162 25.58150203 3.09002878976 0.386589106563 10.2415568811
CHINA micro 6706.0 124 78386.8227118 0.297986987743 0.0363 0.152630636313 0.200239554371 -0.0329899817824 0.455952905449 0.0650843322876 0.371905756039 0.777537313625 2494.0 59.4989561587 7.070928967 2.02191498163 124.0 124.0 124 83 13.9602064906 1.51422325133 0.328651099961 16.3980822895
CHINA micro 3872.0 76 56741.917193 0.289119828859 0.0443 0.134453999528 0.303080143541 -0.0613716011694 0.522374977459 0.114731147868 0.532541322314 0.702988397309 2062.0 60.5371900826 8.08874313547 1.05182888214 76.0 76.0 76 58 9.07822549119 1.22136625841 0.456890972533 6.89688613239
CHINA micro 5061.0 112 56479.8654279 0.332038441675 0.0352 0.153678159511 0.245900019759 -0.0362658214055 0.47690922449 0.0764913619929 0.449911084766 0.746309448752 2277.0 63.0507804782 8.09198061545 1.71518109634 112.0 112.0 112 84 13.0139340748 1.57434479994 0.393633896284 9.77555614767
CHINA micro 5518.0 247 28874.5261512 0.438836443059 0.0171 0.178655307762 0.343693734014 -0.0140459853142 0.55855082689 0.0841429145648 0.480246466111 0.762666542828 2650.0 52.682131207 15.0830911118 1.49247548929 247.0 247.0 247 173 28.552291722 3.3251106749 0.417564715527 8.45332887907
CHINA micro 6722.0 246 39779.9917704 0.382515618341 0.0185 0.161742579835 0.334235600612 -0.0156542729296 0.572247952535 0.0912071185358 0.462659922642 0.780243098616 3110.0 49.6875929783 15.1104591125 1.30907925589 246.0 246.0 246 180 27.7993963525 3.00044626255 0.403790424273 9.16969719499
CHINA micro 6870.0 173 67453.3810996 0.314125743412 0.023 0.147401899801 0.264411742434 -0.0245172370507 0.519517257692 0.0787480233672 0.490829694323 0.748398814329 3372.0 55.5895196507 12.3443553636 1.45748437314 173.0 173.0 173 117 19.4682025382 2.08721763076 0.425720366759 8.07744667094
CHINA micro 3181.0 119 17374.3169064 0.375245757108 0.0398 0.167694943403 0.299036558981 -0.0311603616233 0.554576602859 0.111521701769 0.423451744734 0.788985924265 1347.0 58.0635020434 8.9555094335 1.74035190744 119.0 119.0 119 87 14.631211223 2.10991581215 0.372110547457 11.3405440393
CHINA micro 6041.0 357 9749.11180877 0.446956966434 0.0286 0.18087595235 0.396941163487 -0.00959223652901 0.690783731033 0.16007998098 0.300115874855 0.902095187383 1813.0 33.9678861116 17.0179625964 1.4072229162 357.0 357.0 357 254 40.8898136167 4.59318352326 0.265910280127 36.4403568453
CHINA micro 3121.0 88 14577.8608934 0.309958210764 0.0803 0.146904934836 0.299601671958 -0.0483676769298 0.607713286575 0.163155792483 0.308234540211 0.858432006682 962.0 45.3700736943 5.95141521568 1.49204457947 88.0 88.0 88 68 10.8129488895 1.57520030716 0.273075314582 32.4959289646
CHINA micro 2559.0 156 10208.7068238 0.490288254613 0.0258 0.199409525493 0.361341569724 -0.0197911821243 0.572011623125 0.109469105259 0.490816725283 0.751953621 1256.0 53.9663931223 11.9639486288 1.84407547597 156.0 156.0 156 104 19.7518358039 3.08382308669 0.42571043407 8.0778849504
CHINA micro 6801.0 234 48649.8456586 0.402146592594 0.0171 0.166697407123 0.335214655462 -0.0159458551255 0.54492007909 0.0795918145242 0.492427584179 0.750655543554 3349.0 54.0949860315 14.6864462033 1.3655955028 234.0 234.0 234 185 26.402790039 2.83745818396 0.426942998998 8.02384473154
CHINA micro 4413.0 227 9400.58383689 0.417226498592 0.0388 0.17420320145 0.377561889132 -0.0156951338127 0.662549955023 0.156593947402 0.309539995468 0.88650208382 1366.0 40.3580330841 12.2917681582 1.45432982513 227.0 227.0 227 169 26.9294151134 3.41710948145 0.274226467056 31.925764513
CHINA micro 6770.0 160 44530.4300314 0.316407189183 0.0389 0.14819652592 0.270254800591 -0.026361896111 0.570382531329 0.107419579381 0.362481536189 0.839268429447 2454.0 49.4682422452 9.89004041597 1.54158729357 160.0 160.0 160 127 18.0266869129 1.9445792549 0.320525782396 17.8016899717
CHINA micro 5064.0 99 63315.9257885 0.287372914841 0.0401 0.134828698372 0.31279022452 -0.046978638673 0.528529417574 0.105547206142 0.474131121643 0.747934495332 2401.0 62.2827804107 8.5731386845 1.13177527668 99.0 99.0 99 76 11.4889814122 1.39119608262 0.412806317488 8.68844715779
CHINA micro 3514.0 150 33719.5482774 0.498103788973 0.0161 0.206763180134 0.276805160311 -0.0197996691378 0.438599799919 0.0537178014008 0.640295959021 0.586455057889 2250.0 67.4445076836 12.0051731041 2.27000745154 150.0 150.0 150 111 18.2497167736 2.5304070009 0.530712031739 5.11591114958
CHINA micro 7807.0 136 174106.820425 0.360550918089 0.0187 0.171931711926 0.164189942661 -0.0265609102143 0.356281933544 0.0352316503533 0.596003586525 0.607007840244 4653.0 77.9812988344 10.2035401494 2.39454562046 136.0 136.0 136 98 15.0622975856 1.53920625185 0.501463839894 5.69871559964
CHINA micro 8916.0 108 151959.931464 0.248369720834 0.0433 0.126454959455 0.244977817656 -0.045999753533 0.53470696774 0.104916271703 0.438313144908 0.786203333198 3908.0 50.5944369672 8.94762533041 1.25788635944 108.0 108.0 108 90 11.7639263272 1.14377006414 0.384271852986 10.403975315
CHINA micro 8335.0 353 41166.7495171 0.418056315871 0.0134 0.176122678163 0.315760530613 -0.00997718599728 0.56115345487 0.0735690407658 0.452789442112 0.788584560233 3774.0 49.8620275945 17.9930637342 1.58695513547 353.0 353.0 353 240 38.9888645795 3.86653462186 0.395939409067 9.63154568113
CHINA micro 5185.0 184 19993.3829591 0.366329755784 0.0384 0.157538050898 0.341096809358 -0.0215121117226 0.625095087377 0.136858622569 0.348891031823 0.858470943462 1809.0 45.5737704918 11.2687122063 1.31906422843 184.0 184.0 184 142 21.3946878531 2.5553091063 0.308733488632 20.2427218361
CHINA micro 5352.0 105 78162.0087912 0.293826493402 0.0325 0.139332072278 0.27701793722 -0.0428180441998 0.505440426732 0.0914395307146 0.531016442451 0.706686351134 2842.0 59.3423019432 9.62462800971 1.33987282679 105.0 105.0 105 84 12.1138342571 1.43526219851 0.455778447707 6.93319268313
CHINA micro 5706.0 263 23011.5407076 0.410734847572 0.0201 0.178184237245 0.307846186857 -0.0132282494202 0.582766782926 0.0943508878315 0.425166491413 0.811022249349 2426.0 47.3010865755 15.256087238 1.7214069311 263.0 263.0 263 169 30.2915613707 3.48168811363 0.373522955101 11.2239282939
CHINA micro 6806.0 118 37314.2885702 0.249632392353 0.0825 0.128431341843 0.268123340821 -0.0414360873053 0.61381722442 0.151250867026 0.183514545989 0.897276339722 1249.0 35.1454598883 5.07228624526 1.33883584477 118.0 118.0 118 95 13.2569493518 1.43032929922 0.162635531596 1022.18528383
CHINA micro 9089.0 322 56379.4655773 0.394664207853 0.014 0.168812252219 0.3003207071 -0.0114359111695 0.549820132626 0.0714204834448 0.464187479371 0.777818925647 4219.0 51.655847728 17.1809132301 1.54909343766 322.0 322.0 322 237 35.2173706128 3.37751914924 0.404997773418 9.10235309996
CHINA micro 974.0 27 2994.68660969 0.457618928899 0.3109 0.175006096804 0.553768347403 -0.131318613631 0.800089656602 0.498874531464 0.274127310062 0.88088873335 267.0 40.6570841889 3.13565590552 0.381743745868 27.0 27.0 27 27 3.77829472077 0.865135803751 0.242925750411 55.8537415087
CHINA micro 2791.0 175 4837.45136289 0.481798668678 0.0502 0.190264716192 0.424816502022 -0.0185471310879 0.696762224666 0.20429912363 0.317448943031 0.886230386071 886.0 38.4091723397 11.4260047505 1.4762105112 175.0 175.0 175 139 21.9305010903 3.3125171119 0.281193893268 28.7935264395
CHINA micro 7156.0 254 41964.1991223 0.393252278568 0.0186 0.165651715322 0.327402146979 -0.0147873741973 0.571683941014 0.0897355014703 0.451928451649 0.788734591962 3234.0 49.4130799329 15.1982621954 1.41653933942 254.0 254.0 254 200 28.5047732908 3.00260740054 0.395250526411 9.67415793543
CHINA micro 8538.0 106 97211.2977538 0.224267951182 0.0631 0.119579175788 0.261912338624 -0.0496327875597 0.577866659508 0.131459413825 0.336144296088 0.850544855866 2870.0 46.7556804872 7.31371796022 1.22326031802 106.0 106.0 106 89 11.5992850443 1.14717002359 0.297605689127 23.1154939561
CHINA micro 4493.0 94 55122.9156943 0.298640496568 0.0402 0.142424099266 0.275312424528 -0.0467560095526 0.515598047917 0.101154483881 0.491431115068 0.735415166427 2208.0 61.985310483 8.54234103733 1.44957509587 94.0 94.0 94 78 11.057901192 1.40236041517 0.426180815274 8.05717940929
CHINA micro 4966.0 82 89655.7801867 0.270516106912 0.0398 0.138833397654 0.213235366345 -0.055031340385 0.445589225946 0.075615251343 0.519130084575 0.693328893423 2578.0 66.8344744261 7.57572992288 1.69521160855 82.0 82.0 82 56 9.5178000866 1.16361817161 0.447036823455 7.23203583019
CHINA micro 4111.0 211 16528.7747235 0.443294533281 0.0226 0.185452658227 0.343112513993 -0.0158063127885 0.584684007091 0.104068810844 0.450255412308 0.789877423038 1851.0 49.2094380929 13.8183120363 1.70969978144 211.0 211.0 211 150 25.2360726839 3.29085477159 0.393910075506 9.75809318557
CHINA micro 11802.0 320 93349.5532524 0.369272613064 0.0144 0.15512311821 0.332910735469 -0.0125700591036 0.5630399867 0.077534622456 0.4593289273 0.783082873858 5421.0 50.2711404847 17.2006614742 1.14359424602 320.0 320.0 320 266 34.0229494095 2.94558916165 0.401150519056 9.32026798938
CHINA micro 4292.0 235 21384.6394981 0.492672961234 0.0154 0.20929828593 0.300452102873 -0.0124736182827 0.519170445691 0.0684663625202 0.518872320596 0.724101777164 2227.0 55.9179869525 14.7703951318 2.22019947478 235.0 235.0 235 147 27.9753450051 3.58705475138 0.446845881834 7.23884430612
CHINA micro 7973.0 328 36085.137307 0.403894636346 0.0162 0.168491778485 0.340487177762 -0.0112491048696 0.59395794304 0.0923918010282 0.427066348928 0.811327877894 3405.0 48.2503449141 17.2991814066 1.36519111135 328.0 328.0 328 240 36.3987859842 3.67335550959 0.375085070728 11.0974866849
CHINA micro 7460.0 224 24369.97918 0.347706812216 0.0437 0.161103690434 0.264043948679 -0.0172629421408 0.600803475716 0.111322029464 0.257774798928 0.89788343911 1923.0 35.6568364611 9.14686859789 1.80017985588 224.0 224.0 224 164 25.007539568 2.59345433003 0.228442904891 77.5144444672
CHINA micro 5406.0 104 45163.28118 0.281596375663 0.057 0.135545321509 0.291858760921 -0.0444763767092 0.573500743384 0.129585417675 0.365149833518 0.831211165736 1974.0 47.5582685905 7.5731041317 1.29275359439 104.0 104.0 104 83 11.983342372 1.41447513892 0.322830946329 17.3829626425
CHINA micro 5858.0 137 41518.4047875 0.297263218493 0.0425 0.142504501697 0.270294786841 -0.0320620468604 0.567539449639 0.112634089605 0.383065892796 0.828157191462 2244.0 47.4223284397 9.51473111569 1.46238048146 137.0 137.0 137 102 15.6762151036 1.78997054093 0.338209889094 14.9771203776
CHINA micro 2782.0 178 9241.63575192 0.47832187146 0.0259 0.194439555376 0.375798673656 -0.0178184254757 0.599693929443 0.120704559679 0.459022286125 0.783029292241 1277.0 50.035945363 12.8073932418 1.67104994 178.0 178.0 178 112 22.3176983375 3.37474870593 0.400907005423 9.33439184164
CHINA micro 10490.0 296 30860.3691709 0.333705267202 0.0392 0.149384517712 0.311791152449 -0.0141321350255 0.628918181235 0.118065973213 0.216587225929 0.913889881961 2272.0 34.0514775977 9.66269329037 1.33199067994 296.0 296.0 296 218 31.8637219456 2.89004075364 0.19194536849 240.578146033
CHINA micro 3090.0 80 18873.2246835 0.307646190675 0.0741 0.139444011304 0.360355987055 -0.0561520952632 0.607257542253 0.168491905014 0.302265372168 0.831344874897 934.0 56.6343042071 5.83390786864 1.07294902105 80.0 80.0 80 64 9.83085164842 1.43916552592 0.267808227857 35.3243492688
CHINA micro 6378.0 129 74722.6235465 0.318185330499 0.0319 0.1483708888 0.252565140344 -0.0326570756267 0.499115127917 0.0805396828156 0.462841015992 0.757126178781 2952.0 57.1338977736 9.58805998751 1.57747150872 129.0 129.0 129 105 14.6108549778 1.61527865014 0.403933664668 9.1616583689
CHINA micro 3240.0 186 17029.5204882 0.505379083004 0.0176 0.205513282855 0.342323775388 -0.0160717452266 0.520569002412 0.0766800781547 0.548148148148 0.694511126353 1776.0 58.950617284 13.2702441519 1.96611074835 186.0 186.0 186 122 22.8866113149 3.26768691551 0.468162323342 6.54909691199
CHINA micro 6417.0 106 39339.7176101 0.254585912574 0.086 0.130568477967 0.256420886737 -0.0453509053508 0.605050071251 0.150513838066 0.228923172822 0.89025321332 1469.0 38.600592177 5.04227434188 1.41207766107 106.0 106.0 106 90 11.9771325772 1.32324373242 0.202877605073 161.704212507
CHINA micro 6652.0 161 52011.5302795 0.308876667242 0.032 0.149666530859 0.245958811248 -0.0259312583523 0.531545014178 0.086840917113 0.411455201443 0.805720721486 2737.0 50.751653638 10.570711926 1.67948411773 161.0 161.0 161 109 18.1762974613 1.97401185157 0.362164469545 12.2285902284
CHINA micro 7292.0 227 31254.0732135 0.375450407657 0.0321 0.1670076523 0.276548314368 -0.0164055988073 0.581321299668 0.0992085800774 0.264810751509 0.862756892261 1931.0 51.0696653867 9.90411383267 1.73690089293 227.0 227.0 227 176 25.4088659348 2.65829103847 0.234675488528 66.8810439143
CHINA micro 5167.0 88 26406.6425026 0.227876773557 0.1167 0.122718975338 0.286327568309 -0.0582182692909 0.640418562762 0.190697550402 0.209599380685 0.902585444115 1083.0 36.1137991097 4.34528532867 1.24665862024 88.0 88.0 88 70 10.1753820329 1.22423119411 0.185752590359 310.083636752
CHINA micro 2618.0 47 30031.213691 0.291422664374 0.0955 0.133359279261 0.373803293077 -0.100078456699 0.60486865266 0.201433918537 0.440794499618 0.777169399602 1154.0 55.1184110008 5.66538448883 0.896675217889 47.0 47.0 47 43 5.84485769587 0.918571648368 0.386284492367 10.2626383872
CHINA micro 6620.0 96 47503.4087719 0.238372798564 0.0919 0.120946568643 0.288739929507 -0.054168378957 0.626697200482 0.173364579434 0.22084592145 0.886608190871 1462.0 42.8549848943 5.23561319227 1.03543621635 96.0 96.0 96 83 10.7980919194 1.17989195061 0.195719494593 208.31532701
CHINA micro 2077.0 41 18698.5804878 0.278644375745 0.1233 0.131738917539 0.339408386862 -0.116177050296 0.600096282022 0.207148351892 0.359171882523 0.802231098379 746.0 55.5609051517 3.96855268763 1.0293613304 41.0 41.0 41 36 5.23650695176 0.899633478034 0.317661731602 18.346632122
CHINA micro 3940.0 81 52542.682716 0.324540863172 0.0436 0.14845996252 0.284715172025 -0.0519770522398 0.49656358481 0.0983138836118 0.490101522843 0.716878559097 1931.0 68.7817258883 7.3675516968 1.49355870919 81.0 81.0 81 70 9.66307747491 1.29043730045 0.425162443303 8.102135965
CHINA micro 8040.0 219 33575.1783335 0.332546522089 0.0388 0.146616681284 0.341249233286 -0.0194750138226 0.64106040957 0.140593772416 0.310323383085 0.882203472686 2495.0 42.8980099502 11.7173116091 1.1580918544 219.0 219.0 219 183 24.2432751843 2.44239605868 0.274917118667 31.591332183
CHINA micro 2501.0 62 17470.9161819 0.350168561733 0.0865 0.150212836886 0.380667088004 -0.0670834445075 0.641836113823 0.215395055474 0.406637345062 0.813491156916 1017.0 48.3806477409 6.71401862757 0.989230743884 62.0 62.0 62 55 7.79607917786 1.23975207438 0.358139161807 12.6246902057
CHINA micro 7377.0 262 37459.7646895 0.380252282861 0.0208 0.160799319499 0.337600257454 -0.0147883218639 0.597821190777 0.103091610637 0.419818354345 0.816525444105 3097.0 46.1434187339 15.3268955553 1.30356386162 262.0 262.0 262 203 29.3056832484 3.05043236113 0.369110041301 11.5957760116
CHINA micro 6859.0 296 45713.4447893 0.453503242357 0.0116 0.19268177217 0.278093883357 -0.0108192106179 0.495259073293 0.053378696642 0.533313894154 0.709976628985 3658.0 56.7283860621 16.6932348172 1.98747019529 296.0 296.0 296 187 33.396288403 3.57405564346 0.457453857345 6.87865851184
CHINA micro 3258.0 114 13121.237075 0.352382969139 0.0591 0.156548781754 0.331620949242 -0.0349499060358 0.62370546729 0.160906139429 0.345917740945 0.851542654036 1127.0 47.4217311234 8.24968599948 1.43795047081 114.0 114.0 114 92 13.9698149328 1.99723565867 0.306143171607 20.8558755076
CHINA micro 5523.0 120 40837.3355042 0.287484794064 0.0497 0.145371116106 0.232717725874 -0.0358574227498 0.542899847671 0.104638739566 0.34401593337 0.832352545176 1900.0 52.2179974651 7.47710569393 1.73548856125 120.0 120.0 120 86 13.8104291621 1.6147069867 0.304484544262 21.2651276012
CHINA micro 8463.0 310 51887.938835 0.39370289325 0.0142 0.168787609561 0.307420536453 -0.0118804098915 0.546970080866 0.0713642694079 0.469455275907 0.772914339094 3973.0 51.4238449722 16.8696500348 1.53691885591 310.0 310.0 310 221 34.168342004 3.3697642878 0.409145441612 8.87796159859
CHINA micro 4206.0 99 20634.5380334 0.260577251428 0.0812 0.131518000134 0.300818455597 -0.0481968991363 0.634001843159 0.17773206411 0.299096528768 0.87558949932 1258.0 44.3414170233 6.86793124786 1.23297053256 99.0 99.0 99 77 11.7445901259 1.5265131872 0.26501001126 36.9893221683
CHINA micro 5330.0 193 28429.0397237 0.395294349128 0.0263 0.163804139849 0.356103393637 -0.0196907812048 0.594377638382 0.113691960264 0.432833020638 0.802682539627 2307.0 49.1557223265 12.949983621 1.28419404141 193.0 193.0 193 155 22.3747368263 2.64358759021 0.379808572476 10.7306140234
CHINA micro 3223.0 206 4717.59576131 0.489473775017 0.0496 0.188826560919 0.452959463082 -0.0158834869876 0.722216813195 0.223871343525 0.294446168166 0.902044710639 949.0 37.0152032268 12.4676995821 1.26478083747 206.0 206.0 206 164 25.3773554517 3.62858305059 0.260901285101 39.668066368
CHINA micro 5129.0 231 23484.1801619 0.402097192004 0.0206 0.174211698181 0.320864551709 -0.0154225654627 0.572956179325 0.0939441923379 0.449210372392 0.790347882118 2304.0 49.6393059076 14.4087605486 1.61761026464 231.0 231.0 231 150 26.9236793689 3.22548948436 0.393071549563 9.81129473637
CHINA micro 4773.0 183 22556.3503873 0.395009391208 0.0294 0.168036880232 0.323864085206 -0.0202195433104 0.587262706428 0.11161219967 0.413785878902 0.8143344549 1975.0 49.5495495495 12.1415844537 1.52568599132 183.0 183.0 183 134 21.4857507191 2.64883784391 0.364105491768 12.0455325106
CHINA micro 2783.0 165 12744.7138211 0.487047038561 0.022 0.201975093891 0.332638639358 -0.0184575832369 0.545662321791 0.0927927151359 0.519942508085 0.724073796957 1447.0 55.3000359324 12.437658095 1.95811777487 165.0 165.0 165 103 20.6776083486 3.12771621086 0.44763825241 7.21067183804
CHINA micro 5204.0 237 24888.9727884 0.434120869821 0.0191 0.180096585705 0.327413674 -0.0145150819144 0.569794266611 0.091307277247 0.462720983859 0.77888815793 2408.0 51.5180630284 14.7111050441 1.619288162 237.0 237.0 237 167 27.5791699702 3.28533531503 0.40383872544 9.16698498823
CHINA micro 5981.0 83 49163.8133999 0.249547030275 0.0966 0.122518951316 0.32853433463 -0.0618287049054 0.654358750665 0.207566418448 0.309814412306 0.875254948926 1853.0 40.9463300451 6.5888445249 0.862681763461 83.0 83.0 83 75 9.42925083131 1.07322601437 0.274468411121 31.8079656811
CHINA micro 6416.0 97 67743.0206186 0.231939245733 0.0613 0.120492635415 0.27086600509 -0.0538168408712 0.58084678424 0.138087534452 0.373597256858 0.831708913502 2397.0 48.566084788 7.73406956746 1.11668164053 97.0 97.0 97 75 10.9507158874 1.21098721089 0.330104476906 16.167148479
CHINA micro 4875.0 93 36488.2896213 0.281239633858 0.0707 0.130748895742 0.345171215881 -0.0516169112313 0.616465653257 0.16684143018 0.277538461538 0.847996128863 1353.0 53.7230769231 6.24872063188 0.928524033215 93.0 93.0 93 81 10.8338848424 1.33197366571 0.245945506828 52.4944780269
CHINA micro 7142.0 187 46073.7584383 0.339753352135 0.0308 0.163898709469 0.227651596266 -0.0203103106879 0.52025597146 0.0763620720048 0.364043685242 0.826645593439 2600.0 50.7980957715 9.95653651083 2.02191424513 187.0 187.0 187 129 20.9607031114 2.21274660766 0.321875765096 17.5543899512
CHINA micro 3946.0 61 42156.4180328 0.24963313461 0.0917 0.120427828815 0.359829003016 -0.0856247700266 0.627989386886 0.203634571528 0.390268626457 0.821163636102 1540.0 49.7972630512 6.33221660812 0.68278108134 61.0 61.0 61 53 7.24597628187 0.971071693104 0.344339091307 14.1754828079
CHINA micro 5634.0 174 38399.0576041 0.365393489745 0.0267 0.157416792825 0.317885253326 -0.0227666991605 0.565542956084 0.101145018317 0.451189208378 0.784970340202 2542.0 51.2069577565 12.2195640884 1.35485152409 174.0 174.0 174 133 20.0310888324 2.31814622423 0.394658539435 9.71105933897
CHINA micro 5994.0 74 136180.30137 0.258499635405 0.0466 0.137193518727 0.184684684685 -0.0617330710423 0.41212980593 0.0670329114978 0.389222555889 0.709789981284 2333.0 74.3243243243 5.51600827734 1.86486533075 74.0 74.0 74 54 8.39223779139 0.95581391856 0.343450986856 14.286887538
CHINA micro 19385.0 106 445739.365768 0.185766330659 0.0704 0.101863013065 0.330354144665 -0.0584560113529 0.618468136154 0.160848042557 0.314521537271 0.866017486777 6097.0 44.2919783338 7.20884024844 0.410433324596 106.0 106.0 106 96 10.6358680559 0.761330033671 0.278616396814 29.8921295047
CHINA micro 13780.0 446 94083.5803497 0.397103460641 0.0101 0.167217016115 0.299981125567 -0.00833898446357 0.543664217705 0.0596952837315 0.465965166909 0.777274693978 6421.0 51.2336719884 20.3665058118 1.45492347659 446.0 446.0 446 342 46.6898788376 3.79935828361 0.406400215944 9.02529048449
CHINA micro 4628.0 245 20368.2869856 0.480638811542 0.0173 0.197353654357 0.336051187977 -0.0127419560768 0.558584917114 0.0844462867488 0.479040622299 0.763881159288 2217.0 52.0311149525 15.0209575995 1.88502565093 245.0 245.0 245 174 28.9103633519 3.60138382123 0.416629090598 8.49859631011
CHINA micro 8597.0 236 25787.5054273 0.309136226847 0.0491 0.143018503562 0.317417585559 -0.0185431061623 0.643456788568 0.138897028506 0.244736536001 0.913768472543 2104.0 33.1162033267 9.9657878676 1.27846672409 236.0 236.0 236 171 25.9405703533 2.54529743355 0.216890764017 105.011236131
CHINA micro 10681.0 221 46653.4494858 0.307761270373 0.0479 0.15117403503 0.229935085814 -0.018695555149 0.577056546973 0.0978838512597 0.177324220579 0.905508243193 1894.0 32.206722217 6.58893532114 1.83729503983 221.0 221.0 221 174 23.7165525082 2.13838705231 0.157149498742 1460.59906016
CHINA micro 1259.0 51 5907.77960784 0.35495810202 0.0952 0.156981080682 0.34957716208 -0.0778992445856 0.610568416411 0.200606555648 0.413820492454 0.794036393093 521.0 55.2025416998 5.60276099143 1.41905517648 51.0 51.0 51 39 7.00469156893 1.43733271638 0.364134287305 12.0428542242
CHINA micro 5298.0 95 84949.243673 0.269700497038 0.0357 0.129732234713 0.296481293835 -0.050937539098 0.513316538601 0.0995334860779 0.533031332578 0.704986005104 2824.0 58.852397131 9.17128289556 1.08100153072 95.0 95.0 95 74 10.9619908863 1.30517163955 0.457248046998 6.88531218966
CHINA micro 7936.0 212 27589.033533 0.304041239604 0.0486 0.143324478757 0.300405603317 -0.0205967375721 0.631900655682 0.135132636373 0.258568548387 0.9028524504 2052.0 37.109375 9.58188249814 1.37099753661 212.0 212.0 212 158 23.4988451876 2.37977025185 0.229146085896 76.1942895051
CHINA micro 6942.0 261 42340.0952255 0.395198390726 0.0165 0.168956900038 0.315575358388 -0.0140960076512 0.548032554217 0.0773292245758 0.474214923653 0.76773709912 3292.0 51.9158743878 15.4248099207 1.52736916721 261.0 261.0 261 187 29.3939913284 3.13255137757 0.41287175073 8.68512973712
CHINA micro 10746.0 196 102196.215908 0.284891048704 0.0287 0.138905042178 0.242016013552 -0.0230110557646 0.542207688353 0.0845824966841 0.395682114275 0.822323804781 4252.0 48.4831565234 11.8288063715 1.46748956426 196.0 196.0 196 148 21.0077495652 1.8907436619 0.348923540845 13.6241376435
CHINA micro 4546.0 54 46475.2858141 0.186760803412 0.1345 0.104773766625 0.306610614134 -0.111503303412 0.625556590818 0.209920719705 0.256049274087 0.862291685578 1164.0 47.2063352398 3.85445902673 0.79662987062 54.0 54.0 54 41 6.29303978783 0.800901383965 0.226914219561 80.503000123
CHINA micro 5933.0 245 24847.7685848 0.39385511887 0.0231 0.166233047661 0.346404923001 -0.0152744682714 0.610185085741 0.113511486535 0.411090510703 0.823680546029 2439.0 45.7441429294 14.7891152082 1.37768444528 245.0 245.0 245 186 28.0837924311 3.18074541773 0.361860377778 12.2577261375
CHINA micro 6211.0 88 45774.9361285 0.216024696677 0.0992 0.117615113971 0.257761156892 -0.0608069781145 0.603698207831 0.160044185351 0.215263242634 0.885402081748 1337.0 36.676863629 4.27129591133 1.20961149856 88.0 88.0 88 65 9.96098363707 1.11661101454 0.190772028815 251.993360238
CHINA micro 10732.0 389 62003.3819336 0.400734200877 0.0122 0.171217324522 0.294963432523 -0.0093267678377 0.549488741259 0.0657062821652 0.452292210212 0.788554636258 4854.0 49.8975027954 18.8237433299 1.59600996688 389.0 389.0 389 279 41.805906502 3.75499418963 0.39554165018 9.6561068952
CHINA micro 2130.0 46 10527.7275362 0.297778282472 0.1723 0.131202077749 0.502980200041 -0.103985118449 0.74356460603 0.36073949181 0.321126760563 0.873839846591 684.0 39.765258216 5.41104613233 0.157589517897 46.0 46.0 46 42 5.87170155275 0.99670819704 0.284429503582 27.5043679175
CHINA micro 7492.0 288 38047.658343 0.401647010427 0.0175 0.168369145097 0.331080930771 -0.012821262194 0.575742512974 0.0873175749416 0.435531233316 0.801985367414 3263.0 48.9588894821 15.9944760725 1.43788676667 288.0 288.0 288 212 32.1691498697 3.32731259072 0.382009264283 10.5672271104
CHINA micro 9955.0 85 690276.319328 0.267165596172 0.0197 0.145345875566 0.140201494963 -0.0506313480304 0.253774791036 0.0248538073104 0.763937719739 0.403149259564 7605.0 87.4535409342 8.78434129195 2.19010505597 85.0 85.0 85 62 9.12465231538 0.851918978988 0.605586998728 4.06105179726
CHINA micro 12116.0 290 89325.8957642 0.325583261517 0.0192 0.146144986242 0.299030634897 -0.0147561794051 0.576768054249 0.0876012629032 0.41135688346 0.820695925412 4984.0 47.9778804886 15.7502157058 1.25411723515 290.0 290.0 290 232 30.7372183379 2.63462231277 0.362082498473 12.2364317652
CHINA micro 5460.0 139 43534.5221562 0.336627774631 0.0345 0.153445323613 0.283422931984 -0.0292674906142 0.537818692696 0.0957149977546 0.411172161172 0.791281380402 2245.0 59.5970695971 9.32510203064 1.55418449658 139.0 139.0 139 111 16.0368073665 1.88112856781 0.361928469471 12.2511911671
CHINA micro 4016.0 232 10724.9941782 0.456356372168 0.0273 0.185617673406 0.377163758758 -0.0143620359485 0.633297227314 0.131955036576 0.385707171315 0.842078895573 1549.0 43.6005976096 14.086542435 1.55568786822 232.0 232.0 232 156 27.8378934966 3.66092753797 0.340461302708 14.6735562098
CHINA micro 4591.0 155 12024.0424801 0.348677629527 0.0684 0.150718596924 0.368569641866 -0.0267398973181 0.693275835641 0.207787322339 0.277063820518 0.90569537883 1272.0 34.6329775648 9.70362678868 1.13211798282 155.0 155.0 155 130 18.2640752116 2.28758927515 0.245525363716 52.943186721
CHINA micro 5955.0 278 26767.9991299 0.430633182333 0.0169 0.176899151282 0.350557840881 -0.0126103159687 0.581699129938 0.091717558213 0.455247691016 0.787313414843 2711.0 49.0680100756 16.0796363539 1.45877886296 278.0 278.0 278 198 31.8684342849 3.60249936562 0.397902705989 9.51200954895
CHINA micro 7836.0 197 38843.7151663 0.316097098105 0.0393 0.154252323674 0.243687212216 -0.0205383159558 0.576288932891 0.102054681655 0.311128126595 0.870933481704 2438.0 42.3685553854 9.93656741879 1.80005994914 197.0 197.0 197 150 21.8591819078 2.2254560017 0.275626485162 31.2536473009
CHINA micro 4757.0 97 48457.9774485 0.293099181076 0.0478 0.139377698629 0.284089209824 -0.0463337607872 0.550384455337 0.118769807627 0.436829934833 0.784115762001 2078.0 54.6983392895 8.3347722678 1.35408489661 97.0 97.0 97 78 11.3376375068 1.40638802081 0.383066334283 10.4903711554
CHINA micro 7295.0 252 50973.2921489 0.38847994752 0.0162 0.164226319198 0.321240902118 -0.0150401021521 0.541718875451 0.0756704294912 0.487045921864 0.755614392199 3553.0 53.8176833448 15.2048823806 1.39491425814 252.0 252.0 252 186 28.2182762469 2.95044750965 0.422816059824 8.20757255241
CHINA micro 5636.0 243 19674.6111961 0.392402775881 0.0267 0.168168605921 0.331159623467 -0.0152145634205 0.609486090279 0.11340581679 0.372604684173 0.84599239352 2100.0 46.8949609652 13.6693136181 1.49449490125 243.0 243.0 243 162 28.0192155729 3.23683663884 0.329251826695 16.3019384865
CHINA micro 7358.0 272 40741.9309203 0.385109865286 0.0177 0.162450086404 0.338965791535 -0.0140935060608 0.580492465272 0.0918707272898 0.449306876869 0.792388733806 3306.0 48.8312041316 15.8607670358 1.30611654883 272.0 272.0 272 202 30.437319923 3.17094721251 0.393149023106 9.8063566035
CHINA micro 5898.0 248 42168.8673763 0.447187601112 0.0133 0.191270896243 0.278943655039 -0.0130145566471 0.485341254544 0.0547584447266 0.544252288911 0.696548743584 3210.0 59.5795184808 15.1716468838 2.00544668023 248.0 248.0 248 160 28.4484582125 3.22923236624 0.465368219869 6.63204871146
CHINA micro 5892.0 95 87524.9782755 0.262704333945 0.0425 0.127371834548 0.291115517919 -0.0519078954146 0.537791294726 0.112523121335 0.479124236253 0.75248130066 2823.0 57.7732518669 8.75165781837 1.05762080632 95.0 95.0 95 76 10.8278080691 1.23763401285 0.416694009466 8.49544048658
CHINA micro 9260.0 291 28250.0576135 0.347920644356 0.0347 0.157748304708 0.289084708275 -0.0135832680832 0.618393904987 0.111700257041 0.271598272138 0.90102134637 2515.0 35.3995680346 11.964859989 1.59770388463 291.0 291.0 291 213 31.7513868072 3.02403975084 0.240686518974 58.5596234199
CHINA micro 1853.0 51 10970.1066667 0.356468004319 0.1093 0.149255097059 0.430293218205 -0.0820956034863 0.675130263724 0.264355936192 0.399352401511 0.82064614812 740.0 46.1953588775 6.1401252965 0.693567009067 51.0 51.0 51 45 6.6449057289 1.18476568349 0.352020442189 13.2728973886
CHINA micro 2684.0 158 10576.1399661 0.482564432586 0.0267 0.195388819411 0.371366183101 -0.0199700407735 0.583448079173 0.115783141306 0.479508196721 0.763175721447 1287.0 52.6825633383 12.0447889324 1.74853902863 158.0 158.0 158 114 19.8858438615 3.0497611741 0.416992040477 8.48098128976
CHINA micro 4385.0 191 17864.1245522 0.427406512925 0.0288 0.17468878114 0.361021330452 -0.0185988429244 0.603822254679 0.120219904735 0.408665906499 0.818243493614 1792.0 50.7867730901 12.3981694512 1.44709614244 191.0 191.0 191 145 22.6569578213 2.88435405067 0.359836123471 12.4549191883
CHINA micro 7079.0 273 45422.2267561 0.415826589011 0.0146 0.174369145181 0.312329663085 -0.0130374699069 0.532208525513 0.0690977606262 0.492583698262 0.749793528491 3487.0 55.0784009041 15.8046754 1.57950487629 273.0 273.0 273 196 30.6828469837 3.244716004 0.427062327516 8.01864979198
CHINA micro 5470.0 227 26896.0967604 0.401175173595 0.0212 0.167518794788 0.343546295774 -0.0163531648554 0.586481440093 0.102150627903 0.448263254113 0.792441804892 2452.0 49.3784277879 14.404149181 1.3691526086 227.0 227.0 227 163 26.2575938176 3.06924950184 0.392310777899 9.86003382278
CHINA micro 4671.0 91 36990.801221 0.295850854774 0.0672 0.133613511602 0.365291099395 -0.0515875824542 0.636449141855 0.185038613877 0.380218368658 0.836424347866 1776.0 45.0652965104 8.13111703396 0.8224686054 91.0 91.0 91 80 10.651986228 1.3314855533 0.335777884737 15.3176645116
CHINA micro 10535.0 231 62467.4050066 0.304148065637 0.0324 0.149435853079 0.232874545167 -0.0181022545691 0.544340361653 0.0797687455914 0.277835785477 0.866217965338 2927.0 44.584717608 9.15420164002 1.74260271916 231.0 231.0 231 160 24.8314207632 2.25058132025 0.246208685728 52.2163480123
CHINA micro 6148.0 128 40772.4242126 0.289882473243 0.054 0.141172682502 0.268781514314 -0.0346511698829 0.57461806061 0.120075069437 0.304977228367 0.855193187432 1875.0 48.0644111906 7.2156879677 1.50104034623 128.0 128.0 128 105 14.5577391437 1.63246184798 0.270201795319 33.9923372879
CHINA micro 8902.0 312 49043.6581334 0.417100346038 0.0164 0.176873873905 0.282463894602 -0.011237806374 0.527340087942 0.0632364523096 0.400247135475 0.804322647348 3563.0 57.6499662997 14.1961154831 1.76267838949 312.0 312.0 312 223 34.1982550384 3.30682185347 0.352773978076 13.1898737408
CHINA micro 6346.0 102 69824.8441079 0.276373321057 0.053 0.137249310367 0.22706290206 -0.0447679558252 0.515347741479 0.097450033117 0.32492908919 0.815077907284 2062.0 52.7734005673 6.00647966757 1.55188211185 102.0 102.0 102 79 11.5355008259 1.28041318575 0.287771340692 26.2687738873
CHINA micro 2335.0 13 56495.4230769 0.132612715251 0.3822 0.0873620448795 0.523373414594 -0.557026421574 0.722119213256 0.44781845878 0.343040685225 0.798734094796 801.0 55.9314775161 1.59907133799 -0.441057973895 13.0 13.0 13 10 1.5472357198 0.269029503329 0.303633477354 21.4803923435
CHINA micro 5723.0 222 40606.3990257 0.421286695502 0.0162 0.176170215259 0.308604603205 -0.0158601172106 0.517418472242 0.0695471176602 0.521230124061 0.721502626544 2983.0 56.8757644592 14.3481887351 1.62837140741 222.0 222.0 222 158 25.5424936052 2.93454721546 0.448590271204 7.17710474593
CHINA micro 5746.0 314 15256.2295843 0.447766641081 0.0215 0.180501747694 0.381320929985 -0.0109296951632 0.644264106953 0.126564208132 0.37556561086 0.852184646012 2158.0 43.0386355726 16.6850083743 1.40160318879 314.0 314.0 314 222 36.15880617 4.14235044113 0.331793723567 15.9057669324
CHINA micro 3593.0 68 30308.7943371 0.306159901158 0.0855 0.136240195977 0.391799413893 -0.0676650143292 0.640916214256 0.208128553125 0.379070414695 0.827994006653 1362.0 51.3220150292 6.61886305784 0.830253174268 68.0 68.0 68 65 8.18396299264 1.13443679466 0.334796068015 15.4590180962
CHINA micro 7192.0 107 39026.3778875 0.22481861545 0.1046 0.117914954018 0.301040616261 -0.0498793665166 0.648471219149 0.185861029946 0.192436040044 0.910677271186 1384.0 34.3715239155 4.74772909723 1.04896411007 107.0 107.0 107 90 11.9359630052 1.26170823695 0.170541998574 646.085055671
CHINA micro 6499.0 262 35793.5826533 0.410760374419 0.017 0.173082546328 0.325895117158 -0.0136910401037 0.561780208652 0.0836494933114 0.4676104016 0.774999768568 3039.0 50.4846899523 15.539647423 1.54148046801 262.0 262.0 262 195 29.7286708704 3.24996005278 0.407695663541 8.95519525821
CHINA micro 5160.0 207 26184.9316167 0.378438809301 0.0233 0.159796496039 0.358409167509 -0.0188401832879 0.592740866716 0.109671356001 0.448449612403 0.792578495884 2314.0 48.8953488372 13.7859021438 1.19662048797 207.0 207.0 207 142 24.0972541075 2.88167829007 0.392460531271 9.85040413007
CHINA micro 6627.0 130 64999.170006 0.296041829713 0.0387 0.139504051551 0.27986326334 -0.0345397769273 0.557228418095 0.109025676647 0.423419345103 0.801382349015 2806.0 49.2530556813 9.90643249497 1.32622405217 130.0 130.0 130 104 14.6609110411 1.59692627648 0.372083837756 11.3427706894
CHINA micro 7988.0 125 63172.152 0.260452751934 0.0612 0.127621353423 0.293998998498 -0.0393707702978 0.609365055205 0.144819471114 0.314471707561 0.869235939538 2512.0 43.0270405608 7.96891796569 1.12663211533 125.0 125.0 125 106 13.7997105862 1.39859182345 0.278572508165 29.9114199481
CHINA micro 6072.0 153 63893.8351393 0.377012525492 0.0242 0.172825021835 0.21215027513 -0.0234815038904 0.440639660006 0.0537906252553 0.459486166008 0.730049951743 2790.0 67.8194993412 9.44596725237 2.1544838778 153.0 153.0 153 104 17.4483141809 1.96347578395 0.401275355246 9.31304303906
CHINA micro 12472.0 207 111149.354064 0.287852777243 0.0318 0.137110956951 0.262911240018 -0.0220825365425 0.562641328794 0.0926880254934 0.339640795382 0.847971065192 4236.0 50.4890955741 10.6694021823 1.32139915912 207.0 207.0 207 171 21.8422995477 1.8535414156 0.300663837995 22.2609116425
CHINA micro 6763.0 240 32224.4238319 0.344087332563 0.0241 0.153305560628 0.330192468825 -0.0169668232247 0.602670027726 0.109600653365 0.405441372172 0.827447989883 2742.0 44.4181576224 14.5141214194 1.29075080582 240.0 240.0 240 163 27.0998965509 2.9183780352 0.357137272472 12.7268935361
CHINA micro 5217.0 134 48299.1307934 0.350687068919 0.0306 0.155425638009 0.28599955942 -0.0299572438254 0.524713738793 0.0907169316059 0.466551658041 0.756517054414 2434.0 61.1270845313 10.0305273031 1.5016653312 134.0 134.0 134 107 15.5379680241 1.85521556794 0.406862291419 9.00016938707
CHINA micro 7799.0 164 71702.2607736 0.313950315476 0.0308 0.141605269847 0.303370663531 -0.0269594205366 0.557223007771 0.0990550043317 0.419669188357 0.801751454979 3273.0 52.8785741762 10.9854575564 1.16722087421 164.0 164.0 164 131 18.1884102392 1.8570533817 0.368986634805 11.6064977488
CHINA micro 12368.0 194 99645.5343197 0.280431465622 0.0394 0.144366752261 0.200784198664 -0.022339633185 0.529600261464 0.079164379743 0.230352522639 0.869121938015 2849.0 45.7794307891 7.53946661591 1.85748890711 194.0 194.0 194 152 20.4820872683 1.74442375307 0.204144286885 155.00268837
CHINA micro 7955.0 109 99188.1848454 0.262741446032 0.0514 0.130351233864 0.254405803286 -0.0441783177686 0.535691329365 0.105030667308 0.325707102451 0.821546592417 2591.0 56.1910747957 6.6330224465 1.3260758857 109.0 109.0 109 92 12.02464258 1.22209904845 0.288454688043 26.0272784785
CHINA micro 4674.0 89 48203.9570991 0.305302238708 0.0547 0.145539724824 0.256340357608 -0.048289079789 0.54864407106 0.122000358823 0.415275994865 0.794591444327 1941.0 53.8938810441 7.49991556311 1.51737737764 89.0 89.0 89 75 10.4144840197 1.30180415278 0.36534431143 11.9312782412
CHINA micro 7772.0 232 19315.4978355 0.326310309075 0.0551 0.150269907794 0.303010808029 -0.0179204040917 0.651062531228 0.145801386485 0.22092125579 0.921822342049 1717.0 31.1502830674 8.98295952295 1.46928815415 232.0 232.0 232 175 25.7861919395 2.63161036902 0.19578625692 207.799520904
CHINA micro 6560.0 187 48624.9343914 0.373658305697 0.0248 0.163343111633 0.28219561106 -0.0203825388425 0.536070856964 0.0834118315942 0.441158536585 0.784485518293 2894.0 55.8384146341 11.966670914 1.63254781644 187.0 187.0 187 149 21.1634290601 2.30881793217 0.386579326041 10.2422325147
CHINA micro 2149.0 156 2227.95578991 0.470335799689 0.079 0.18795292082 0.443274152558 -0.0210777885773 0.735275829137 0.257923036804 0.25127966496 0.918813191544 540.0 32.8059562587 9.38228585841 1.4235020532 156.0 156.0 156 114 20.201341172 3.36516521153 0.222688415575 89.6996442775
CHINA micro 2929.0 103 11515.0915667 0.329568158028 0.0662 0.145982273627 0.367655881758 -0.0415944994359 0.640905696878 0.181374412325 0.344827586207 0.853383262768 1010.0 47.2516217139 7.92088540014 1.0970410864 103.0 103.0 103 74 12.7780856783 1.90316980561 0.305192578922 21.0887877112
CHINA micro 8324.0 77 187510.331169 0.243602012807 0.0594 0.119544907989 0.321522182767 -0.0683457096054 0.565415800107 0.14024659502 0.431403171552 0.781341233849 3591.0 58.8539163864 7.16997301885 0.761347279832 77.0 77.0 77 72 8.41928184203 0.843965491641 0.378639924295 10.8192853867
CHINA micro 9303.0 275 29915.6385667 0.340077621513 0.037 0.156778962848 0.277423704963 -0.014466170072 0.608546370684 0.107701973463 0.250241857465 0.901652118129 2328.0 37.8802536816 10.336247377 1.6489280737 275.0 275.0 275 200 29.984376801 2.8511573335 0.221768884872 91.9028572182
CHINA micro 5193.0 96 35123.5595395 0.241104833957 0.0776 0.12381941764 0.289698873484 -0.0528804403966 0.612093263914 0.161506486487 0.314654342384 0.865850350549 1634.0 41.90256114 6.74909627024 1.15388614729 96.0 96.0 96 73 11.1045304185 1.33217743079 0.278733365537 29.8408159851
CHINA micro 9815.0 92 203240.30614 0.263777612739 0.0536 0.12379918682 0.357509579393 -0.0551888386956 0.60514862217 0.158578289256 0.434640855833 0.797143964152 4266.0 49.8828323994 8.70081943671 0.582506040898 92.0 92.0 92 88 9.90027151153 0.928629926558 0.381283732518 10.6205828538
CHINA micro 5626.0 215 8517.28958922 0.358993545938 0.0747 0.150707150582 0.415161335659 -0.0192791207165 0.744695571243 0.250328651449 0.223960184856 0.93776299389 1260.0 27.3373622467 11.3927959353 0.93033865613 215.0 215.0 215 179 24.7824185036 2.86641188582 0.198479390067 188.378591426
CHINA micro 8326.0 304 57238.8257339 0.417889444764 0.013 0.177491277118 0.286676485834 -0.0114912734606 0.521509891005 0.0617726211796 0.496637040596 0.746525950764 4135.0 54.9243334134 16.7525711454 1.73394893791 304.0 304.0 304 223 33.5654540389 3.3316193848 0.430152919522 7.88632012226
CHINA micro 4902.0 214 20434.9771401 0.399795977201 0.0251 0.165701400153 0.366790972214 -0.0175458613638 0.612542398615 0.120936402209 0.423092615259 0.814190113162 2074.0 45.9404324765 13.9152033595 1.26432008882 214.0 214.0 214 153 25.0664951624 3.05651914136 0.371814440407 11.3652737494
