CHINA micro 6260.0 239 32605.7779262 0.315959455695 0.0207 0.143236562106 0.28169155293 -0.0182815112533 0.53992702496 0.0766305094026 0.428913738019 0.797789606916 2685.0 53.4664536741 13.658202159 1.22049147901 275.752537679 276.919379099 292 308 27.2250923125 3.02072183151 0.376601238189 10.9772414854
CHINA micro 6442.0 319 26350.6727982 0.309135067291 0.0153 0.144103532822 0.285060131445 -0.0136115451841 0.551843573957 0.0725863437207 0.444271965228 0.794946110499 2862.0 49.4256442099 16.9324916767 1.27484113587 435.30376827 447.10889728 430 489 36.2575200766 3.9744800632 0.389096284624 10.0710522702
CHINA micro 3938.0 122 26162.9464842 0.242881233396 0.0386 0.125374787017 0.260259431017 -0.041081288344 0.518576422829 0.0915403874525 0.419756221432 0.787666809132 1653.0 54.7993905536 8.74585109628 1.20962694629 192.091872924 182.689938145 166 197 14.6163010914 1.94411510589 0.369058640254 11.6002396142
CHINA micro 8465.0 407 17983.67852 0.315082170583 0.0235 0.145691047439 0.280134271629 -0.0105481689249 0.60393455946 0.0903263137335 0.282339043119 0.895648521814 2390.0 39.9881866509 14.8017380125 1.34806667456 488.609640832 522.005524041 527 560 44.8931533821 4.42365172962 0.250194120219 48.2653615909
CHINA micro 2643.0 288 5751.67236498 0.468086889651 0.0145 0.194354288805 0.328911275066 -0.0110179223646 0.557118475046 0.0782286681847 0.484676503973 0.760217990282 1281.0 52.2133938706 16.4704234681 1.74371295712 402.2058123 423.317189932 407 465 36.4228455139 5.60201034128 0.420990824647 8.29142587168
CHINA micro 6132.0 312 18489.5068019 0.311737917323 0.0205 0.142742830754 0.307635857293 -0.0140542162754 0.601080048512 0.0982752489543 0.384377038487 0.843868838584 2357.0 43.5909980431 16.405659428 1.18114597872 385.498224544 394.396388896 402 438 35.6599185076 3.98431366506 0.339328044771 14.8249873183
CHINA micro 5701.0 147 38952.6235206 0.22606898302 0.0374 0.117380790234 0.283221585424 -0.0364758019835 0.556211660379 0.103085263917 0.395544641291 0.818217651602 2255.0 49.5351692685 9.99942565623 0.966903145908 183.644725644 196.213154475 189 208 16.8817414459 1.94689179239 0.348807364526 13.6376364924
CHINA micro 4702.0 174 26208.0110292 0.296478169604 0.0273 0.147261680706 0.208703070838 -0.0244003943273 0.475183033149 0.0613045698399 0.376435559336 0.789176836522 1770.0 61.2930667801 9.10753275016 1.73958029956 251.595450016 251.320413467 241 280 20.4594670525 2.53751101353 0.3325396158 15.7926887412
CHINA micro 4136.0 170 15230.5417334 0.288718376023 0.0376 0.139164556307 0.266020025031 -0.0264793124754 0.555740548596 0.0968050143285 0.305367504836 0.843650739462 1263.0 53.747582205 8.63518816725 1.37959990099 220.12120919 222.619828814 223 249 20.2942439221 2.64337425768 0.270546175488 33.8072656694
CHINA micro 7125.0 176 37341.9082792 0.252762555975 0.0423 0.13881726636 0.175196969697 -0.0256426778257 0.503586139692 0.0715130420099 0.232140350877 0.865592613112 1654.0 45.0245614035 6.73200611931 1.9335150934 228.84323749 233.47707813 236 263 19.7263893323 2.08506804971 0.205728640541 147.155594992
CHINA micro 6040.0 116 86633.3169415 0.256547392962 0.0306 0.135002401124 0.153699474766 -0.0400406743241 0.384424235268 0.0453710453972 0.391225165563 0.718287355818 2363.0 72.2350993377 6.90483218374 1.76627550405 194.534741571 163.839434596 159 191 13.209039274 1.4925865367 0.345150559046 14.0750306761
CHINA micro 6434.0 390 20279.2994793 0.343801992242 0.0133 0.154409220326 0.293964754549 -0.0103635166664 0.567067728735 0.0731752739707 0.432390425863 0.806872083137 2782.0 47.7774323904 18.8785070485 1.35719940081 503.282122925 532.399680731 523 579 44.3590373567 4.86210214844 0.379447010258 10.757904132
CHINA micro 7431.0 278 15322.2121523 0.258469964407 0.0447 0.128421376632 0.283849787348 -0.0175893820357 0.6503827805 0.136698682217 0.25259049926 0.919541756075 1877.0 30.2381913605 12.415318654 1.15590416925 348.515513467 350.103365231 355 391 31.0767509066 3.2249364822 0.223849833752 87.0250801593
CHINA micro 5855.0 334 19466.6822841 0.319512149105 0.0156 0.145885793965 0.310588728606 -0.0128358339635 0.575732906744 0.0822205538401 0.431255337319 0.80790997352 2525.0 47.0879590094 17.4781673768 1.18768718162 454.037595741 465.108904752 453 514 38.3859402561 4.36498762816 0.37851899976 10.8285376558
CHINA micro 7352.0 418 27807.9357911 0.340560092987 0.011 0.15301296336 0.284854298671 -0.00976108461087 0.540337627482 0.060145697441 0.459194776931 0.783074801583 3376.0 50.027203482 19.6364470604 1.32839725394 629.137962136 609.894855412 577 677 46.8395772326 4.87498779329 0.40104399612 9.32644139607
CHINA micro 28334.0 288 529830.257791 0.209104194647 0.018 0.109098795449 0.297459667616 -0.0200625807443 0.567574716525 0.0832132838368 0.430754570481 0.807117790827 12205.0 46.7141949601 16.0805891261 0.296572273375 322.055255976 314.501487135 324 342 27.9950352486 1.7109548255 0.378109251875 10.8599972007
CHINA micro 3699.0 102 28043.4836925 0.261893315049 0.0452 0.136973283051 0.205023615286 -0.0448610261941 0.480205880617 0.0813463556879 0.34171397675 0.783189248886 1264.0 63.8821303055 6.49271840096 1.70289926963 126.612714489 123.952745056 131 144 12.2933592929 1.67709632047 0.302475148263 21.7793069704
CHINA micro 6135.0 137 30111.3487548 0.212284946995 0.0629 0.11576037414 0.246861670801 -0.0396986564001 0.58509554091 0.123458812423 0.261613691932 0.883897952148 1605.0 41.401792991 6.74479467382 1.17578250207 177.370216676 170.429394448 174 195 15.5931734495 1.74909453814 0.231843633806 71.4259404205
CHINA micro 4125.0 314 10223.1345414 0.375403376871 0.0167 0.162171499899 0.325239915074 -0.0122302976344 0.5828518858 0.0879633276648 0.429818181818 0.808762181818 1773.0 46.9090909091 16.8957994532 1.34190158814 440.871878314 445.880701511 431 495 37.5984046704 4.88897336933 0.377342507422 10.91932024
CHINA micro 5543.0 290 18445.9627849 0.32293224599 0.0195 0.147265280547 0.294483878393 -0.0146398656293 0.566965163859 0.0826780418513 0.402670034277 0.823047755255 2232.0 49.8466534368 15.1984816222 1.29514144197 378.318963726 386.417883756 384 429 33.5255497744 3.89516230393 0.354811679963 12.9699576192
CHINA micro 4137.0 139 21576.2548222 0.266988042464 0.0397 0.1326170001 0.251680309125 -0.0340345239523 0.530122203856 0.091878039361 0.326081701716 0.818831852186 1349.0 58.3756345178 7.84194501106 1.33157141511 168.825391243 183.25531684 180 194 16.5711500644 2.16108594981 0.288783651756 25.9123171428
CHINA micro 2943.0 295 7147.22052346 0.445223526861 0.0138 0.191660540757 0.304160979515 -0.0109174092878 0.535447775254 0.0680669265469 0.488956846755 0.754002800289 1439.0 53.8566089025 16.4808355173 1.83524065383 459.941000945 501.691644458 432 513 36.8089645184 5.43784575883 0.424284432888 8.14128441203
CHINA micro 3063.0 271 3106.78217849 0.392830390859 0.0396 0.161794693493 0.401411683069 -0.0142053716624 0.700651914859 0.183925669726 0.288932419197 0.906901099332 885.0 33.7251061051 14.4051488073 1.07270003411 320.64727667 330.46348524 343 364 33.635847892 4.89661312654 0.256026707974 43.2604529953
CHINA micro 5766.0 170 25181.7683258 0.236818867963 0.0439 0.121653645839 0.271306441411 -0.0304070471419 0.595443815672 0.120039261223 0.336108220604 0.866113614212 1938.0 39.8369753729 10.440377199 1.09177010972 224.707162307 217.502401176 219 247 19.5156112621 2.23878094771 0.297574115479 23.1246008981
CHINA micro 13020.0 245 68431.0245902 0.204498531626 0.0398 0.113575540342 0.233443054641 -0.0226353453073 0.582683490916 0.0969985322064 0.256221198157 0.897421844215 3336.0 39.3855606759 9.76807577858 1.17737702475 311.005069514 311.87618922 312 346 25.7540394439 2.14714113504 0.227066534096 80.1977056652
CHINA micro 6346.0 129 81341.2512112 0.220346376395 0.0291 0.116047793506 0.252178629278 -0.0420538273969 0.494107272612 0.0784153893416 0.500630318311 0.733712265949 3177.0 57.4062401513 10.3871197266 1.01917614795 167.39314675 161.042170483 164 184 14.6192485715 1.61934608787 0.433183318109 7.76059269566
CHINA micro 6216.0 409 18754.1886236 0.365609900984 0.0122 0.161356811834 0.288243841117 -0.00943903634613 0.549055244097 0.0641254054348 0.438223938224 0.799522529976 2724.0 49.6138996139 19.0519240029 1.44022590597 599.410194314 616.232853062 571 665 46.7092749556 5.18761580944 0.38419940017 10.4091305469
CHINA micro 9463.0 120 66397.1478291 0.158651412871 0.0863 0.0975428093797 0.251447743844 -0.0539617877496 0.615059417551 0.15128491926 0.23259008771 0.903432110528 2201.0 36.7008348304 5.87806067713 0.939515486738 150.003170577 153.575823306 151 167 12.998156056 1.23357859809 0.206127190479 145.26960602
CHINA micro 10145.0 115 66349.5926773 0.157130210781 0.1058 0.0985086575262 0.222521267705 -0.0557470899528 0.605673093953 0.146539845967 0.117200591424 0.917812526644 1189.0 22.7994085757 3.44368110808 1.09052251056 149.803430599 143.788702625 145 163 12.3580769013 1.14175208843 0.103866319799 1167955.05486
CHINA micro 5907.0 163 60045.6646217 0.277516990602 0.0215 0.142798889359 0.181925156905 -0.0268903987787 0.401619058821 0.0415736767018 0.428305400372 0.715084314751 2530.0 74.0815981039 9.02458764121 1.75447078736 237.701170802 271.356556416 231 269 18.6552267684 2.12082150748 0.376102277356 11.0165482037
CHINA micro 5165.0 147 24704.8443761 0.23659031163 0.0479 0.122902997736 0.257008514926 -0.0347982530983 0.568549638236 0.110066868594 0.296224588577 0.857991788876 1530.0 50.087124879 7.86475512476 1.19949871968 175.777501461 189.881360353 188 201 17.0767017033 2.04541846312 0.262472868733 38.6085238436
CHINA micro 8627.0 141 93719.3371834 0.183938606167 0.0387 0.102026388337 0.315613113045 -0.0438740670037 0.590020294132 0.125277531244 0.414628491944 0.816613754207 3577.0 46.8181291295 10.8821313734 0.572522104 185.885202875 177.401714075 175 197 15.4480165927 1.51806096694 0.364806213933 11.9806633965
CHINA micro 6159.0 448 21889.0436192 0.414795933021 0.0086 0.179982276015 0.267399044372 -0.0076838845888 0.497832159796 0.0444915891153 0.503328462413 0.739830704336 3100.0 54.895275207 20.3607189681 1.76185981992 624.401698284 678.631616202 633 722 51.2281595656 5.70851191615 0.435222796079 7.6781344977
CHINA micro 2554.0 66 14568.2759907 0.230475544921 0.0945 0.12083154288 0.274186659073 -0.0788672087631 0.584469306783 0.162670406069 0.324980422866 0.839677530724 830.0 49.2169146437 5.0357517441 1.17131053017 70.4017234626 73.3241207076 77 76 8.28509281048 1.30597086722 0.287816433035 26.2527252775
CHINA micro 3235.0 54 26772.0856045 0.213964293162 0.1202 0.11003846061 0.360117923178 -0.106068491838 0.65626488601 0.239734935528 0.351777434312 0.845897149846 1138.0 45.3168469861 5.55339411289 0.336865778591 62.4025974026 59.2543136297 61 66 6.5579578275 0.949416155091 0.311244719206 19.6768252796
CHINA micro 5213.0 357 22283.6784219 0.402202747821 0.0095 0.176722649068 0.259403742314 -0.00983012880232 0.475219173146 0.0430713780047 0.537118741608 0.705280506035 2800.0 57.27987723 18.2897618416 1.7496337682 578.259835163 579.027172535 517 620 41.5940776756 4.94452245633 0.460218484235 6.79048940518
CHINA micro 6370.0 129 29846.2374031 0.200301024878 0.0761 0.111328140807 0.241710780913 -0.0438759527614 0.603013297537 0.138574897976 0.241444270016 0.898097981857 1538.0 35.5416012559 6.07205529156 1.07726484603 167.393123952 165.293103448 164 184 14.6129485189 1.61629263558 0.213973423916 114.172349192
CHINA micro 3002.0 123 18429.1940557 0.323881847798 0.0316 0.155860467758 0.210277159401 -0.0325415693054 0.449675418739 0.0631574103569 0.358760826116 0.742384712657 1077.0 71.1858760826 7.49012689247 1.89208173737 159.650506569 164.967551459 165 184 15.2366031934 2.24491430568 0.317305656961 18.4163815217
CHINA micro 2555.0 16 54034.7625 0.119966920089 0.3348 0.0828935991966 0.445694716243 -0.477281927914 0.696289072051 0.392874398234 0.250880626223 0.81333971607 641.0 48.7671232877 1.39266050107 -0.472769614127 28.0046985121 31.7846153846 20 24 1.91184909838 0.3165370353 0.222334856305 90.537600431
CHINA micro 7111.0 414 10792.5233124 0.330328059951 0.0267 0.14917088403 0.30919674696 -0.0101191504909 0.642189998045 0.113633034151 0.2760511883 0.909436697995 1963.0 34.059907186 16.3159427547 1.29411336789 552.775818175 530.335136774 543 613 46.5646025305 4.90947442283 0.244628959307 53.9202548067
CHINA micro 12794.0 654 49914.0412399 0.354095748905 0.0076 0.156796048625 0.267177035872 -0.00608217925972 0.52967570307 0.0459397771325 0.439033922151 0.799347124889 5617.0 49.8827575426 24.1804679393 1.41726569089 823.472705724 865.879688186 864 945 69.0513412361 5.78195324033 0.384857015272 10.3625120321
CHINA micro 6986.0 320 16848.0403997 0.287381829791 0.0276 0.132474973391 0.343290151732 -0.0148000637635 0.64759226746 0.128243937506 0.321786430003 0.886750762168 2248.0 36.6160893215 15.9333047213 0.863317045147 423.685728007 409.461582988 411 463 36.038424042 3.8285620281 0.285009531717 27.2831872619
CHINA micro 3352.0 318 7764.65289764 0.439890109928 0.0142 0.187106414492 0.305444229297 -0.0103896542839 0.551487981022 0.0725285790646 0.463902147971 0.777790198279 1555.0 51.0739856802 17.0386799723 1.77045270952 463.134206885 470.19843581 451 524 39.0523343163 5.49256386004 0.404772410411 9.11485254323
CHINA micro 5462.0 197 46617.9040713 0.341213751908 0.0163 0.155995084943 0.219180233714 -0.0202995781288 0.414958138832 0.0405911370576 0.517759062614 0.688653177287 2828.0 71.6038081289 11.7646670943 1.7061895968 237.26619559 250.088322793 256 273 22.7759454773 2.6655717574 0.446020550232 7.2684177534
CHINA micro 8433.0 108 62369.8901869 0.162048574034 0.0898 0.099944928416 0.232993398949 -0.0584934110245 0.579134379122 0.131337272198 0.148701529705 0.896899323859 1254.0 29.7403059409 3.90517897996 1.05905208661 142.210953347 142.562864087 140 158 11.8364038287 1.17606873669 0.13178329948 13564.3900378
CHINA micro 1529.0 91 2248.36043956 0.281781444906 0.1127 0.139384457152 0.302963223827 -0.0493862609741 0.653119022037 0.200356903964 0.224983649444 0.902455727314 344.0 33.6821451929 4.70041456142 1.35774801961 117.58881825 125.731692329 122 136 12.2743410039 2.32722112026 0.199386392141 182.402849675
CHINA micro 5580.0 118 50887.8991743 0.197499019425 0.0424 0.108435020416 0.289229086933 -0.0492719733046 0.556767694179 0.113175559428 0.424014336918 0.800306008402 2366.0 51.8100358423 9.42530581956 0.836284964922 172.792428127 166.476033058 154 179 13.5621605112 1.57966468017 0.372574204931 11.3020183738
CHINA micro 5159.0 355 14138.4756426 0.355384720416 0.0148 0.157428883699 0.310632860938 -0.0111579961812 0.574834630371 0.0797706268079 0.429540608645 0.809132467923 2216.0 47.0052335724 17.9776230075 1.33872937096 514.683126254 523.357926678 491 570 41.4107833086 4.94248760813 0.377115083606 10.9370308029
CHINA micro 6781.0 199 49359.868027 0.297535014757 0.0231 0.152131158478 0.174329841213 -0.0206267160027 0.431126595059 0.0444297020958 0.367792361009 0.782429483597 2494.0 58.8408789264 9.043564859 2.03080440644 265.877332338 285.729876064 274 308 22.4441959176 2.41660797424 0.325110305352 16.9853477335
CHINA micro 3887.0 91 47632.184127 0.248657536181 0.0373 0.122336632978 0.285089492447 -0.0564793672262 0.507505156572 0.0985319366321 0.530486236172 0.705275327196 2062.0 60.3035760226 8.86628271409 0.901934655756 96.6771362201 102.782075161 106 103 10.8887745269 1.4596008984 0.455391145681 6.9459201616
CHINA micro 5094.0 145 43882.1840996 0.294004418682 0.0275 0.13996762202 0.233302194604 -0.0308607713586 0.461642489412 0.0621458133236 0.446996466431 0.749584451495 2277.0 62.6423243031 9.24115862284 1.44792245266 163.529953393 172.494993316 178 183 16.8700866093 2.03160153326 0.391292020975 9.92601269464
CHINA micro 5660.0 389 18412.8718363 0.378901369716 0.0114 0.162718390358 0.308985166278 -0.00983760811425 0.543571794867 0.0633388295707 0.468197879859 0.774421331269 2650.0 51.3604240283 18.9367807524 1.34164593734 523.399584436 558.571799783 531 599 44.901279364 5.17060528474 0.408157656967 8.93044589216
CHINA micro 6877.0 401 24529.9875561 0.334204886704 0.0119 0.151816908669 0.289106012053 -0.0102582166855 0.55069475003 0.0653387673781 0.452232077941 0.790034340929 3110.0 48.5676893994 19.2917868692 1.32592620062 580.499785677 600.187142362 556 645 45.2696713736 4.83553866709 0.395493532984 9.65908603644
CHINA micro 6953.0 256 45827.5860141 0.289450626707 0.0159 0.141278773617 0.235680079642 -0.0173121378792 0.498223776674 0.0582085567799 0.484970516324 0.754368118837 3372.0 54.9259312527 15.0291692756 1.46750490955 316.238752202 349.753952695 339 366 28.8235628893 3.07010939474 0.421217585208 8.28091916277
CHINA micro 3245.0 183 11416.0652735 0.341298847163 0.0269 0.156706773617 0.269393013211 -0.0217492110038 0.53308507146 0.0828150122001 0.415100154083 0.797221279152 1347.0 56.9183359014 11.1344596262 1.60197980892 245.049890923 252.130449361 247 279 22.51118272 3.21250445912 0.365198213479 11.9446501185
CHINA micro 6266.0 582 6033.85580023 0.389475344249 0.0189 0.166612019486 0.353649708293 -0.00641466090908 0.669703053116 0.120599888524 0.289339291414 0.90899436606 1813.0 32.7481646984 21.6393828297 1.34170213293 825.51712412 860.42895182 807 929 66.4539722339 7.35237736521 0.256386514213 42.9782878119
CHINA micro 3154.0 121 10806.5289256 0.274108210309 0.0596 0.134953910761 0.265374678357 -0.0384003158041 0.58117003612 0.12695838191 0.305009511731 0.861375616272 962.0 44.8953709575 7.01286475094 1.35417265294 146.76426632 149.016224104 154 167 14.8949408296 2.15453982363 0.270230283058 33.9769667487
CHINA micro 2680.0 277 5791.73463088 0.443400875506 0.016 0.186609732237 0.332062611132 -0.0119611214971 0.561638096179 0.0816633731106 0.468656716418 0.773829360659 1256.0 51.5298507463 15.9638477192 1.65865254702 415.337332693 446.51664109 398 467 34.9651586671 5.35072180931 0.408518272766 8.91121721945
CHINA micro 6959.0 392 29180.8107352 0.338448499297 0.0107 0.152386649292 0.287308536002 -0.0104529723304 0.523934296997 0.0558588506214 0.481247305647 0.761846184623 3349.0 52.8667912056 19.020746323 1.29335586247 642.601667726 594.143518438 550 659 44.1918211149 4.69907794412 0.418340285684 8.41615254485
CHINA micro 4540.0 354 6096.95507434 0.365487933398 0.0263 0.160059487009 0.330890514946 -0.0109978320317 0.640092020757 0.1184562863 0.300881057269 0.892756991209 1366.0 39.2290748899 15.3049059093 1.35820812864 490.799362787 501.95445594 481 550 41.9205935813 5.25382176818 0.266585986883 36.036724236
CHINA micro 6835.0 225 31960.8343254 0.276050884399 0.0282 0.135181231197 0.242272616435 -0.0206150466083 0.546647235957 0.0817473834514 0.359034381858 0.842309576393 2454.0 48.9978054133 11.7322603366 1.3636099438 287.098637628 284.425834791 290 322 25.3686042651 2.72153083132 0.317542631405 18.3699115628
CHINA micro 5105.0 140 45164.6246146 0.243986609237 0.0288 0.123608269036 0.269007975374 -0.0363244032593 0.503015160611 0.0792070278122 0.470323212537 0.751965511717 2401.0 61.7825661117 10.2223790989 1.09763133119 174.900453545 179.93071649 181 199 16.2802055646 1.95943184713 0.409826453022 8.84211630774
CHINA micro 3573.0 209 24257.2600294 0.427157873283 0.012 0.176682638555 0.267684132857 -0.0167951819591 0.432927456663 0.0437649462451 0.629722921914 0.599995190473 2250.0 66.3308144416 14.2026804898 1.59728416985 252.328582364 254.641694224 268 288 25.4242647968 3.49646977216 0.523859406447 5.24136339707
CHINA micro 7898.0 227 104769.350747 0.340913659361 0.0115 0.162531516671 0.152714176232 -0.0168785332685 0.340091713851 0.0235751181581 0.589136490251 0.61601024611 4653.0 77.0828057736 13.2460525434 2.08530187161 333.37710523 342.495348744 318 371 25.1828406782 2.55427288125 0.496797782145 5.80432807572
CHINA micro 8933.0 125 131914.57329 0.217842814291 0.0376 0.11579283298 0.229541699317 -0.0434972577526 0.521510864575 0.0919676489398 0.437479010411 0.787016079966 3908.0 50.4981529162 9.63045752684 1.05545463403 132.352174387 135.362745396 142 141 13.6301068322 1.32254770436 0.383594115402 10.4523838602
CHINA micro 8593.0 611 23880.1778863 0.38329278952 0.0082 0.169572290355 0.280012677315 -0.00599845668396 0.544761883812 0.0523613350385 0.439194693355 0.801085741889 3774.0 48.3649482137 23.6710765956 1.58601591161 903.130912682 973.869492188 869 1014 67.3385568236 6.59126548057 0.384987477417 10.3533094964
CHINA micro 5246.0 245 15133.7350953 0.311572445764 0.0295 0.141228290781 0.315739105402 -0.0180961009445 0.605876187099 0.110756402664 0.34483415936 0.86174096445 1809.0 45.0438429279 12.9876275878 1.12198396346 288.067033029 296.002992139 306 325 28.4872971088 3.38261009969 0.305198311921 21.0873699201
CHINA micro 5403.0 156 52997.2140199 0.25433297755 0.0223 0.128861901851 0.235570694344 -0.0312350564063 0.479343880465 0.0661471394429 0.526004071812 0.712195762946 2842.0 58.7821580603 11.7588640995 1.28262349675 215.313303428 210.837500941 207 237 18.0343498039 2.12230166403 0.452107257381 7.05570286335
CHINA micro 5910.0 467 13043.4152246 0.391910550573 0.0122 0.175682875954 0.278254836103 -0.00756151891706 0.564378987435 0.066738407711 0.410490693739 0.823837426027 2426.0 45.668358714 20.318610793 1.76098931062 686.148192023 742.623132865 671 781 53.6594284483 6.07467629157 0.361360012 12.3059418887
CHINA micro 6830.0 142 31417.2951753 0.225736115585 0.069 0.119908747193 0.24709751923 -0.0369455565643 0.59577761572 0.128759823022 0.182869692533 0.897996480088 1249.0 35.0219619327 5.60126359292 1.22388587566 153.746400675 155.39643028 166 167 15.9699539202 1.71821692452 0.162064045135 1059.23380842
CHINA micro 9270.0 503 36222.5124393 0.347117234302 0.0093 0.155739040177 0.268505043096 -0.0079639404365 0.532210104689 0.0525960787542 0.455124056095 0.786408441936 4219.0 50.6472491909 21.4751707945 1.42387056639 693.546871007 705.889342612 684 780 54.9562510778 5.22430012139 0.397804090304 9.51794738205
CHINA micro 982.0 35 2513.34957983 0.249506679667 0.2438 0.120142769617 0.499447192319 -0.149594399713 0.753716069082 0.399442743411 0.271894093686 0.882813245341 267.0 40.3258655804 3.51432144502 -0.0946110190853 91.0570846075 45.3919663103 43 51 4.93498068003 1.11689488098 0.240948456999 58.2329941497
CHINA micro 2866.0 250 3427.50271486 0.39301743407 0.0371 0.16231953452 0.391706908583 -0.0153466192194 0.677103592399 0.164815812097 0.309141660851 0.892097790638 886.0 37.4040474529 13.6017578042 1.10099352282 326.053933874 315.986102919 325 364 31.2787640252 4.66983908385 0.273875245725 32.0980163119
CHINA micro 7289.0 387 27672.0140311 0.33261973796 0.0127 0.149252484394 0.289942758246 -0.0108189969645 0.551859055957 0.0668261002173 0.443682260941 0.796371531375 3234.0 48.5114556181 18.7577462214 1.25856059932 548.086320104 530.889001303 520 599 43.3994514089 4.53290888934 0.388620190816 10.1030223885
CHINA micro 8566.0 134 77799.5582987 0.198566764424 0.0503 0.111150302734 0.233800063423 -0.04230776808 0.555122453732 0.106493578391 0.335045528835 0.851519936477 2870.0 46.6028484707 8.23139272433 1.14581847838 155.602521891 155.651675702 162 173 14.687115587 1.44782397285 0.296643850453 23.3956223008
CHINA micro 4540.0 141 37107.5174265 0.261288927636 0.0274 0.131899338833 0.238849314213 -0.0337396945965 0.48814983845 0.0728429491338 0.486343612335 0.740862718081 2208.0 61.3436123348 10.4950924178 1.36728563641 206.529585345 188.371472067 188 219 16.6257311654 2.09262392461 0.422275574737 8.23223328517
CHINA micro 5043.0 159 46854.3814187 0.28221689692 0.0211 0.150610903552 0.175468330845 -0.0260865495611 0.410134773136 0.0442780993513 0.511203648622 0.702619302277 2578.0 65.8139996034 10.6426688885 1.98739889758 269.436993406 299.713309174 236 287 18.5320799913 2.23899250735 0.44113836438 7.44828249406
CHINA micro 4276.0 376 9340.46899291 0.40624332683 0.0137 0.177152683781 0.30162659475 -0.00930952824388 0.568142955635 0.074787282437 0.432881197381 0.805771723046 1851.0 47.3105706268 18.4465356042 1.65064809798 596.051461988 588.101136614 541 645 44.8523106409 5.75001525194 0.379847918984 10.7276519155
CHINA micro 11902.0 420 71304.5345835 0.298805931276 0.0112 0.135319657305 0.303276360116 -0.0110321306141 0.547612981201 0.0628229358994 0.455469668963 0.786711908526 5421.0 49.8487649135 19.7044117256 0.904058269635 510.833319843 501.077626106 520 566 44.6482720007 3.84981018765 0.398079730042 9.50136802103
CHINA micro 4453.0 396 12740.4588352 0.458750183833 0.0099 0.193907847209 0.286007957409 -0.00803267996636 0.513460831903 0.0520714966523 0.500112283854 0.743683421764 2227.0 53.8962497193 19.1967538784 1.90565792774 541.569413353 583.453217737 557 630 47.0163467684 5.93429099106 0.432791000449 7.77665102844
CHINA micro 8149.0 504 23582.6335282 0.349325611269 0.011 0.15439455739 0.299131795312 -0.00802018021095 0.575703241277 0.0694994160093 0.417842680083 0.819387002729 3405.0 47.2082464106 21.4334831656 1.28167368902 678.032655756 687.196188168 680 768 55.8538220019 5.58313819259 0.367474131861 11.7393887716
CHINA micro 7592.0 356 15552.6090204 0.318893820295 0.0285 0.151976498531 0.240838967097 -0.0115422948387 0.57317920749 0.0788807806326 0.253292939937 0.901401224016 1923.0 35.0368809273 11.5436746794 1.67531297225 498.927917031 509.069941164 488 560 39.7320589019 4.08575102436 0.224472195118 85.6394862211
CHINA micro 5451.0 149 31982.7851442 0.240476146352 0.0404 0.123935709543 0.256927181639 -0.0340378289389 0.543734779925 0.0958970932215 0.362135388002 0.833984975332 1974.0 47.1656576775 9.08388548144 1.2068933536 195.054960529 190.967674597 194 218 17.2021927052 2.01812553457 0.320226484988 17.8573300647
CHINA micro 5944.0 223 25849.7135701 0.274445237895 0.0269 0.138832197818 0.23464819632 -0.0202359200684 0.534841305654 0.0767069828667 0.377523553163 0.833091356021 2244.0 46.736204576 12.1433781944 1.53101073901 325.975070683 338.556651383 309 360 25.5462008274 2.8924473517 0.333471847548 15.6533225355
CHINA micro 2882.0 278 5954.77464094 0.428317107926 0.0178 0.178458855086 0.344971767208 -0.0124941926774 0.58819932066 0.0952692682692 0.443095072866 0.797812982637 1277.0 48.2997918112 16.0094116551 1.49251480861 352.461927119 390.279923957 378 412 34.7717377043 5.17842639521 0.388145833094 10.1350641768
CHINA micro 10631.0 437 21140.1013898 0.289086367068 0.0273 0.137841194972 0.276929199976 -0.0104029782237 0.603205459107 0.0875043525665 0.213714608221 0.916157660714 2272.0 33.5998494968 11.7505908436 1.26296824926 562.744312156 587.265255413 578 641 47.0256820199 4.23832619067 0.189399597142 266.300784875
CHINA micro 3128.0 118 13055.1751412 0.255464885458 0.0515 0.126708872786 0.30663986302 -0.0420148386849 0.574034517942 0.123626959266 0.298593350384 0.835413859472 934.0 55.9462915601 7.1420677795 1.06303624678 160.619685825 159.18262584 156 178 14.5375040301 2.10983569256 0.264565563977 37.2651601384
CHINA micro 6419.0 170 57026.6456317 0.275758882568 0.0245 0.133956224074 0.234831337115 -0.0275417597554 0.481420208953 0.0642116521195 0.459884717246 0.760217885051 2952.0 56.7689671288 11.0272396103 1.32504060625 203.47460268 202.528586146 211 228 19.2767948349 2.12185270903 0.401591678558 9.29478279319
CHINA micro 3412.0 358 8892.30577594 0.469031792339 0.0101 0.197908358575 0.309287955098 -0.00869397145884 0.517374172956 0.0558997988448 0.520515826495 0.724519625238 1776.0 55.978898007 18.4506109297 1.8096766463 586.066842568 616.739324333 530 638 43.8841590985 6.12884326871 0.448062324433 7.19568178692
CHINA micro 6458.0 147 29010.0638338 0.223211905857 0.0628 0.120314910863 0.229965259563 -0.0355655226905 0.574244166673 0.113437072124 0.227469804893 0.891641308861 1469.0 38.3555280273 6.00126337177 1.30779747822 196.704666301 183.276724534 188 213 16.6418275018 1.82922999605 0.201589632323 168.940502685
CHINA micro 6750.0 259 32639.0116728 0.296957933491 0.0205 0.147881513457 0.21696038896 -0.016321316029 0.504641746714 0.0601317133854 0.405481481481 0.81131891358 2737.0 50.0148148148 13.4216930431 1.73120441283 349.546747666 384.481078509 357 403 29.2606653789 3.15244760875 0.357170889728 12.723440083
CHINA micro 7430.0 365 19633.3947765 0.326834672915 0.0207 0.151809922522 0.250476594332 -0.0112705248336 0.555774862465 0.0701912057703 0.259892328398 0.867805176714 1931.0 50.1211305518 12.5890431303 1.51655493204 548.578105744 521.778322029 503 590 40.8379354781 4.2344641227 0.230318787716 74.0652619395
CHINA micro 5206.0 127 18947.5951756 0.20853000233 0.0821 0.117635293331 0.232396901213 -0.042126574215 0.602260002966 0.138843291558 0.20802919708 0.904038072445 1083.0 35.8432577795 5.29471922921 1.32738887045 167.061749357 162.441658447 166 187 14.7238109547 1.76015794004 0.18436105629 329.346466418
CHINA micro 2626.0 55 25960.9710438 0.233741848851 0.0821 0.116505780121 0.350515820813 -0.0982388612696 0.586117008799 0.175419258812 0.439451637471 0.778523859768 1154.0 54.9504950495 6.13873906826 0.618563648034 61.2245925926 59.5321165504 63 67 6.85869570516 1.07328566435 0.385195936341 10.3386366265
CHINA micro 6651.0 127 36674.9651294 0.200222712764 0.0701 0.109886452362 0.259631788246 -0.0451636357061 0.597171395693 0.135269374973 0.219816568937 0.887662054543 1462.0 42.6552398136 6.06211125141 0.971557754901 161.44962406 155.885706492 158 176 14.3140787228 1.55725683971 0.194807267465 215.542878521
CHINA micro 2087.0 51 15355.3537255 0.227589595361 0.1001 0.116326017062 0.314580456044 -0.106111299653 0.57460002527 0.171513706692 0.35745088644 0.804119507692 746.0 55.2946813608 4.48139870903 0.833858752546 59.1857404341 60.199200687 61 66 6.54152048325 1.11637204179 0.316170410008 18.6418163316
CHINA micro 3977.0 118 36419.3386209 0.266066681693 0.0305 0.130742178621 0.251910348913 -0.0406832749717 0.471251468355 0.0723982801707 0.485541865728 0.722119752064 1931.0 68.1418154388 8.94398968249 1.22704910131 175.927609133 153.480636478 155 181 14.1163132777 1.87113107669 0.421658023428 8.26058456198
CHINA micro 8123.0 302 24571.9329498 0.271817413699 0.0287 0.129770741495 0.300699999103 -0.016018509201 0.616691576831 0.109094975184 0.307152529854 0.88459718241 2495.0 42.4596823834 13.7311906677 1.0010762851 395.244355766 377.084432135 385 432 33.4353246882 3.35080161694 0.27212098035 32.9810558941
CHINA micro 2519.0 80 13763.4681962 0.256067507496 0.068 0.123027035297 0.350282850337 -0.0638756921243 0.614578142083 0.174397244084 0.403731639539 0.816144266654 1017.0 48.0349344978 7.62017003776 0.620952140148 100.408101668 94.2825960763 98 109 10.0873162225 1.59395443796 0.35570318998 12.8758009209
CHINA micro 7511.0 396 24917.4191727 0.321256579152 0.0143 0.145642643227 0.297864478899 -0.010844905596 0.576180929302 0.0769277634471 0.412328584742 0.823011227788 3097.0 45.3201970443 18.8289340932 1.20110122666 545.78464792 541.924231346 530 605 44.2620479942 4.56926456569 0.362892318649 12.1593596336
CHINA micro 7040.0 477 28446.8136022 0.417124143152 0.0076 0.179318597145 0.263681925386 -0.00724491553582 0.486240877409 0.0400492174205 0.519602272727 0.724694400504 3658.0 55.2698863636 21.2106932432 1.75338220048 625.788257983 700.938211748 658 730 53.7284651129 5.68502068838 0.447386450361 7.21960136675
CHINA micro 3300.0 156 9716.41488834 0.302652403125 0.0443 0.140788398216 0.297296037296 -0.0285119341703 0.600443811995 0.127366960547 0.341515151515 0.855293663912 1127.0 46.8181818182 9.64812084436 1.23907142543 194.278266141 190.646900156 198 218 19.1318397043 2.71561143291 0.302301502703 21.8247183844
CHINA micro 5563.0 160 30946.2920991 0.268397871551 0.0378 0.13719941154 0.211893312961 -0.0285502802397 0.522073398866 0.0826953807432 0.341542333273 0.834753477796 1900.0 51.8425310084 8.66283682648 1.62729951843 182.612760502 192.976214286 200 206 18.4371493827 2.14518846329 0.302325242929 21.8185005361
CHINA micro 8652.0 499 32358.6099669 0.353442958398 0.0092 0.158872486568 0.270183455214 -0.00786288306634 0.5293798961 0.0518302065841 0.459200184928 0.782724669659 3973.0 50.3005085529 21.4067224543 1.48155798908 697.525738943 722.105889067 688 788 54.933261791 5.36466108291 0.40104829068 9.32619236124
CHINA micro 4254.0 147 14231.6332122 0.239862434513 0.0559 0.127095508731 0.250064764975 -0.0336208341427 0.598333348397 0.128802429099 0.295721673719 0.878378578506 1258.0 43.8410907381 8.36443824938 1.34577294349 197.145121091 194.93735831 195 221 17.473279953 2.25381669703 0.262028480812 38.9035846674
CHINA micro 5400.0 263 20972.3949438 0.324299812947 0.0198 0.143377336372 0.323919166315 -0.0165963607811 0.576394900762 0.0909265834711 0.427222222222 0.807762620027 2307.0 48.5185185185 15.1126567093 1.03244139089 325.73889104 320.685591474 333 365 30.4858387353 3.57897667973 0.375213104428 11.0872391393
CHINA micro 3316.0 299 3291.4448385 0.38774197133 0.0361 0.159308336195 0.408149803729 -0.0130848981809 0.700816953501 0.178939848968 0.286188178528 0.907453680732 949.0 35.9770808203 14.9399514672 0.953188927444 399.689188182 382.600803887 392 443 36.7605583636 5.19234961956 0.253599537898 45.2411680238
CHINA micro 5304.0 406 13447.2255185 0.382792927144 0.0126 0.172334559705 0.278033494565 -0.00887540449967 0.554544456274 0.0665689319454 0.434389140271 0.803947943895 2304.0 48.0015082956 19.1017576587 1.69936075136 592.845043146 633.9122904 581 675 47.2236211032 5.57473561927 0.381078500086 10.6357660662
CHINA micro 4842.0 252 16481.1889585 0.338476325653 0.022 0.150043320776 0.299049979347 -0.0165240137297 0.569824432125 0.0890630653836 0.407889301941 0.819585391558 1975.0 48.8434531185 14.2442353242 1.26750326819 299.403729507 313.282392343 321 341 29.5813247711 3.6214971539 0.35918682588 12.5193885825
CHINA micro 2925.0 307 6893.28926359 0.457132123766 0.013 0.194678323329 0.313085553607 -0.0103177091639 0.538807639719 0.0682421830996 0.494700854701 0.750197676967 1447.0 52.6153846154 16.9972602188 1.83214719155 467.230779754 508.310066409 449 529 38.3408209715 5.67643200804 0.428678454431 7.94892379245
CHINA micro 5379.0 412 14399.0601363 0.38750683095 0.0117 0.169542303073 0.296184641098 -0.00889741986712 0.552360929032 0.0652570221339 0.447666852575 0.793035345949 2408.0 49.8419780628 19.4003317974 1.53799701935 627.997602526 650.968818951 587 692 47.8448972515 5.61754349723 0.391831321305 9.89098315142
CHINA micro 5991.0 93 44309.7678822 0.212842154453 0.0865 0.111241536267 0.309248819466 -0.0609085533986 0.640441947176 0.187242636809 0.309297279252 0.875670764256 1853.0 40.8779836421 6.9644743754 0.666811433719 98.295001473 98.0658352194 103 105 10.5771276061 1.20152632025 0.274012461505 32.0305439675
CHINA micro 6456.0 137 48702.3447832 0.207010024968 0.0439 0.11469271915 0.234934514603 -0.0400764393157 0.549041440415 0.102196263662 0.371282527881 0.833786884893 2397.0 48.2651796778 9.19494135272 1.18820495151 171.67203718 178.398334946 177 195 15.5025236337 1.70505662419 0.32811521176 16.4846838998
CHINA micro 4915.0 133 25991.4676464 0.222897955705 0.0503 0.11582430417 0.297476651955 -0.0408695245432 0.58252145922 0.123226495819 0.275279755849 0.850458527418 1353.0 53.2858596134 7.5122441295 0.892814491386 195.412698413 177.659435765 173 201 15.5293258371 1.89709849665 0.243946033262 54.683138408
CHINA micro 7253.0 298 29178.6894561 0.327835963237 0.02 0.158569583497 0.205768591937 -0.0131925963516 0.496936143324 0.0537507397229 0.358472356266 0.831908917477 2600.0 50.0206810975 12.6002060419 1.93385118353 402.373364731 423.125849483 409 462 33.4114416515 3.49910862967 0.317055725169 18.4656107969
CHINA micro 3956.0 71 36631.9195171 0.208191475224 0.0792 0.1086406003 0.338772269614 -0.0817306333053 0.609598159384 0.177769296216 0.389282103134 0.822065981612 1540.0 49.6713852376 6.82917716712 0.570955700473 76.2954562356 78.36577955 81 83 8.45105584429 1.12883432633 0.343501561002 14.2805018536
CHINA micro 5689.0 229 29316.6067571 0.309131235811 0.0207 0.140369239146 0.29283049108 -0.0194829084937 0.54891864888 0.0821950869193 0.446827210406 0.789106261722 2542.0 50.7119001582 14.0200969232 1.11978947273 264.789423517 275.9525638 284 298 26.3696922268 3.03611009235 0.391155799656 9.93489739622
CHINA micro 6052.0 132 77475.2593107 0.260007607629 0.0266 0.141529106699 0.157573754732 -0.0335136712177 0.378845343033 0.0409062435281 0.385492399207 0.715324261774 2333.0 73.6120290813 7.51347054888 1.97574510711 212.647472097 219.521503556 190 228 15.0433891393 1.69677583921 0.340278394208 14.6978122605
CHINA micro 19397.0 118 403070.23794 0.155439247785 0.0633 0.0924893284647 0.313308540636 -0.0579209697896 0.605600818258 0.145108302893 0.314326957777 0.866183180802 6097.0 44.2645769964 7.60522279984 0.319072467875 124.286038358 126.109504181 130 132 11.8506529737 0.847256139197 0.278445013725 29.9675718214
CHINA micro 14017.0 683 61591.6750707 0.33785634174 0.0068 0.151060439404 0.268175822059 -0.00605409164394 0.526875752102 0.0442007961498 0.458086609118 0.784741511481 6421.0 50.3674110009 25.2039858862 1.29097404772 950.636318575 939.654498748 920 1053 71.4283757437 5.76890207474 0.400163442465 9.37776887065
CHINA micro 4860.0 477 10521.0063422 0.442726101607 0.0098 0.190256628281 0.302185728706 -0.00680481025335 0.547713827053 0.0594812745354 0.456172839506 0.785876306119 2217.0 49.5473251029 20.9729776464 1.76860856942 851.84635965 818.534061026 709 870 56.0739270943 6.8422705783 0.39864021294 9.46782233678
CHINA micro 8674.0 313 19656.8401327 0.273194873593 0.0377 0.132481713255 0.288884706305 -0.0151302631489 0.621952597777 0.111071045253 0.242563984321 0.915291626299 2104.0 32.8222273461 11.4560848274 1.19792995889 357.676906395 376.884440076 390 402 34.4063811531 3.36073778366 0.214965634779 110.932376123
CHINA micro 10822.0 362 28965.6288395 0.285706401215 0.03 0.14427857429 0.199137014737 -0.0119796424402 0.544573588053 0.0657626268339 0.175013860654 0.907953267813 1894.0 31.7871003511 8.51891490384 1.74381646788 569.808676112 531.175599052 503 597 38.8617642103 3.47980418221 0.155101995599 1684.08072032
CHINA micro 1286.0 78 3964.85048285 0.310544941582 0.0649 0.145180118342 0.312497507676 -0.0552404246345 0.578723833132 0.148638351003 0.405132192846 0.802577827011 521.0 54.0435458787 6.97109409741 1.35048523821 106.10185214 108.215524114 105 120 10.7552535955 2.17507440748 0.356878097305 12.7535749727
CHINA micro 5341.0 138 58934.4585317 0.233297389235 0.025 0.121411445968 0.254700444198 -0.0375345290486 0.486250897087 0.0728311756072 0.528739936342 0.709715647827 2824.0 58.3785807901 11.0802583706 1.13153036769 180.007865169 191.358947139 181 203 15.9614721652 1.88828610515 0.454113789635 6.98822303379
CHINA micro 8055.0 331 17946.8478074 0.276069130726 0.032 0.137552693037 0.253641036604 -0.013764171528 0.600187952243 0.0955650539363 0.254748603352 0.90569981902 2052.0 36.5611421477 11.9547932917 1.42253736792 459.841683317 471.817803224 450 515 36.6909303968 3.68803659206 0.225761883903 82.868921347
CHINA micro 7105.0 424 26180.0708718 0.354609853118 0.0106 0.159283130523 0.274015774169 -0.00922884502122 0.529893131151 0.0559646950296 0.463335679099 0.778268587058 3292.0 50.7248416608 19.666507856 1.48064179697 601.246423227 617.293690251 587 676 47.6966141343 5.03018335114 0.404324783081 9.13977588565
CHINA micro 10833.0 283 71286.6558404 0.255336035861 0.0202 0.130443758355 0.217563204174 -0.0170032636691 0.517489689487 0.0622992480399 0.39250438475 0.825165444666 4252.0 48.0937875012 14.2128844273 1.40511456232 360.141141558 367.536665697 370 409 30.3540695328 2.71901788298 0.346234826347 13.9427657627
CHINA micro 4562.0 70 36936.2310559 0.16699367236 0.1045 0.100069698712 0.267363938122 -0.0901325824604 0.593065244171 0.165566078473 0.255151249452 0.863255173352 1164.0 47.0407715914 4.45074249727 0.920336635812 78.8908377792 85.7246231628 86 89 8.18940901672 1.03638328396 0.226118613621 82.1257313733
CHINA micro 6058.0 370 16551.4052296 0.340187607921 0.016 0.151793781139 0.305798898932 -0.0111194487645 0.589776468745 0.0859317751929 0.402608121492 0.830878377075 2439.0 44.8002641136 18.157002759 1.27654495213 500.273605232 498.619006271 495 561 42.3693053738 4.75375822202 0.35475966219 12.9754896386
CHINA micro 6241.0 118 34963.5347675 0.19821511717 0.0747 0.112860989903 0.222954274494 -0.0473010537898 0.573663959635 0.123393506314 0.214228489024 0.886500390076 1337.0 36.5005608076 5.02353777966 1.25728130271 136.513604746 148.171032243 148 155 13.3884193095 1.49367088608 0.189855009081 261.433619074
CHINA micro 10955.0 612 39537.6741734 0.356911475466 0.0081 0.159166325246 0.267176625709 -0.00639873412652 0.532935513782 0.0483803331845 0.443085349156 0.79707352659 4854.0 48.8817891374 23.6093735996 1.47794778165 836.029499751 874.116588941 835 948 65.6879678932 5.84716341017 0.388137975352 10.1355965402
CHINA micro 2137.0 53 9350.33744557 0.230504653754 0.1505 0.113408457992 0.470047059447 -0.104792561302 0.721836597166 0.318555570637 0.320074871315 0.874663465571 684.0 39.6350023397 5.75986409003 0.0900554343115 57.6688514357 57.8674903951 60 63 6.78217382091 1.14649881059 0.283504399147 27.8632315443
CHINA micro 7634.0 430 25592.5078549 0.346094638951 0.0122 0.153016934162 0.298524349453 -0.00948842627233 0.558147561087 0.0664402136644 0.427429918784 0.809280956937 3263.0 48.0482053969 19.5390344337 1.29000503917 560.879889438 576.652805706 572 638 47.9846060911 4.92144207403 0.375383674907 11.0736139945
CHINA micro 9993.0 123 478174.464614 0.26090239184 0.0137 0.140385821111 0.121931693649 -0.0362686307201 0.241462531821 0.0180016292283 0.761032722906 0.407679491525 7605.0 87.1209846893 10.6258879517 2.07089670943 152.917887501 159.756954157 161 176 13.2469888421 1.23043072614 0.603927581967 4.07955647403
CHINA micro 12208.0 382 68061.2318369 0.276057231007 0.0148 0.131529333769 0.271969114751 -0.0124897118532 0.559082791575 0.070264365899 0.408256880734 0.823387611136 4984.0 47.6163171691 18.0676054717 1.08404734018 453.561417402 456.668056339 474 508 40.4895010492 3.45733213307 0.359494204022 12.4887938233
CHINA micro 5523.0 202 30205.4300034 0.291116136012 0.0243 0.139337358139 0.249113966258 -0.0222560322537 0.514896952914 0.0715532235672 0.406481984429 0.796013798928 2245.0 58.917255115 11.2690282059 1.36534057735 270.538725481 259.96748186 265 300 23.326859341 2.71809009428 0.358009072369 12.6378770754
CHINA micro 4178.0 394 6368.57565777 0.406080098202 0.0174 0.173498266177 0.339924137311 -0.00908126496512 0.61525062481 0.0980300262282 0.370751555768 0.8540788204 1549.0 41.910004787 18.3283061693 1.47922265647 564.511399963 616.096787148 556 642 47.1359346046 6.09553745219 0.327658484269 16.5591219221
CHINA micro 4628.0 192 9822.86867365 0.290071522954 0.0561 0.133315696091 0.342440038894 -0.0245066202951 0.674079349349 0.175937132421 0.274848746759 0.907195519513 1272.0 34.3560933449 10.752195673 0.897738668131 218.123291677 216.069536714 229 241 22.6306532796 2.82230895378 0.243564460332 55.1165387165
CHINA micro 6136.0 459 16289.1938332 0.379840041203 0.0109 0.165052361206 0.307853149952 -0.00821408859339 0.565072299067 0.0675195401953 0.441818774446 0.799671218143 2711.0 47.6205997392 20.6599233443 1.40746053334 661.393233003 690.906475243 640 741 52.5113234122 5.85962752063 0.387113765692 10.2054345813
CHINA micro 7937.0 298 25972.2664339 0.294434832005 0.0267 0.145940732762 0.216482484126 -0.014380861509 0.549897114676 0.0738668912755 0.307168955525 0.874195775923 2438.0 41.8294065768 12.2241808357 1.70194799401 404.329186121 399.498635386 399 453 33.0761094174 3.3449380123 0.272135469239 32.9736043388
CHINA micro 4791.0 131 36231.3081621 0.250382890785 0.0359 0.126081093986 0.257271506212 -0.0380389233776 0.526582453669 0.0925323453863 0.433729910248 0.787167513568 2078.0 54.3101648925 9.70063611138 1.19022985667 159.775236872 158.421300865 165 180 15.3401481313 1.89259727403 0.380540757129 10.6757392792
CHINA micro 7442.0 399 32328.6848654 0.337739016129 0.0107 0.15219483976 0.279935258733 -0.0102830371086 0.522941903981 0.0550678330342 0.477425423273 0.765170963613 3553.0 52.7546358506 19.1416848293 1.33449451549 560.390107442 576.285875408 546 627 44.6443849386 4.62517386383 0.415373801415 8.56006044825
CHINA micro 5752.0 359 13407.6252004 0.350678369198 0.0188 0.156143051658 0.303349979273 -0.0111283318992 0.590649257316 0.0874222976655 0.365090403338 0.852137963502 2100.0 45.9492350487 16.5982466552 1.39851964136 440.854721451 485.585801993 475 510 41.3523708434 4.73352864818 0.322779642803 17.3920967018
CHINA micro 7488.0 402 27682.6933413 0.330593284537 0.0124 0.148158956708 0.297088276566 -0.0104950561215 0.561952227785 0.0700009348446 0.441506410256 0.799532564068 3306.0 47.9834401709 19.277676296 1.21448959629 520.952055904 536.471735316 532 592 44.9498304051 4.64561414339 0.386860963896 10.2228101699
CHINA micro 6075.0 425 24691.7882908 0.418773788625 0.0082 0.182125551879 0.256441539579 -0.0079990926365 0.475945820978 0.0396759111667 0.528395061728 0.713968941049 3210.0 57.8436213992 19.8889649224 1.83530479478 601.028975963 643.420887127 602 691 48.6688536598 5.45275254235 0.453861212131 6.99664762103
CHINA micro 5930.0 133 63094.0625427 0.220971952355 0.0308 0.116553968266 0.253521662504 -0.040607915901 0.510270588939 0.0842924189964 0.476053962901 0.75564230241 2823.0 57.4030354132 10.3723902601 1.03818245393 169.057362551 176.241321977 171 190 15.1937557948 1.72712708262 0.41430610482 8.61300931309
CHINA micro 9421.0 452 18383.5517679 0.314163890779 0.0231 0.148479001817 0.256899010213 -0.00931323293661 0.592395194602 0.0807132860822 0.266956798641 0.904373613272 2515.0 34.7946077911 14.8864704036 1.51975604472 616.093851001 639.212738252 613 696 49.2858657329 4.65682516231 0.236576211327 64.0679375127
CHINA micro 1860.0 58 9757.71445856 0.285003166724 0.0969 0.1294751292 0.413236929922 -0.0836025242427 0.659187487179 0.237464731687 0.397849462366 0.821991559718 740.0 46.0215053763 6.5377843498 0.400630081228 61.2325071378 62.0423292315 65 66 7.57139852046 1.3448427977 0.350753423344 13.4146218615
CHINA micro 2786.0 260 6472.18895159 0.422543150588 0.0175 0.177036129155 0.336236125683 -0.0134723481672 0.570428112655 0.0882409672731 0.461952620244 0.780186183713 1287.0 50.7537688442 15.4642131403 1.49791187479 375.794371936 376.914313033 362 420 32.6510558848 4.92586825169 0.403230687453 9.20123825544
CHINA micro 4470.0 276 12445.6197628 0.354616256866 0.0207 0.153188914453 0.330609862854 -0.0147654398177 0.585331136504 0.0939541026988 0.400894854586 0.825085957089 1792.0 49.8210290828 14.8989194376 1.17292658183 352.791372826 354.818596033 361 400 32.7180605378 4.12814858481 0.353319129117 13.130387439
CHINA micro 7218.0 412 30199.7344152 0.364277851901 0.0101 0.159262248708 0.281780715417 -0.00949894515177 0.517865043429 0.0525617620819 0.483097811028 0.759334730198 3487.0 54.0177334442 19.4260180062 1.40049662247 535.771986394 559.384411286 551 613 46.2612096409 4.84940858729 0.419771912122 8.34834258142
CHINA micro 5599.0 356 17246.1931556 0.348702534575 0.0142 0.154767544771 0.302734637606 -0.0113259439429 0.566805357053 0.0758781048137 0.437935345597 0.801891721473 2452.0 48.2407572781 18.0346288609 1.31017201993 484.022865309 506.638883591 485 550 41.1339373299 4.75767491741 0.383964962091 10.4258439747
CHINA micro 4686.0 106 32017.0612758 0.241911717927 0.058 0.118279723813 0.342195540309 -0.050191034803 0.620142067391 0.16218321691 0.37900128041 0.837469207958 1776.0 44.9210413999 8.76514534754 0.605171315523 115.132383648 115.234516415 121 125 12.4226033081 1.548476872 0.334736914257 15.4676075501
CHINA micro 10650.0 346 42087.7313228 0.288859227743 0.0221 0.14450436551 0.205223479606 -0.0125133427392 0.520216153363 0.0577819709984 0.274835680751 0.869090542 2927.0 44.103286385 11.2411935402 1.71401651879 437.68693078 464.512577231 461 505 37.2035236194 3.35275095513 0.243552892829 55.1297586194
CHINA micro 6205.0 185 28615.9344888 0.256319557731 0.038 0.130704840251 0.236640024392 -0.0259569576543 0.546288445492 0.0886917143533 0.302175664786 0.857839918809 1875.0 47.6228847703 8.71173771164 1.39521752044 252.92584057 235.608761324 242 276 21.0692394005 2.34855554215 0.267729031312 35.3698305935
CHINA micro 9090.0 500 30744.4925852 0.369239545658 0.0107 0.162938115807 0.257797579758 -0.00764287406315 0.51087085421 0.0459389213055 0.39196919692 0.812330696216 3563.0 56.4576457646 17.9912251547 1.55010843991 696.423843421 732.60740196 688 787 54.7453452471 5.24430646273 0.345781332421 13.9978158221
CHINA micro 6375.0 131 54899.4247798 0.244466278255 0.0417 0.125910095612 0.211447388116 -0.038091959053 0.49577799375 0.0785565124714 0.323450980392 0.816755795463 2062.0 52.5333333333 6.85667945044 1.35502735939 148.279306224 154.855714366 160 166 14.8399465475 1.64070764264 0.286472661609 26.7379633613
CHINA micro 2336.0 14 54428.4395604 0.117913631226 0.3552 0.081715634321 0.496269569472 -0.553417111233 0.702961082879 0.414822036315 0.342893835616 0.798906191359 801.0 55.9075342466 1.69092820324 -0.292970946185 14.0 14.5555555556 15 13 1.6760794982 0.289662061011 0.303505296427 21.5131308229
CHINA micro 5866.0 365 24800.5993075 0.373031250306 0.0103 0.163908805598 0.278139172104 -0.0104048862701 0.502195298083 0.0504231616599 0.508523695875 0.734911256498 2983.0 55.4892601432 18.4187268169 1.4977471515 522.437691733 543.236118029 508 587 41.9503296019 4.76564661486 0.439131475551 7.52475047519
CHINA micro 5945.0 513 9397.7582313 0.387909194008 0.0141 0.165857175243 0.338173674538 -0.00731213104278 0.625603646372 0.0949168850364 0.3629941127 0.861909188588 2158.0 41.5979814971 21.2906391433 1.32800360998 726.019615511 758.226939468 712 819 58.9162235767 6.65336632326 0.320968874762 17.7198634449
CHINA micro 3610.0 85 24609.942577 0.228568428633 0.069 0.114547089842 0.350415512465 -0.0646777147508 0.615598292245 0.171524116121 0.37728531856 0.829608888821 1362.0 51.08033241 7.39713752718 0.553435238113 123.867909591 98.0762699901 102 116 10.2545783914 1.41470316376 0.333267778202 15.6836461234
CHINA micro 7237.0 152 28315.788733 0.196434388857 0.0746 0.110952727205 0.248731845851 -0.0373654221797 0.611641005388 0.136440724105 0.191239463866 0.911783784102 1384.0 34.1578001935 5.71924374766 1.11861146137 208.579246624 198.871758841 197 225 16.9911831971 1.78675210175 0.16948156085 684.720078679
CHINA micro 6645.0 408 23084.1657212 0.359394897666 0.0114 0.158634586944 0.287054618687 -0.00963165226959 0.544738276223 0.0624859618207 0.457336343115 0.784774988238 3039.0 49.3754702784 19.3948546888 1.40021799165 564.838417285 558.600601654 554 633 46.2414875141 5.00509898018 0.399566665468 9.41285791315
CHINA micro 5270.0 317 17200.0643294 0.331565802453 0.0159 0.149458454981 0.310717770369 -0.0131891627647 0.572066081437 0.082161973933 0.439089184061 0.801143128733 2314.0 47.8747628083 17.0551350176 1.2299862778 408.544088352 452.727534817 427 472 36.8737344454 4.36670601737 0.384901861506 10.3593469601
CHINA micro 6663.0 166 51244.3018985 0.252595418438 0.0307 0.125647471381 0.25688616691 -0.0301250205773 0.538074790029 0.0888031353373 0.421131622392 0.803521991125 2806.0 48.9869428186 11.1966454207 1.12131371595 189.777153441 194.003891985 202 212 18.7407890884 2.03363581328 0.370195764248 11.5022201067
CHINA micro 8028.0 165 48495.4470067 0.215915822264 0.0468 0.114383137883 0.262841418671 -0.0333676263447 0.583107037788 0.113627935324 0.312904833084 0.870535152378 2512.0 42.812655705 9.15232997158 0.990226358766 205.004983182 199.434173013 205 226 18.2410901778 1.841536208 0.277192201154 30.5285042813
CHINA micro 6154.0 235 41845.1442808 0.348483883745 0.0162 0.161031026107 0.199747612693 -0.0164626413712 0.424311730358 0.0390632169221 0.453363665908 0.737193846722 2790.0 66.9158271043 11.7600144214 1.87292778586 302.101812863 329.124311217 317 350 26.819922102 2.99563651901 0.396398489158 9.60334301941
CHINA micro 12526.0 261 88642.7768641 0.244753183757 0.0254 0.123234037198 0.241481779202 -0.0195450348586 0.544961947074 0.0759540072876 0.338176592687 0.849278699092 4236.0 50.2714354143 11.9856507793 1.10087585398 300.20860963 301.442108548 315 333 27.5553280799 2.33203091621 0.299383694107 22.6121259154
CHINA micro 6907.0 384 20282.3000911 0.315990457002 0.0157 0.148917006901 0.279037193548 -0.0109290062819 0.57793586543 0.0787430372447 0.396988562328 0.834564842314 2742.0 43.4921094542 18.3366183185 1.40962628732 516.870850032 564.606694757 528 595 43.3243673015 4.6204736341 0.350026955647 13.4971073954
CHINA micro 5288.0 205 31816.487231 0.295568225942 0.0206 0.140041931847 0.256411202539 -0.0218163858337 0.500450510829 0.0654519483069 0.460287443268 0.763008930676 2434.0 60.3063540091 12.4340453952 1.31315226857 295.380728029 283.779710199 276 320 23.7950951683 2.8190847862 0.401911173053 9.27640777756
CHINA micro 7890.0 255 46513.0477073 0.258953650731 0.0202 0.128746952814 0.262387236263 -0.0191260405864 0.527668267801 0.0693490180341 0.414828897338 0.806296655053 3273.0 52.2686945501 13.7066760629 1.14083343857 377.254300812 376.294800355 346 404 28.3060350906 2.87079167947 0.364972792213 11.9653356744
CHINA micro 12442.0 268 72818.4625748 0.258061484848 0.0289 0.13450958516 0.178870556397 -0.0173964763475 0.507115270389 0.0600564875065 0.228982478701 0.870673650219 2849.0 45.5071531908 8.90744304151 1.68182612718 331.558049523 330.509398496 342 374 28.3173958493 2.40264549046 0.202930161737 161.418182
CHINA micro 8003.0 157 69775.5890903 0.220761319915 0.0361 0.118155580573 0.225748942873 -0.0339233771968 0.505894371519 0.0763398719698 0.323753592403 0.823680061624 2591.0 55.8540547295 8.0170513784 1.20235532088 221.465197986 207.408303574 205 236 17.3573023207 1.75498433362 0.286738583408 26.6407800926
CHINA micro 4687.0 102 42297.5520287 0.267008736118 0.048 0.13139520137 0.247185582148 -0.0468243306524 0.536662014793 0.108571643106 0.414124173245 0.795728726675 1941.0 53.7443994026 8.03852976208 1.19892726142 107.380458298 108.58990429 115 114 11.9490596238 1.48988481906 0.364386884692 12.0194062484
CHINA micro 7878.0 338 13468.041543 0.28830399535 0.0389 0.139118073122 0.268430097448 -0.0133225922718 0.623820295952 0.109224065764 0.217948717949 0.923910271395 1717.0 30.7311500381 10.8260255625 1.37086805863 434.79489543 443.352376829 444 493 37.5620162953 3.80810322405 0.193151947393 229.562441475
CHINA micro 6625.0 252 36256.0153513 0.317362223344 0.0188 0.144547267695 0.266125786164 -0.0171757393237 0.519551017194 0.0664814093676 0.436830188679 0.788692254895 2894.0 55.2905660377 13.9009236449 1.29835923822 306.034130121 306.031277645 317 344 28.5272473799 3.09604738884 0.383066540762 10.4903562441
CHINA micro 2279.0 286 1252.30426941 0.415068575749 0.0484 0.177276276875 0.380261248186 -0.0122301101311 0.706798020989 0.18761283622 0.23694602896 0.927786199077 540.0 30.9346204476 12.5668914754 1.44684541783 483.380726127 466.452911444 416 504 36.8622251594 5.99092483197 0.209987312627 128.645271798
CHINA micro 2976.0 150 8045.86684564 0.286125582313 0.0469 0.135931341144 0.321962365591 -0.030746675806 0.61179821059 0.137215655845 0.33938172043 0.857972426364 1010.0 46.5053763441 9.54997254507 1.13460287182 186.65638513 206.469858138 197 215 18.6288762128 2.74963340665 0.300437383163 22.3223751365
CHINA micro 8342.0 95 153384.516909 0.183064234295 0.0483 0.101692297751 0.291361405191 -0.0653359873763 0.542920820534 0.115433942042 0.430472308799 0.782283581632 3591.0 58.726923999 7.97826479082 0.53131404204 122.821516932 110.454789986 113 126 10.4108310235 1.0401321311 0.377878202943 10.8778109193
CHINA micro 9446.0 418 19899.9483896 0.308712085663 0.0251 0.147278287657 0.24703806173 -0.0101559147389 0.583203480497 0.0786127473044 0.246453525302 0.904605690955 2328.0 37.3067965276 12.7458458147 1.55078681163 552.491059077 569.784841959 561 629 45.5571077906 4.30083034393 0.21841218053 100.64796402
CHINA micro 5247.0 150 23048.06 0.222552326971 0.0507 0.122159432533 0.241597103107 -0.0343150960046 0.571473294365 0.110884380123 0.311416047265 0.868595408181 1634.0 41.471316943 8.44536472854 1.3441468466 210.905224649 215.227857252 204 235 17.3955443253 2.07078841641 0.27588025362 31.1342489817
CHINA micro 9827.0 104 180712.951363 0.202569356892 0.0475 0.106643917417 0.338387762131 -0.0568619245995 0.591134296298 0.141473357019 0.434110104813 0.797638962746 4266.0 49.8219192022 9.24732596691 0.277520211539 118.668159305 111.038481883 116 124 11.204312403 1.04911443173 0.380850931154 10.6526486663
CHINA micro 5682.0 271 6854.96555966 0.292933752019 0.0605 0.132605501687 0.380559571171 -0.0174583806474 0.7238480111 0.209962689079 0.221752903907 0.938981990591 1260.0 27.0679338261 12.683345187 0.761118937842 313.199207645 309.086687362 327 347 31.2317144009 3.59516375059 0.196523274346 202.220295899
CHINA micro 8505.0 483 36144.8444885 0.369154785571 0.0085 0.162784634194 0.263394933926 -0.00791967348662 0.506470648282 0.0453815598707 0.486184597296 0.757080653528 4135.0 53.7683715461 21.1274694345 1.52611748993 678.495378573 679.551438935 662 760 53.2690302912 5.23733039149 0.422153138085 8.23783943349
CHINA micro 5032.0 344 12803.0914638 0.346280945803 0.0165 0.15411855664 0.31727178615 -0.0117723873636 0.590290248875 0.0887090431732 0.412162162162 0.823661633905 2074.0 44.7535771065 17.6266632552 1.27192439766 480.368563686 506.163713213 474 543 40.2413410566 4.84940132014 0.362753672003 12.1724924474
