CATLIN micro 20110.0 99 686162.666254 0.167066125479 0.0573 1.16724958049 0.192215039505 -0.0617107449437 0.495526220254 0.0892593615307 0.336151168573 0.823623200196 6760.0 48.9557434112 6.00762598567 1.29600072066 99.0 99.0 99 79 9.89002645536 0.698118519971 0.297611703952 23.1137597472
CATLIN micro 19109.0 63 2845571.38146 0.153398072107 0.0318 1.34046091499 0.166791680476 -0.100727060982 0.322774794261 0.0453023215309 0.696478099325 0.500973347179 13309.0 78.7743994976 7.45781859957 1.33054164116 63.0 63.0 63 44 6.28936259252 0.455744639589 0.565870993262 4.55789945555
CATLIN micro 27014.0 120 1184913.98627 0.181967240931 0.0413 0.807159391753 0.200951975519 -0.0492645170492 0.495828526148 0.0818306805657 0.406048715481 0.798444923378 10969.0 52.2765973199 8.43476637524 1.22388215202 120.0 120.0 120 111 11.661966975 0.730107480746 0.357646186205 12.674793494
CATLIN micro 1085613.0 1052 184585956.231 0.144470271545 0.0057 1.26800404625 0.114333689569 -0.00644103187114 0.399596532798 0.0143941401258 0.311787902319 0.834441292086 338481.0 54.5968038334 21.0945963676 1.10383878631 1052.0 1052.0 1052 887 75.6242670145 1.00966713993 0.276207978092 30.9811348502
CATLIN micro 86112.0 796 349004.339559 0.223473046914 0.0325 0.970106463495 0.265441733939 -0.00682893916513 0.672306738256 0.110927521085 0.157643534002 0.96132657733 13575.0 21.5684225195 16.5316223417 0.962005895879 796.0 796.0 796 691 69.9614302418 2.71257172003 0.139707944456 5969.63976128
CATLIN micro 37247.0 276 551805.295955 0.213732659885 0.0321 1.2747506799 0.213405865194 -0.0197633443141 0.548549354818 0.0757281589843 0.273256906597 0.886997304925 10178.0 38.0406475689 10.3626872189 1.20242478854 276.0 276.0 276 226 26.1274550677 1.4300902067 0.242155121639 56.7632490808
CATLIN micro 84935.0 727 487904.94332 0.2206992126 0.0273 1.06129264916 0.214806014373 -0.00729522790505 0.60615291543 0.0733690797875 0.165043857067 0.949522566176 14018.0 23.5497733561 13.3066683897 1.28714869268 727.0 727.0 727 583 63.9667779489 2.49454340639 0.14626631001 3324.51107964
CATLIN micro 8693.0 135 104004.613378 0.283392505987 0.0386 0.729135850628 0.198747395733 -0.0322029023085 0.475462664916 0.0694130645979 0.281835959968 0.808168335355 2450.0 55.9070516508 6.63231068222 1.8416234506 135.0 135.0 135 96 14.7735348584 1.44793454165 0.249748951405 48.6835711956
CATLIN micro 235511.0 1247 2621492.33248 0.198730877372 0.0134 1.02781535695 0.250177054472 -0.00471050832999 0.62990950272 0.0707454577383 0.216771191155 0.940307711054 51052.0 28.4139594329 26.2288698317 0.791384058226 1247.0 1247.0 1247 1121 100.731533248 2.56957237867 0.192108401914 239.048115869
CATLIN micro 27049.0 612 28019.9330226 0.278180621484 0.0653 0.978883308454 0.339907398749 -0.00783357395276 0.740357234318 0.187663230441 0.0915375799475 0.974966550908 2476.0 17.3315094828 10.1502827653 0.982403051562 612.0 612.0 612 498 59.8702335811 3.72113833313 0.0811230680403 1845111548.06
CATLIN micro 67771.0 327 1105408.53202 0.201954717771 0.0375 1.12410886057 0.170194715366 -0.0171094939437 0.534139878578 0.0645256568014 0.144368535214 0.918481115439 9784.0 27.6180077024 6.79180185364 1.27203871367 327.0 327.0 327 272 29.3062957424 1.25610459894 0.127943283095 21293.6786791
CATLIN micro 21468.0 244 116847.604668 0.222897167574 0.0624 1.16461066884 0.307074654766 -0.0225036486814 0.669078549239 0.158718757342 0.204583566238 0.934292816006 4392.0 28.8615613937 9.28390887869 0.852949699734 244.0 244.0 244 209 24.3625661559 1.66530594723 0.18130745326 377.605833474
CATLIN micro 22116.0 293 113542.805297 0.253034223768 0.0479 1.24159026122 0.274677514835 -0.0169790882949 0.636446253701 0.123821830245 0.206728160608 0.928802700511 4572.0 30.8554892386 9.73188493549 1.17961048973 293.0 293.0 293 255 29.1881595094 1.97021821429 0.183208046112 346.542211277
CATLIN micro 350560.0 624 18406625.3543 0.14636101277 0.0169 1.20742880131 0.177353231167 -0.0108873414257 0.535055799541 0.0486397280031 0.26047752168 0.905085435661 91313.0 35.4646850753 16.7401916071 0.980367814664 624.0 624.0 624 560 48.796583992 1.05390971911 0.230837181558 73.1520326344
CATLIN micro 81090.0 396 1798853.99885 0.186826524995 0.0228 1.16704859254 0.201733763831 -0.0148968538718 0.541903469535 0.0621979566872 0.272709335306 0.889416377829 22114.0 39.4290294734 12.9229295144 1.11943238444 396.0 396.0 396 345 34.9455007242 1.39062981284 0.241670300194 57.3469664578
CATLIN micro 165605.0 681 4030254.74433 0.185060424623 0.0145 1.11811996769 0.170925615554 -0.00862286899114 0.516376267332 0.0412326704941 0.255904109175 0.898601885721 42379.0 38.0646719604 16.264791782 1.21795214628 681.0 681.0 681 561 56.5848039515 1.67344093925 0.2267856116 80.7621074804
CATLIN micro 12197.0 124 277559.875361 0.233460599558 0.0339 0.809034333404 0.209559066613 -0.0412486423508 0.460293928088 0.0666324813175 0.362876117078 0.762449720892 4426.0 67.8937443634 7.48776572545 1.34639415794 124.0 124.0 124 94 13.072666074 1.1227813063 0.320866885864 17.7386405025
CATLIN micro 2058.0 78 4864.42157842 0.336195358606 0.1266 1.43086375464 0.391231217762 -0.0542837047382 0.701870546149 0.263398163757 0.249271137026 0.898743059628 513.0 39.7473275024 5.34740706567 1.08948041494 78.0 78.0 78 65 10.0924178213 1.71938018529 0.220908781829 94.0355331765
CATLIN micro 14010.0 210 79291.822283 0.240671406736 0.0534 1.10007571201 0.275364535536 -0.0241093259393 0.632440534894 0.135988298322 0.252319771592 0.910807779291 3535.0 35.182012848 9.70568825407 1.20994515431 210.0 210.0 210 174 21.8904861851 1.77419040861 0.223609967312 87.5678457826
CATLIN micro 141733.0 496 4809772.21919 0.213101897458 0.0167 1.36518488398 0.118845268011 -0.0104538821429 0.44518780858 0.0299975164583 0.21908094798 0.879464933585 31051.0 39.1306188396 10.9764837827 1.75949888359 496.0 496.0 496 416 41.7309481869 1.31748653893 0.194155348648 220.920371927
CATLIN micro 24490.0 293 109246.435621 0.234506875319 0.0603 1.18016244748 0.288383501241 -0.0179764662699 0.664271478478 0.145609888808 0.146263781135 0.943399165766 3582.0 28.570845243 8.22611252636 1.01595251503 293.0 293.0 293 255 28.8936688892 1.87229047454 0.12962290106 17399.5057409
CATLIN micro 26069.0 593 124623.777209 0.356789179509 0.0153 1.04512722019 0.295195064441 -0.0068185533437 0.598151719092 0.0752921966744 0.29003797614 0.88975264997 7561.0 43.1777206644 18.288567561 1.31815790557 593.0 593.0 593 505 58.218997389 3.67275964012 0.257004341572 42.5003983625
CATLIN micro 52209.0 172 2286296.12114 0.147462179676 0.039 0.513883039667 0.211570712882 -0.0393079109747 0.546146516115 0.091411083208 0.354402497654 0.85075675931 18503.0 43.1113409565 10.4390481615 0.957866604187 172.0 172.0 172 145 15.7414931294 0.752758658205 0.313525548566 19.1857112985
CATLIN micro 2427.0 130 3577.69594514 0.397015141508 0.0894 1.08638368648 0.385956071123 -0.0284454978306 0.70089538246 0.227245660507 0.231149567367 0.913955060914 561.0 34.0337865678 6.9230669603 1.39853011705 130.0 130.0 130 93 16.5503200428 2.63881208369 0.204850620546 151.433590059
CATLIN micro 2985.0 130 12010.0372689 0.392386075375 0.0424 1.45107045626 0.319043937637 -0.0276790978945 0.583599344473 0.125019984698 0.386599664992 0.818429388708 1154.0 54.2378559464 9.08652463168 1.73021095042 130.0 130.0 130 91 16.1222692386 2.37942042125 0.34122107501 14.573552519
CATLIN micro 108041.0 425 2824762.43754 0.164162124762 0.0224 1.23375258039 0.209370843422 -0.0149576641047 0.549767126871 0.0633521912976 0.268101924269 0.895041569555 28966.0 39.3702390759 13.5336013334 1.01535808052 425.0 425.0 425 364 36.5824216347 1.29298841126 0.237590367248 62.6387609886
CATLIN micro 14857.0 195 108545.195771 0.233908119756 0.051 0.806916200845 0.274895542635 -0.0268584382867 0.603527202843 0.119095376867 0.199299993269 0.899471418191 2961.0 39.5840344619 7.47696927833 1.08244485512 195.0 195.0 195 155 20.1952350118 1.599812367 0.17662501523 471.688971725
CATLIN micro 9354.0 133 167790.632149 0.266345625595 0.0288 1.10873829272 0.244633392333 -0.0356701807153 0.479150083768 0.0713229266187 0.478298054308 0.739349284725 4474.0 63.6412230062 9.76652549329 1.38077889519 133.0 133.0 133 103 14.4363912473 1.37515913515 0.416052277063 8.52673469957
CATLIN micro 21039.0 105 929488.928022 0.177466828225 0.0418 0.710024566409 0.187828047232 -0.056359590528 0.455934068262 0.070643980609 0.338941964922 0.772088893527 7131.0 66.0582727316 6.653987689 1.31971929311 105.0 105.0 105 85 10.4479213374 0.723896959075 0.300052944955 22.4273690059
CATLIN micro 28177.0 167 802229.59837 0.199286952976 0.0345 0.568361670512 0.187214526478 -0.0330889416428 0.484220094674 0.0657844097589 0.351918231181 0.826279458543 9916.0 49.0896830748 8.66714478486 1.41214578328 167.0 167.0 167 141 16.2010312635 0.994876322807 0.311367127278 19.6499276805
CATLIN micro 803718.0 671 41209832.1027 0.100454534828 0.0337 0.902811159 0.249847134622 -0.0127219357015 0.64701218318 0.0991656502567 0.16236167412 0.955766366441 130493.0 25.207473268 14.7333315491 0.479456717825 671.0 671.0 671 607 49.2755619395 0.748463580306 0.143889287265 4074.45409162
CATLIN micro 121827.0 479 3570393.29474 0.170022899432 0.0178 1.37874976114 0.213916503283 -0.0131337602502 0.547542721794 0.0593082233004 0.297848588572 0.882923169566 36286.0 43.0413619313 16.0083776321 0.953142679635 479.0 479.0 479 419 40.8185667085 1.37234637194 0.26390767313 37.6794556009
CATLIN micro 3993.0 166 7242.02734575 0.364560328476 0.0744 1.44166953916 0.370209613812 -0.0238864375002 0.689563441137 0.199728048924 0.230904082144 0.919030416929 922.0 31.8307037315 8.03983500383 1.28890516052 166.0 166.0 166 123 19.8979821841 2.62699008079 0.204633074048 152.520471182
CATLIN micro 37184.0 569 102839.502469 0.275190794086 0.0399 1.21452389705 0.235143751002 -0.00805979271885 0.628266346641 0.0929930940569 0.0978915662651 0.955995509828 3640.0 19.053894148 8.24994610006 1.52216335558 569.0 569.0 569 461 53.973751712 2.95076221228 0.0867541417988 174287917.123
CATLIN micro 53804.0 533 468054.859816 0.25475612292 0.0213 1.19509503643 0.266424077218 -0.00945696137271 0.605602430724 0.0823375386116 0.222102445915 0.912107823344 11950.0 39.8650657944 14.8022459047 1.0050683704 533.0 533.0 533 478 48.838241543 2.29784075027 0.196833042721 199.936840697
CATLIN micro 6145.0 48 475779.382535 0.232318804199 0.034 0.858779047192 0.181953485218 -0.103658147426 0.288018253905 0.043606312446 0.779332790887 0.386978531436 4789.0 82.5874694874 6.62998186739 1.65839331011 48.0 48.0 48 40 5.38781119842 0.612322606782 0.614309667999 3.96658736154
CATLIN micro 39066.0 316 422795.739482 0.210328517049 0.035 1.01021617006 0.245480222694 -0.0176945911613 0.589708505569 0.0914003598327 0.239056980495 0.909569805755 9339.0 34.5543439308 10.6708650218 1.02045676784 316.0 316.0 316 267 29.7928466417 1.59877596142 0.211857946681 121.546698122
CATLIN micro 27142.0 86 5640006.24186 0.20644391082 0.0176 0.987590554892 0.136254975983 -0.0628536555401 0.230655541758 0.0211040951606 0.811694053496 0.337621132189 22031.0 84.7579397244 9.04552993758 1.53842396263 86.0 86.0 86 73 8.32611930388 0.522008443957 0.632268585725 3.78583576877
CATLIN micro 17914.0 315 40623.8078455 0.257143067199 0.074 1.37950347005 0.319932623416 -0.0159316953325 0.694768828836 0.170123302181 0.119124706933 0.957076494722 2134.0 21.2403706598 6.91113683516 0.979378041376 315.0 315.0 315 254 32.0626129847 2.35350035879 0.105571522771 804292.716906
CATLIN micro 41362.0 445 412754.346422 0.25227935454 0.0205 1.37404675586 0.25879706119 -0.0113753756234 0.582131687646 0.0761468902493 0.294038005899 0.890632562149 12162.0 38.6344954306 15.8234503075 1.04419332839 445.0 445.0 445 389 41.7681163731 2.18806009567 0.260540544297 39.91770242
CATLIN micro 38186.0 358 208672.525985 0.209655885309 0.0518 1.12656137108 0.289588714107 -0.0158315877241 0.667117057226 0.138801311801 0.180799245797 0.94611796849 6904.0 25.3810296967 10.6666521834 0.87219351446 358.0 358.0 358 307 33.8381433455 1.83202308795 0.160229159575 1190.3801345
CATLIN micro 22880.0 262 214412.221345 0.242177796739 0.0345 0.938562918806 0.223099610313 -0.0189547516661 0.547947958647 0.077164428872 0.227622377622 0.889283132733 5208.0 38.125 8.49089156751 1.42042183704 262.0 262.0 262 205 26.0011476784 1.73210127451 0.201724842348 168.159889963
CATLIN micro 27664.0 107 848180.024158 0.151950708809 0.0737 1.24599525328 0.158310608477 -0.0572395648021 0.514954509144 0.0952148881349 0.217466743783 0.873174201402 6016.0 37.9446211683 4.40192047432 1.58288494694 107.0 107.0 107 82 10.3638217596 0.643318868951 0.192724813367 233.381756267
CATLIN micro 110078.0 460 2937568.5634 0.179963723679 0.0192 1.2248627049 0.197281018914 -0.0131913844204 0.525276918185 0.0523811221824 0.268818474173 0.886550565828 29591.0 41.3007140391 13.415463894 1.03930911316 460.0 460.0 460 382 39.538478336 1.38646070883 0.23822493964 61.76866092
CATLIN micro 84297.0 406 1954479.32553 0.190150584342 0.0216 1.14018177834 0.20532616001 -0.0144381524907 0.534940123778 0.0589000294563 0.279737119945 0.886142928664 23581.0 41.1283912832 13.2493834347 1.10301095263 406.0 406.0 406 348 35.707668283 1.39836316047 0.247891544979 50.4898402118
CATLIN micro 16557.0 399 65976.7028753 0.318701780675 0.0255 1.05483418536 0.303516537312 -0.010882588096 0.62407741155 0.103005147871 0.267439753579 0.901705893743 4428.0 40.9011294317 14.4147859672 1.23612016964 399.0 399.0 399 313 40.9694135188 3.10085937506 0.237003935772 63.459284672
CATLIN micro 8350.0 312 10201.8728255 0.350619321131 0.0658 1.01408071434 0.358185935821 -0.0130505703807 0.709865851302 0.186348094921 0.14874251497 0.951289010004 1242.0 24.3233532934 8.45980357777 1.26420016784 312.0 312.0 312 238 34.4406889016 3.41437608823 0.131819621726 13509.0718506
CATLIN micro 52186.0 188 1862180.67186 0.152419514553 0.0399 0.61777210432 0.209383212747 -0.0350472635321 0.55312021195 0.0914893481037 0.327310006515 0.866814756298 17081.0 40.9975855593 10.3467328556 1.04088650269 188.0 188.0 188 159 17.2150796673 0.82296401248 0.289862060148 25.5412332968
CATLIN micro 36815.0 311 383281.661238 0.222910348819 0.0354 0.896874269027 0.200371109043 -0.0167794867786 0.549250460465 0.0722465826038 0.166263751188 0.909118781245 6121.0 32.8045633573 7.93420719044 1.40211021288 311.0 311.0 311 247 29.4854485346 1.62086926275 0.147347413026 3040.05027012
CATLIN micro 243576.0 567 9598344.49016 0.148575934462 0.0189 1.44564123165 0.189679203153 -0.0118799875603 0.546561468779 0.0547511094594 0.255144184977 0.90666832163 62147.0 36.6074654317 15.6978497459 0.977387285982 567.0 567.0 567 495 45.6334427407 1.1488565689 0.22611235478 82.1386864063
CATLIN micro 745687.0 812 62663143.0019 0.13013473316 0.0133 1.45072231614 0.164498456909 -0.00891044334207 0.522324070842 0.0395716643455 0.255438273699 0.907374010089 190477.0 35.342040293 18.8470056058 0.95268182408 812.0 812.0 812 736 59.9760633234 0.940324481794 0.226372904757 81.6019012013
CATLIN micro 27608.0 364 146973.833015 0.270144533907 0.0378 1.2450743065 0.306290818715 -0.0134612314938 0.652819006753 0.126673416343 0.225912778905 0.927256178228 6237.0 32.9107505071 12.7571819642 0.943746797937 364.0 364.0 364 326 35.4982338211 2.19070505568 0.200209791804 177.203003431
CATLIN micro 40812.0 155 833425.407457 0.15169057317 0.0773 0.702205077467 0.226893418444 -0.042980366499 0.609927663996 0.134248317527 0.196780358718 0.916491457366 8031.0 34.163971381 6.01092965492 0.951767880794 155.0 155.0 155 138 14.5054060137 0.767251522996 0.174392048985 527.565454189
CATLIN micro 5780.0 226 4090.1920944 0.32955272093 0.1384 1.28909809685 0.392315583183 -0.0189914212769 0.762328921328 0.272518985551 0.0707612456747 0.968028459908 409.0 13.615916955 4.38828564542 1.06192023882 226.0 226.0 226 171 25.9750485988 2.97265507597 0.0627105211955 5.19807533818e+14
CATLIN micro 127838.0 605 2097169.04577 0.192727045578 0.0209 0.970948118164 0.178950011501 -0.00945712835026 0.542914965412 0.051951146314 0.20415682348 0.920838409303 26099.0 30.6458173626 12.7440786262 1.27199482376 605.0 605.0 605 504 51.3670126336 1.69209752747 0.180929263073 384.225752708
CATLIN micro 8962.0 157 40557.9610485 0.267646702129 0.0748 1.4646579882 0.220504266421 -0.0286086249619 0.589777852116 0.120054171026 0.14505690694 0.914855134085 1300.0 27.1591162687 4.43826961368 1.74546684043 157.0 157.0 157 121 17.1414468438 1.65843014258 0.128553336653 19770.2203165
CATLIN micro 53903.0 320 891827.627263 0.188030914261 0.0309 1.17736044604 0.213784773111 -0.0183397308207 0.571301864493 0.0814721792751 0.267740199989 0.898960788373 14432.0 37.838339239 11.9739667026 1.11977337612 320.0 320.0 320 272 29.2796434491 1.37829921863 0.237270019051 63.085003461
CATLIN micro 30679.0 302 123786.841401 0.194101791824 0.0772 1.29063597606 0.287342291867 -0.0194646635403 0.690563303708 0.168087400344 0.147006095375 0.957101195981 4510.0 22.1128459207 8.15931743657 0.893307885671 302.0 302.0 302 252 29.1346703043 1.72419484873 0.130280759927 16108.8091686
CATLIN micro 38479.0 490 146691.660736 0.243503184847 0.0404 1.18227355294 0.292358355021 -0.0105855435123 0.65649513584 0.117296589831 0.134540918423 0.949512201379 5177.0 26.8795966631 10.6027313275 0.966745132744 490.0 490.0 490 405 46.3161695001 2.49795259077 0.119233784482 69409.5996896
CATLIN micro 23195.0 258 172861.410807 0.22448888542 0.0448 1.23335233771 0.265803743456 -0.0206997505214 0.619999141773 0.117802909723 0.246346195301 0.913550202155 5714.0 33.5805130416 10.5216250015 1.10822280032 258.0 258.0 258 219 25.5678347049 1.69403554066 0.218317076807 100.912986676
CATLIN micro 867516.0 902 83023182.8236 0.137559838324 0.011 1.41202612559 0.160833047097 -0.00784026268868 0.499524173273 0.0321156822432 0.238166212496 0.899495289513 206613.0 39.1893636544 17.7482358737 0.891183675729 902.0 902.0 902 833 65.8944161211 0.968429010563 0.211068589885 124.472521159
CATLIN micro 4921.0 218 4292.48537183 0.380676784823 0.1065 1.37039158032 0.410326274402 -0.0180080324767 0.754547355406 0.263318672897 0.130664499086 0.956948190266 643.0 23.4505181874 6.67481608734 1.11861171427 218.0 218.0 218 179 25.5256068251 3.10763361901 0.11579839729 118865.658932
CATLIN micro 13560.0 106 380904.146631 0.206142148309 0.0416 0.977364933149 0.228541214449 -0.0525474597574 0.481383471067 0.0803761442301 0.336061946903 0.773052836296 4557.0 66.4528023599 6.83211413381 1.1667893042 106.0 106.0 106 86 11.0353472497 0.910282137209 0.297533615632 23.136291205
CATLIN micro 53734.0 576 521656.3168 0.251967714434 0.0164 1.05612803596 0.220280688205 -0.00850203673612 0.56032724136 0.0595060714323 0.29124948822 0.894378618761 15650.0 38.0355082443 18.2121220941 1.3726192583 576.0 576.0 576 483 52.7920027186 2.48483695833 0.258075539259 41.6911716577
CATLIN micro 196840.0 616 15745218.6581 0.216385444815 0.0065 1.14650781087 0.190129500656 -0.00905813629999 0.410828491513 0.0211335572797 0.459972566552 0.748458875131 90541.0 64.0952042268 20.3642095391 0.87645165601 616.0 616.0 616 573 50.4505832029 1.38843014393 0.401661384216 9.29076798603
CATLIN micro 62273.0 441 577842.45638 0.202438369148 0.0334 0.634941780768 0.201502724107 -0.0124931789545 0.58718174043 0.07888191672 0.17147078188 0.932168863171 10678.0 30.8255584282 10.2212936379 1.3355841305 441.0 441.0 441 364 39.8576602368 1.76721217662 0.151962023813 2117.29803031
CATLIN micro 35328.0 158 1812671.09603 0.204199089599 0.027 0.984261466637 0.136570411392 -0.0338144497721 0.39555580766 0.0408142660204 0.389322916667 0.765646886635 13754.0 60.9346693841 8.07036190933 1.65895016814 158.0 158.0 158 122 14.9917433742 0.840615824124 0.343536223069 14.276128208
CATLIN micro 37428.0 346 839515.175639 0.287432675198 0.0138 0.956311040934 0.174222908756 -0.0128201678119 0.430188033125 0.0329491295806 0.394116704072 0.7903555961 14751.0 57.0775889708 13.3845218427 1.70653545728 346.0 346.0 346 289 32.7629902408 1.78845405786 0.34759987835 13.7793610835
CATLIN micro 174316.0 629 4848778.04466 0.173334916819 0.0156 1.3009560388 0.173465027477 -0.00974220042006 0.523695795216 0.04493216657 0.256465269969 0.898198702094 44706.0 39.5953326143 15.8820680907 1.13293387566 629.0 629.0 629 511 52.0357537665 1.50654469187 0.227282766243 79.7672071726
CATLIN micro 41020.0 410 288308.740891 0.257625066609 0.0336 1.37543934352 0.304230535967 -0.0123636613199 0.657842203633 0.12551558692 0.238517796197 0.927481667503 9784.0 30.024378352 14.9539199284 0.818724954139 410.0 410.0 410 376 38.5056601703 2.02435198894 0.211380147463 123.305869285
CATLIN micro 53948.0 560 499193.676003 0.243381039405 0.0183 1.18033510076 0.283825562182 -0.00934539548283 0.620355109092 0.0888763019872 0.296174093572 0.902333808903 15978.0 33.4915103433 20.4997997834 0.849566520526 560.0 560.0 560 483 51.3042857342 2.41101744416 0.262428251417 38.6379896527
CATLIN micro 13267.0 102 509118.817026 0.222394477506 0.0325 1.07291337571 0.254608589497 -0.0532394036027 0.466344362901 0.0756801353878 0.527097309113 0.698053361187 6993.0 66.0511042436 8.97575264248 1.03327493916 102.0 102.0 102 90 10.639379261 0.885551467716 0.452909841147 7.02855943309
CATLIN micro 27922.0 368 102692.578338 0.236151427868 0.0532 1.09545986454 0.254118616145 -0.0138725268829 0.645885357128 0.121034397833 0.126996633479 0.948942004224 3546.0 23.6695079149 7.95768254394 1.26348921725 368.0 368.0 368 298 35.8497507882 2.20229025615 0.112547836031 206717.022365
CATLIN micro 79108.0 516 1301732.7891 0.21242964793 0.0178 1.22249384718 0.194160431446 -0.0105307441209 0.531960423374 0.0519118914166 0.267697325176 0.890937649743 21177.0 40.7013197148 14.5509964408 1.26320508175 516.0 516.0 516 435 45.6618199455 1.83459201614 0.237232048184 63.1382120099
CATLIN micro 14577.0 304 53807.974455 0.286894694227 0.0411 0.946764022361 0.264689010806 -0.0147347522625 0.619032176365 0.110340921926 0.2278932565 0.919982687663 3322.0 31.2341359676 10.5359591137 1.46694773707 304.0 304.0 304 232 31.604638784 2.51790596515 0.201964895185 166.786312236
CATLIN micro 19621.0 272 128450.272941 0.25118280983 0.0391 1.12071326945 0.247755818346 -0.0181628376436 0.593322710164 0.0989970253357 0.249069874114 0.905904040738 4887.0 35.0389888385 10.1556836635 1.28664373401 272.0 272.0 272 214 27.4170627018 1.94181716215 0.22073045204 94.4866845658
CATLIN micro 38622.0 465 354093.645328 0.265307796667 0.0192 1.10763647457 0.285835584265 -0.0106173269959 0.609148291156 0.0887014164253 0.312412614572 0.887704004048 12066.0 40.4898762363 18.1040861612 0.998578890612 465.0 465.0 465 421 43.9328317169 2.3661134983 0.276758494108 30.7266406526
CATLIN micro 55001.0 690 220347.984916 0.253010204623 0.0281 1.1060145056 0.291686053666 -0.0073693606379 0.664137268853 0.110020740983 0.190069271468 0.948364198674 10454.0 26.2013417938 17.1322727574 0.950003897514 690.0 690.0 690 589 63.1235243369 2.94214313907 0.168444505082 725.452942839
CATLIN micro 30092.0 398 118729.48326 0.260577503444 0.046 1.2431187168 0.262147337779 -0.0122219281311 0.631264222638 0.107742294342 0.133822942975 0.945434291726 4027.0 23.0991625681 7.79538379261 1.26063708735 398.0 398.0 398 344 38.4987816702 2.29433877824 0.118597495308 76422.4221237
CATLIN micro 40808.0 253 713715.733202 0.232227023758 0.0353 1.28996642126 0.249617993217 -0.0210300652413 0.573976766568 0.0910779564102 0.259311899628 0.888044587213 10582.0 41.6732013331 9.61097795722 0.783780996979 253.0 253.0 253 230 23.7363380688 1.25241386221 0.229804606256 74.9878055365
CATLIN micro 102330.0 579 2019243.12555 0.195974140234 0.0153 1.14100325995 0.185891879822 -0.00981946295214 0.525384516615 0.0471960079902 0.290071337829 0.886815074875 29683.0 38.9875891723 16.8900486891 1.21844359939 579.0 579.0 579 459 50.104203897 1.80999375597 0.25703384125 42.4777871027
CATLIN micro 110721.0 406 3973737.08959 0.162747104636 0.0184 1.33783507872 0.205276983647 -0.0158481645068 0.523310592485 0.054759616945 0.323317166572 0.866258280086 35798.0 42.545677875 14.9355522646 0.943248432405 406.0 406.0 406 336 34.8693983396 1.22014384594 0.286355064871 26.7811249497
CATLIN micro 35565.0 432 286797.129882 0.295433393052 0.0231 1.13990895027 0.285739920646 -0.0106527489644 0.601372265255 0.0868931054464 0.252354843245 0.899960012862 8975.0 41.976662449 13.8405776414 1.0906983583 432.0 432.0 432 398 41.1294184604 2.29072175476 0.223641041086 87.4972548109
CATLIN micro 29497.0 115 1624384.72586 0.169048038416 0.0393 1.27204220771 0.173219384138 -0.0527981730871 0.450116654986 0.0654700538847 0.402346001288 0.778471796038 11868.0 56.7888259823 7.46486774159 1.33359448903 115.0 115.0 115 95 11.0765171376 0.669589934012 0.354539404151 12.9989607855
CATLIN micro 86697.0 678 556840.761944 0.215535553056 0.0286 1.17714288396 0.23421674776 -0.00807213531765 0.614636750458 0.0797290879759 0.140027913307 0.948370383994 12140.0 25.3595856835 11.5871640338 1.11495855877 678.0 678.0 678 577 59.5417419866 2.30264855921 0.124096507088 34844.529208
CATLIN micro 135130.0 431 4140813.50568 0.162884889352 0.0232 1.0407154652 0.184059107471 -0.0148543228069 0.524691695642 0.0537559533845 0.194590394435 0.900169496286 26295.0 38.5791460075 10.6907942982 1.00514918235 431.0 431.0 431 362 36.3975174289 1.17246903498 0.172451244717 583.39278266
CATLIN micro 301710.0 943 7110683.61077 0.167442299668 0.0142 1.11598527253 0.174818687247 -0.00657299432822 0.544180588733 0.0430569169953 0.201958834643 0.925355646777 60933.0 32.9276457525 17.1366706402 1.18442938272 943.0 943.0 943 803 74.659860316 1.7167886772 0.178981349345 420.883481337
CATLIN micro 34611.0 208 481970.018743 0.202956089898 0.0546 1.21429024696 0.194278775312 -0.0263090834503 0.564191301442 0.0933124199964 0.196382652914 0.911908212042 6797.0 30.2851694548 6.34320713289 1.40734461611 208.0 208.0 208 183 19.8049606905 1.11803721903 0.174039591611 537.166869212
CATLIN micro 84605.0 537 2164841.53888 0.235412587099 0.0114 0.9819374877 0.171636337864 -0.00947535514923 0.475770519803 0.0352601860184 0.37522605047 0.83603189479 31746.0 45.4311210921 18.9425402525 1.41844446248 537.0 537.0 537 450 47.2423651138 1.84618947518 0.331502468028 15.9503059807
CATLIN micro 71356.0 512 920831.520487 0.213478342219 0.0207 1.1973019395 0.197499706577 -0.0105564165689 0.550767223969 0.0588224229923 0.247085038399 0.905632382381 17631.0 36.4244071977 14.0429054784 1.28476790095 512.0 512.0 512 415 45.7252824364 1.91670251435 0.218971753512 99.1087669547
CATLIN micro 4059.0 104 34101.1933346 0.31555973245 0.0432 1.53112570969 0.308782003904 -0.0418588656319 0.557589224758 0.119662826973 0.446415373245 0.777193697714 1812.0 57.3540280857 8.80578401863 1.25034873461 104.0 104.0 104 80 12.3966565412 1.63238957907 0.390824240174 9.9565846335
CATLIN micro 26144.0 62 6008510.41883 0.169107274598 0.0292 1.38011039883 0.107138626762 -0.0936601054742 0.239677252242 0.0276890029594 0.71339504284 0.447639144732 18651.0 91.9905140759 6.93178319719 1.75366126109 62.0 62.0 62 48 5.99722259911 0.383447289396 0.576071676476 4.41862789279
CATLIN micro 488905.0 594 67253465.9661 0.158573942145 0.01 1.34600737489 0.147725975422 -0.0109893814399 0.453633694914 0.0288789338683 0.380190425543 0.831468728198 185877.0 45.4579110461 19.8766582002 0.923809596192 594.0 594.0 594 543 45.267440005 0.849521169341 0.335753994981 15.3210770277
CATLIN micro 35735.0 259 479448.731825 0.18875324749 0.0383 1.04426651504 0.254123635319 -0.0230242986056 0.592854164897 0.100623747045 0.265090247656 0.899272340162 9473.0 38.0635231566 10.6370239411 0.915578359089 259.0 259.0 259 213 24.6091957659 1.37010190717 0.234923042797 66.5043357213
CATLIN micro 212566.0 742 2086214.42255 0.160391070403 0.0379 1.26405138522 0.223509866972 -0.00881345455476 0.636001258951 0.0889659721036 0.111697072909 0.96443941765 23743.0 18.2752650941 9.95147185863 0.864832848353 742.0 742.0 742 650 60.4059287837 1.60937409009 0.0989889535063 3771755.91815
CATLIN micro 66245.0 474 457649.228539 0.222945462722 0.041 1.21189050455 0.24583977837 -0.01138535211 0.631873498579 0.101612945931 0.145354366367 0.948562958774 9629.0 24.2297531889 9.4936740363 1.05723413853 474.0 474.0 474 428 42.6083315528 1.84162749172 0.128816953207 19152.0727398
CATLIN micro 103247.0 432 2420250.42923 0.177270420108 0.0231 1.01750320444 0.189147501012 -0.0140563776148 0.526736924502 0.0543989146755 0.190978914642 0.899830259121 19718.0 36.0485050413 10.4866008106 1.10391971112 432.0 432.0 432 357 37.3325682343 1.34445114735 0.16925065517 693.527647148
CATLIN micro 103773.0 376 5251965.0906 0.187741453785 0.0143 1.05879937197 0.194893862032 -0.0159108808155 0.470843226535 0.0408322545127 0.384724350265 0.814452786133 39924.0 54.6095805267 14.9475281774 0.958231168678 376.0 376.0 376 323 32.4676418167 1.16720102133 0.339624056877 14.785167786
CATLIN micro 114592.0 565 1602692.01458 0.20577392821 0.0251 0.734157406041 0.211666121961 -0.00994228863277 0.580833420538 0.0685669901118 0.195397584474 0.929393303522 22391.0 31.8085032114 12.8170852183 1.1121914372 565.0 565.0 565 520 48.4156191531 1.66905749815 0.17316659792 561.954524726
CATLIN micro 131564.0 612 2463837.08606 0.183803647834 0.0184 1.06356439886 0.204344693296 -0.0098161365841 0.55946294756 0.0576617359486 0.246191967407 0.911394092588 32390.0 35.5910431425 16.0576599332 1.02319840465 612.0 612.0 612 514 51.8356755959 1.68726340654 0.218180417252 101.295576732
CATLIN micro 970916.0 822 79676866.5824 0.122370648132 0.0172 1.49516075331 0.155084228836 -0.0090999191265 0.527925801298 0.0409024116087 0.178933089989 0.929391026336 173729.0 29.3331245957 13.6422220432 0.938587818324 822.0 822.0 822 753 59.5531904674 0.834220750889 0.158575322102 1326.76628251
CATLIN micro 5465.0 180 20472.9470826 0.348312872492 0.0433 1.20382511749 0.263754193352 -0.0211185920945 0.590731061246 0.11447566099 0.311619396157 0.87174204306 1703.0 41.4089661482 9.58056952669 1.85412684886 180.0 180.0 180 128 20.7991536798 2.43487921251 0.276059472844 31.050366848
CATLIN micro 215308.0 706 3729060.58342 0.155460657335 0.0244 0.937913898578 0.217295720931 -0.0094121537081 0.601274270994 0.0718174315893 0.184275549445 0.941872449648 39676.0 27.5995318335 14.7629798038 0.861030981609 706.0 706.0 706 605 57.4112423572 1.52150932238 0.163309953304 980.566566076
CATLIN micro 110274.0 438 2625909.62985 0.170587920401 0.0236 1.03272078321 0.208618705933 -0.0142872930379 0.550941644501 0.0629971582738 0.24514391425 0.903351023169 27033.0 38.0706240818 12.7113924134 0.995344727381 438.0 438.0 438 374 37.637620225 1.31897798382 0.217251742791 103.951697985
CATLIN micro 77334.0 485 936179.884528 0.223801218545 0.0265 1.11197487687 0.20174447483 -0.0108998166255 0.558216471561 0.0631537522539 0.178433806605 0.922174000684 13799.0 33.4755734864 10.7685125132 1.29171923722 485.0 485.0 485 431 42.999713372 1.74404024175 0.158132843735 1366.57488518
CATLIN micro 43177.0 559 194509.84566 0.253699519054 0.0298 1.09778581782 0.258814209165 -0.00887928027013 0.633684377968 0.0969171106314 0.184079486764 0.939991270897 7948.0 30.6088889918 13.6248115195 1.19671072719 559.0 559.0 559 465 52.2811481797 2.69020624219 0.163136197289 991.078606178
CATLIN micro 273041.0 846 15547181.0264 0.206096134736 0.0067 1.15592835093 0.208062466532 -0.00682423503232 0.48335501599 0.0295847928276 0.392171871624 0.822599007391 107079.0 51.0344600261 24.3533414007 0.709145552522 846.0 846.0 846 783 67.5061543158 1.61903571859 0.345953092138 13.9769203892
CATLIN micro 10987.0 248 63906.6733544 0.342058937708 0.0299 1.25372216378 0.242654809056 -0.0159362552567 0.536582920661 0.073956862775 0.250659870756 0.865204730026 2754.0 46.1454446164 8.8546166637 1.7866507053 248.0 248.0 248 195 26.5463860028 2.36598571711 0.222139259908 91.0060728125
CATLIN micro 84199.0 498 1340434.38682 0.199087514445 0.0209 1.18941695425 0.191461865228 -0.0113396098049 0.548894971975 0.0588209277615 0.258150334327 0.904022215576 21736.0 35.9968645708 14.548755677 1.22067008442 498.0 498.0 498 406 43.8235343334 1.71623152825 0.228775592669 76.8856912574
CATLIN micro 21778.0 241 125564.141113 0.214168643264 0.0613 1.09305676527 0.288279237222 -0.0230615395478 0.652607440064 0.145219644286 0.193727615024 0.932311547845 4219.0 30.7558086142 8.40422613129 0.953410736495 241.0 241.0 241 203 24.0272575664 1.63308220247 0.171686626694 607.504208517
CATLIN micro 84207.0 308 1332787.84977 0.163021510979 0.0533 0.990860223524 0.203144415763 -0.0206624255434 0.591507965545 0.0933164433407 0.130927357583 0.939049633307 11025.0 23.36979111 6.26737369018 1.06912323484 308.0 308.0 308 264 27.0698437266 1.06139397708 0.116031349569 114440.277327
CATLIN micro 32100.0 196 513945.580115 0.185644061533 0.0498 1.21951677825 0.175599211647 -0.0288409673424 0.534751568383 0.0811205663903 0.211308411215 0.897636298173 6783.0 33.6074766355 6.31030047292 1.48382839053 196.0 196.0 196 148 18.7922621549 1.09396532148 0.187267172621 290.801085035
CATLIN micro 200384.0 495 8392523.30824 0.149016027159 0.0192 1.06202482202 0.189178575116 -0.0135589048995 0.53127510628 0.052658378847 0.256996566592 0.894728998816 51498.0 40.9957880869 13.9861456249 0.992111763587 495.0 495.0 495 425 40.4652991556 1.10579259703 0.227753457175 78.8417613941
CATLIN micro 514393.0 662 35439695.6497 0.137066097771 0.0168 1.3836200689 0.172546296802 -0.010630449784 0.525902008235 0.0445439048469 0.222876283309 0.909957208308 114646.0 36.6441611764 14.5826463712 0.960196254851 662.0 662.0 662 604 50.26332032 0.923018624993 0.197518826111 195.00649708
CATLIN micro 77463.0 378 718824.894089 0.203208549458 0.0553 1.07998646162 0.259811596689 -0.0152685885778 0.644938915571 0.119241785266 0.105663348954 0.952192219909 8185.0 20.5788570027 6.93948108239 0.816281049855 378.0 378.0 378 354 33.4886196125 1.35814032327 0.0936417048763 16826931.6933
CATLIN micro 888018.0 858 97143083.414 0.1242330765 0.0109 1.60854614285 0.160337989747 -0.00867168657361 0.504657264958 0.0341047135864 0.280329903223 0.893262396932 248938.0 39.8975020777 20.4675802566 0.905067106665 858.0 858.0 858 754 62.5696000464 0.910492564234 0.248416168272 49.9694005559
CATLIN micro 134096.0 919 462731.241154 0.202010579028 0.044 0.79693093065 0.227259555755 -0.00616451342791 0.664664041628 0.100480939837 0.0750208805632 0.975288599279 10060.0 13.5425366901 8.96006411786 1.10926542083 919.0 919.0 919 794 77.7550228274 2.50961787919 0.0664855243263 1.6861980536e+13
CATLIN micro 26250.0 132 1080829.34004 0.20446496509 0.0356 0.942430956325 0.146358441558 -0.0402995470257 0.413145067655 0.0497560342624 0.293904761905 0.786944124807 7715.0 57.9123809524 6.29163070685 1.67524695382 132.0 132.0 132 106 12.8741598553 0.8147216878 0.260422777091 39.9997307542
CATLIN micro 14764.0 341 59118.9737795 0.336956215436 0.0308 1.22497889564 0.365997460733 -0.0126950142741 0.672250591311 0.145367552137 0.288404226497 0.904853264008 4258.0 35.1530750474 15.6092193945 0.883325531235 341.0 341.0 341 299 35.4168619606 2.80641802279 0.255559593221 43.6310791896
CATLIN micro 42025.0 374 665908.538379 0.290878998388 0.0187 1.25678512206 0.272199575628 -0.0125290717575 0.553688253256 0.0685813539381 0.30508030934 0.85668649033 12821.0 51.3027959548 13.404301434 0.932234323281 374.0 374.0 374 346 35.0365677936 1.8243902439 0.270292756283 33.9432980458
CATLIN micro 85008.0 612 2076146.34062 0.237568029609 0.0092 1.03492404225 0.214983457151 -0.00854977449341 0.497905540204 0.0383115890598 0.396856766422 0.822824605934 33736.0 48.8530491248 21.228461187 1.05158580644 612.0 612.0 612 517 53.8302246668 2.09904390593 0.349915695019 13.509820293
CATLIN micro 219937.0 708 5598319.19663 0.166397026564 0.017 1.31366973743 0.167248850589 -0.00879027329199 0.530667550996 0.0446113102483 0.216934849525 0.916763613858 47712.0 34.0570254209 14.8579207303 1.18171887935 708.0 708.0 708 570 57.4745515214 1.50967724561 0.192253438997 237.698111916
CATLIN micro 41566.0 463 774648.741644 0.281248485778 0.0103 1.23047520051 0.238809152978 -0.01026567049 0.496311139403 0.0433673758097 0.430231439157 0.790697140825 17883.0 57.3665977 18.557969497 1.07606937894 463.0 463.0 463 391 43.4413124333 2.27097249557 0.377680984241 10.8930589428
CATLIN micro 118751.0 600 2107504.53589 0.195441367226 0.0183 1.16768830728 0.174597701633 -0.00941757762671 0.528029593234 0.047254246173 0.22267601957 0.90881318577 26443.0 36.6396914552 13.6378909803 1.31138980534 600.0 600.0 600 481 51.2632490831 1.74113566918 0.197341350233 196.266208146
CATLIN micro 173502.0 687 2294955.38195 0.165325692606 0.0271 1.01157486728 0.232381852412 -0.00937189420127 0.610236994401 0.0770462832576 0.158891540155 0.946245876822 27568.0 24.9000011527 12.6254425075 0.856823536971 687.0 687.0 687 590 56.8636572693 1.64931836326 0.140813961112 5379.04103688
CATLIN micro 94681.0 675 248964.620868 0.190693733245 0.0733 0.895222254648 0.263952414091 -0.0087862547071 0.705571459631 0.145617480045 0.046957678943 0.979799983331 4446.0 9.17713163148 6.07593159801 0.928330131983 675.0 675.0 675 592 58.8221503642 2.19367534776 -0.041615159436 -5.63005627778e+31
CATLIN micro 19645.0 510 35620.2501059 0.312454282114 0.0401 1.10540409237 0.345179385065 -0.0087453766979 0.701177975374 0.153549828915 0.183252736065 0.951059467938 3600.0 25.9455332146 14.6048886557 1.06154192413 510.0 510.0 510 412 51.4891484548 3.63868247869 0.162403508607 1037.02418287
CATLIN micro 22724.0 345 53923.7031008 0.234143999086 0.0747 1.03089373113 0.286768761368 -0.0150433432381 0.686323914307 0.157494178765 0.0913131490935 0.961178780806 2075.0 18.0602006689 6.28196097931 1.12230398131 345.0 345.0 345 280 34.2930847457 2.28863589306 0.0809241713745 2023488845.68
CATLIN micro 10783.0 105 249560.329304 0.215272145853 0.0409 1.26832968371 0.238212706951 -0.0513219640691 0.496774071231 0.0874447965336 0.445979782992 0.767257950806 4809.0 57.3309839562 8.32008421223 1.21852183332 105.0 105.0 105 86 11.1999857515 1.01115910416 0.390473398894 9.97962936891
