FECES micro 108384.0 96 15732774.8 0.0837526834284 0.0757 0.0705649157021 0.165338057278 -0.0935914848263 0.510624845907 0.0977350090989 0.258285355772 0.862350680757 27994.0 40.5825583112 4.69890887396 0.963180299175 138.222611787 116.100694322 116 132 8.19429218418 0.291600755976 0.228895207754 76.6614629148
FECES micro 114806.0 89 19275395.8616 0.0818691165806 0.0803 0.0698575298434 0.175405035989 -0.101983250326 0.503139448951 0.0973620959698 0.221765412958 0.860070487375 25460.0 39.2975976865 3.99521073339 0.984276518104 98.5790308051 100.369912281 103 108 7.55300037373 0.2626683305 0.196534360022 202.137959751
FECES micro 156270.0 109 33633501.3344 0.0840033550585 0.0581 0.06991583799 0.157358206773 -0.0832007206707 0.477003632298 0.0775240255719 0.24080757663 0.842079922244 37631.0 45.3119600691 5.11639154856 0.861088731903 125.285818502 126.774772391 128 137 9.03059825611 0.275732965622 0.213409227289 116.075293749
FECES micro 96674.0 90 9544752.06542 0.0738325329822 0.1089 0.0644781373448 0.19954716079 -0.109329298445 0.571482182374 0.135800413293 0.170128473012 0.897994875181 16447.0 30.7052568426 3.3844245559 0.586881491198 119.765013773 137.095238095 113 128 7.75322122501 0.28945940512 0.150772433558 2317.29711036
FECES micro 102748.0 102 12320105.3927 0.0879362035832 0.0768 0.0719372112777 0.168178456028 -0.0863917688989 0.520925529493 0.100255409862 0.212101452096 0.872329943405 21793.0 40.3832678008 4.45640360016 0.919462816525 114.353061403 110.248594255 117 124 8.75214008541 0.318209750637 0.187969983218 282.401316732
FECES micro 124412.0 101 13451764.4604 0.0775558883792 0.1023 0.0659650739799 0.198432833992 -0.0952108634693 0.570633131169 0.129229794263 0.156174645533 0.903192019433 19430.0 30.0557824004 3.50262861664 0.654212454396 111.434866482 115.943924829 117 122 8.52416530112 0.286345417908 0.138406175944 6768.99098388
FECES micro 85742.0 89 14212266.264 0.0826815410607 0.062 0.0703104133571 0.17291789138 -0.101321035515 0.483206184448 0.0880565642094 0.352359403793 0.818642707498 30212.0 49.4635067995 5.97792885365 0.964612251668 145.222877944 114.372399424 112 131 7.74709395825 0.303943739124 0.311750626419 19.5660614269
FECES micro 27456.0 62 1525691.84241 0.101542352446 0.1155 0.0767026333942 0.216948877735 -0.133220034203 0.558243654004 0.147764330151 0.263184731935 0.860412146296 7226.0 40.0932400932 3.6912939464 0.816829367707 70.0002913859 68.1802642919 71 76 5.96849028372 0.374173525929 0.233235248769 69.1370225936
FECES micro 126963.0 88 21005630.9654 0.0753225170748 0.0911 0.0662849065377 0.179574954908 -0.108745032175 0.530408300121 0.112057950874 0.217480683349 0.875265714734 27612.0 37.3077195718 3.86919654713 0.864570546203 107.091059458 98.973769009 103 113 7.40321509849 0.246969933193 0.192737166861 233.270080147
FECES micro 49577.0 71 5299067.74165 0.084750832434 0.0854 0.0705783049883 0.19760526164 -0.126522028354 0.514056689215 0.113521008141 0.280755188898 0.834998888588 13919.0 52.2681888779 4.54591929214 0.869269282844 87.0003227368 96.5784615385 88 97 6.47471762246 0.318873352 0.248792539471 49.6010679461
FECES micro 60612.0 85 7850607.00504 0.0913862648913 0.0615 0.0722573523699 0.176888676674 -0.103206863047 0.47481217491 0.086232132498 0.345657625553 0.808734946311 20951.0 51.89071471 5.48202271817 0.727820461641 95.8801795054 102.245042365 102 107 7.62787023013 0.34525471513 0.305916397224 20.9110446919
FECES micro 121001.0 94 19973106.4879 0.0807947782466 0.0774 0.0697484738731 0.164442372289 -0.0967108024237 0.500072516643 0.0935328442773 0.194841364947 0.862494124688 23576.0 36.9534136082 3.96933729667 1.0243266616 116.80018843 112.300356082 113 125 7.9463041135 0.270229883401 0.172673661441 576.614412447
FECES micro 108793.0 109 19970093.4619 0.0798854077943 0.0479 0.0687397620316 0.167871195841 -0.0846356243636 0.465108588707 0.0728138350724 0.367054865662 0.808603210389 39933.0 50.2541523811 6.86859100473 0.862597001705 146.826434648 149.099568022 139 158 9.31259086948 0.330465420064 0.324474526981 17.0946620931
FECES micro 68133.0 90 8134435.44831 0.0825182700929 0.0665 0.0711568462152 0.168690649171 -0.0989935862966 0.48944196823 0.0904119175215 0.294394786667 0.832932776856 20058.0 52.2639543246 5.2730269918 1.01195093497 137.765406944 142.427546772 119 140 7.99696873102 0.3447972183 0.260855874244 39.6993565353
FECES micro 134054.0 91 28829907.2852 0.0714998385991 0.0707 0.064570328687 0.177887802144 -0.107972434635 0.501774141265 0.0957337903566 0.271174302893 0.844624618156 36352.0 50.1551613529 5.09633922549 0.810303719444 115.095417839 125.360968832 114 127 7.62324372161 0.248542981431 0.24031110466 59.0325910372
FECES micro 51084.0 71 5915420.25352 0.0877959531179 0.0815 0.0714710080999 0.193111925015 -0.124928608485 0.498158783982 0.105146797987 0.289816772375 0.827238540251 14805.0 49.7083235455 4.3155598708 0.857796603396 85.0002740638 87.6193703988 86 94 6.45683394342 0.314134691644 0.256808742139 42.6507979579
FECES micro 146407.0 98 28672505.1211 0.0760321306264 0.0729 0.0666239536784 0.176660519884 -0.0971480507662 0.500506864395 0.0919848215262 0.220242201534 0.860044029178 32245.0 40.6524278211 4.30478813887 0.858250369588 125.176656212 125.741669234 120 134 8.15527256005 0.256120979972 0.195184469422 212.513197845
FECES micro 22496.0 56 1250485.55325 0.0956812726822 0.1161 0.0734664777421 0.226605364763 -0.154052580885 0.552407768675 0.149833917428 0.261868776671 0.846239319581 5891.0 47.8396159317 3.59478758273 0.656395266546 78.2867049821 74.2226493116 69 79 5.48842338129 0.373366522944 0.232069590518 71.0467146464
FECES micro 213468.0 97 73924472.1493 0.0695412794467 0.0621 0.0628665889306 0.16909519165 -0.104057543783 0.477192524936 0.0820108718558 0.284571926471 0.83395296918 60747.0 46.2935896715 5.04372734014 0.685751286391 110.304410151 115.298534627 115 122 7.82316886085 0.20994490701 0.252169739042 46.4743482506
FECES micro 178257.0 95 45181781.8999 0.0742041183243 0.073 0.0655512617938 0.157782834541 -0.101867771876 0.499084363848 0.092619551115 0.264718917069 0.85581474132 47188.0 42.8678817662 4.73947515689 0.835048447108 117.800127906 119.882622068 114 126 7.774389462 0.225009217152 0.234594148735 67.0055144615
FECES micro 83728.0 93 9710639.88663 0.0820765253853 0.0778 0.0682614844889 0.204741698156 -0.0998970306527 0.531335161805 0.109949752431 0.237554939805 0.861810692632 19890.0 45.4220810243 4.78474482489 0.717709055159 113.117887336 116.334686404 112 123 8.11621808266 0.321401270987 0.210526905865 126.538530155
FECES micro 148405.0 98 34572140.9061 0.0771468043809 0.0628 0.0670820203319 0.163525762719 -0.0964797943038 0.488544615772 0.0865254288688 0.322644115764 0.837530618494 47882.0 45.1837876082 5.83333268044 0.878492207734 114.285824025 120.40669146 117 126 8.14598936327 0.254391038982 0.285763515802 26.9999780056
FECES micro 156516.0 106 35410596.8765 0.0801131230128 0.0585 0.0695529695719 0.147299908334 -0.086005413851 0.466713520015 0.0744315315693 0.292775179534 0.838789351823 45824.0 46.4878990007 5.36577537904 1.04246351515 165.091286632 132.689589916 132 153 8.77859369379 0.267933177843 0.259424324637 40.7058950832
FECES micro 126883.0 87 22856275.4101 0.0709575972699 0.086 0.0639824067768 0.184386629695 -0.113981556625 0.520098226282 0.107015079959 0.204755562211 0.866410984521 25980.0 40.6421664053 3.96116077052 0.767430968162 137.182213682 132.520020146 111 130 7.31851320279 0.244240417338 0.181459880413 374.980669
FECES micro 139857.0 91 34582262.2545 0.0757317142037 0.0646 0.0667638836237 0.160947834707 -0.104400092454 0.479770959257 0.0856383731409 0.292463015795 0.829889991369 40903.0 52.5980108253 5.22348494779 0.905661814564 111.117790904 108.07159654 110 121 7.59597786999 0.243332035037 0.259148375742 40.904498802
FECES micro 49431.0 87 3964044.51644 0.0947008115057 0.0761 0.0728799738203 0.214664258573 -0.0999653780102 0.53459719306 0.114951511779 0.287977180312 0.848985196555 14235.0 45.4168436811 5.10086502434 0.641025772172 108.818623214 99.4621575758 103 114 7.95682365706 0.391308745675 0.255181910891 43.9343576194
FECES micro 58418.0 85 5228047.19972 0.0909269950354 0.0838 0.0717781221705 0.213482951467 -0.103901862735 0.532947271467 0.115152433852 0.252678968811 0.859551037778 14761.0 43.8974288747 4.40976502536 0.717889912156 93.2106668661 95.2894861617 98 102 7.65349400635 0.351678309832 0.223928218083 86.8487766222
FECES micro 90934.0 115 10341382.0232 0.0878766482004 0.0575 0.0716550949407 0.178142675863 -0.076930007737 0.499793629434 0.0852044695666 0.275023643522 0.848733463746 25009.0 48.201992654 5.78331951485 0.865604266182 134.034692083 140.630769231 139 149 9.98433226383 0.381359608203 0.243719297821 54.9400445897
FECES micro 33667.0 70 3001589.25901 0.0966965583768 0.0725 0.0750073633049 0.179632874922 -0.120687431426 0.477974544534 0.0959305673969 0.34556093504 0.802992001648 11634.0 52.9420500787 4.82211978614 0.82918735779 101.091832602 96.9620225694 89 103 6.61916637244 0.381501131629 0.305832093718 20.9316165599
FECES micro 174832.0 108 38839816.3205 0.0789076147953 0.0638 0.067586107519 0.166081766538 -0.0868886426972 0.498760030009 0.0872163086179 0.282768600714 0.854778255745 49437.0 43.5069094903 5.4857924828 0.855170037738 120.952455038 121.703155113 125 132 8.86379355325 0.258293390213 0.250574213718 47.9126333899
FECES micro 116288.0 104 15070440.8305 0.0817074984971 0.0773 0.0684187964057 0.187296261801 -0.0891240196468 0.532652936909 0.105514879989 0.217253714915 0.875597437579 25264.0 40.1606356632 4.59844547132 0.786400523907 122.000154789 119.351408637 122 132 8.83072222533 0.304976157752 0.192536023342 235.097548215
FECES micro 116878.0 95 19186001.2314 0.0818072816945 0.0738 0.0692756995067 0.165168268127 -0.0963510902668 0.498884225697 0.0925254843196 0.231891373911 0.857451540966 27103.0 39.2049829737 4.28599958948 0.908962500671 107.952491773 110.076563018 112 119 8.05561049495 0.277879954817 0.205508000603 148.214508175
FECES micro 38851.0 64 3262989.28348 0.0863135863795 0.1029 0.0702740843658 0.209760929577 -0.140973000208 0.535567123254 0.131354865741 0.260224962034 0.848182938595 10110.0 46.2381920671 3.79086563219 0.74321738789 76.1336456456 78.0395189003 78 85 5.96168109858 0.324697446403 0.230613452478 73.544112414
FECES micro 146765.0 93 34379808.8011 0.0801122784096 0.0682 0.067684439778 0.169053812528 -0.100755239558 0.48744423025 0.0881538335015 0.244050011924 0.84240666577 35818.0 44.2223963479 4.59053761135 0.772051501185 104.052706888 107.706153389 108 114 7.73330978672 0.242756964939 0.216282429854 106.832242228
FECES micro 233931.0 108 59012842.1207 0.0735047668912 0.0743 0.0651395500373 0.164537240088 -0.0901762711134 0.515619703123 0.0951477776368 0.232867811449 0.87535430608 54475.0 37.6841889275 4.61487953155 0.83273793537 115.28003112 117.286787611 122 124 8.65501021604 0.223295446452 0.206373304627 144.121892244
FECES micro 62058.0 69 9037584.62404 0.0830417056917 0.0833 0.0700699886171 0.193733912315 -0.13114153543 0.499108680367 0.106990209175 0.31515678881 0.825931920705 19558.0 48.9558155274 4.48916589719 0.907891983812 83.1820467107 78.742917623 82 90 6.1617506424 0.276981143061 0.279175865828 29.6479739589
FECES micro 146421.0 103 32781579.9935 0.0765260249101 0.0586 0.0670246376956 0.158865150318 -0.0918754843805 0.480159283552 0.0809535332147 0.312468839852 0.834327638752 45752.0 48.6337342321 5.76692923852 0.86921255642 121.260994281 122.360623838 124 134 8.57557849359 0.269175507419 0.276808038026 30.7039022989
FECES micro 67791.0 81 9092579.96944 0.0830159933865 0.0724 0.0702743387311 0.167932813107 -0.111385667771 0.478188858844 0.0897177427505 0.271525718753 0.829371771941 18407.0 49.7632429084 4.42274440185 0.903916700033 173.858512634 134.936397795 107 130 7.1915382566 0.311099274787 0.240622275296 58.6401552385
FECES micro 134557.0 104 26244023.1799 0.0840201375272 0.0605 0.0712688537235 0.148479754934 -0.0855317610377 0.469435441127 0.07619849112 0.233611034729 0.841086252418 31434.0 45.5910877918 4.8199593496 1.06042707205 113.272796186 118.640678388 122 124 8.72161218322 0.283517709358 0.207031935133 141.112525287
FECES micro 63546.0 81 8013504.92778 0.0838021922647 0.0722 0.0698299985071 0.187056678685 -0.112100206015 0.507415088134 0.103726218259 0.348613602744 0.828896160379 22153.0 45.4332294716 5.81765032125 0.817219537816 113.30820073 113.174700434 102 117 7.23358742798 0.321322331607 0.308491941092 20.2986049333
FECES micro 161269.0 104 39316968.808 0.0756547664921 0.0582 0.0656328632006 0.16724207094 -0.092935777292 0.479099739969 0.0801422639344 0.297657950381 0.83467498754 48003.0 46.7132554924 5.44915743359 0.724645341869 124.000124017 126.722001646 125 136 8.58989812205 0.258975030453 0.263739260554 37.7866763041
FECES micro 129430.0 91 17982495.5487 0.0702363917663 0.1021 0.0632732218233 0.192155545914 -0.110200979443 0.555051182103 0.124759563323 0.152800741714 0.892400880798 19777.0 30.533879317 3.39055339155 0.715891883 151.000463575 116.365037035 112 130 7.64597733478 0.252943728952 0.135416131536 9153.58443611
FECES micro 156869.0 93 24817484.2043 0.071380878925 0.1039 0.0637540100697 0.193621182581 -0.107012478748 0.559183654586 0.126204616447 0.158527178729 0.896463689122 24868.0 31.2783277767 3.38039543224 0.739956304992 99.7826519333 103.164847569 106 108 7.69027173715 0.234808808363 0.140491054205 5543.81888593
FECES micro 170963.0 106 36380539.9322 0.0814333586981 0.0673 0.0684489057729 0.178724647361 -0.0874036722619 0.514746553893 0.095510193054 0.287804963647 0.859872480394 49204.0 42.9537385282 5.65731694535 0.808295597465 111.739164004 115.305478154 118 119 8.71426972383 0.25636267835 0.255029596914 44.0575904071
FECES micro 134061.0 93 29316474.8612 0.0827270111386 0.0669 0.0699986089827 0.154423443733 -0.0973985821961 0.469885869359 0.0805784942703 0.249968298014 0.839177041165 33511.0 42.6828085722 4.37938098073 0.974072584507 116.53863712 109.184648927 111 123 7.79261467192 0.253998833 0.221526499888 92.4967040985
FECES micro 224451.0 106 66572386.1557 0.0766404345458 0.0637 0.0670726065234 0.150948524042 -0.0892109127448 0.477951727972 0.0789488614834 0.214995700621 0.851813692191 48256.0 41.6077451203 4.61244100337 0.930664856705 118.95243866 119.825864304 123 130 8.52175010776 0.223740751747 0.190534927712 254.389204064
FECES micro 106474.0 102 11445027.4067 0.0834675693033 0.0877 0.0709634952549 0.179349685664 -0.087587264212 0.544429422531 0.112905030243 0.210708717621 0.888231090774 22435.0 35.8303435581 4.2693227117 1.00772710421 112.000093921 111.771422066 117 122 8.72520737507 0.312592379794 0.186735710495 297.378313461
FECES micro 123727.0 88 16379976.9999 0.0746425563038 0.1088 0.0643926670847 0.208126377207 -0.111963488437 0.57290855757 0.137954229878 0.170811544772 0.895546246939 21134.0 33.4599561939 3.51538267204 0.569156210406 97.5790247891 102.792766947 102 107 7.41951564976 0.250178757206 0.151377790141 2212.71284666
FECES micro 153357.0 115 29194772.0226 0.081922798732 0.0579 0.0697486004221 0.149262632715 -0.0790504243572 0.486698370885 0.079542858115 0.302262042163 0.849789264572 46354.0 44.3096826359 6.05354050037 0.975735323993 127.727355719 135.917524136 136 141 9.54731984622 0.29366084103 0.267805288042 35.3260359023
