FECES micro 108364.0 76 19499588.9081 0.0966277170522 0.0956 0.0760093082358 0.198055675899 -0.109680445886 0.537732364855 0.123538182627 0.258333025728 0.862299867791 27994.0 40.5900483555 4.12063844727 0.977821101961 76.0 76.0 76 72 6.46928101916 0.230871900754 0.228937438325 76.5825282555
FECES micro 114792.0 75 22549099.4389 0.0892257839031 0.0953 0.0728528790247 0.194987804028 -0.116003344292 0.522790683022 0.115618177679 0.221792459405 0.860036354828 25460.0 39.3023904105 3.60956511828 0.958272208562 75.0 75.0 75 66 6.35145315926 0.221363214176 0.196558328918 201.96009439
FECES micro 156251.0 90 40282998.4231 0.0963508186496 0.0703 0.0750789189276 0.178548261736 -0.0937777055112 0.497017967255 0.0939368925757 0.240836858644 0.84204151477 37631.0 45.3174699682 4.59990160489 0.880181094015 90.0 90.0 90 80 7.44195755938 0.227683262947 0.213435175189 115.986785722
FECES micro 96651.0 67 12331844.0692 0.0955085851614 0.1463 0.072675234156 0.248374324794 -0.130174686575 0.611032391305 0.182657881303 0.170168958417 0.897946323629 16447.0 30.7125637603 2.80543306164 0.46832420983 67.0 67.0 67 59 5.74969896585 0.21551208412 0.150808312814 2310.92910239
FECES micro 102733.0 87 14261871.7878 0.0969938700944 0.09 0.0756694668748 0.188323800196 -0.0962472185382 0.539148403714 0.117550599121 0.212132420936 0.872292660007 21793.0 40.3891641439 4.07026162736 0.918879948926 87.0 87.0 87 79 7.45241158473 0.271434012883 0.18799742849 282.079988027
FECES micro 124396.0 85 15671143.1812 0.0890460730262 0.1215 0.0704520829562 0.222541485162 -0.105874007005 0.592493475556 0.153629859179 0.15619473295 0.90316711569 19430.0 30.0596482202 3.1482027237 0.613156156391 85.0 85.0 85 74 7.16037735362 0.240999264895 0.138423977954 6757.21465339
FECES micro 85719.0 66 18799279.5937 0.0958553592641 0.0835 0.0749871158122 0.215733967965 -0.128036705258 0.51703608374 0.118847524611 0.352453948366 0.81854537451 30212.0 49.4767787772 5.10005675142 0.878362602412 66.0 66.0 66 62 5.72242046392 0.225426717702 0.311832800701 19.5481700278
FECES micro 27447.0 53 1750227.92453 0.114481661223 0.1351 0.0817557562414 0.241294542965 -0.146113116611 0.579560132179 0.172776737076 0.263271031442 0.86032060021 7226.0 40.1063868547 3.36369324757 0.835480995514 53.0 53.0 53 49 5.08805657273 0.319910451273 0.233311690172 69.01446105
FECES micro 126948.0 73 24859762.2081 0.0834440273119 0.1098 0.0694320739235 0.203895587062 -0.125103762035 0.553225251511 0.135220421448 0.217506380565 0.875236237062 27612.0 37.3121278004 3.46099797928 0.806269304987 73.0 73.0 73 68 6.12686030193 0.204884888875 0.192759940194 233.064399447
FECES micro 49560.0 54 6793729.6478 0.097226952587 0.1122 0.0746038993219 0.237409200969 -0.157300606566 0.548500392961 0.149377316413 0.28085149314 0.834885679207 13919.0 52.286117837 3.89589385034 0.738789417291 54.0 54.0 54 46 4.90244171705 0.242564985926 0.248877765592 49.5182390734
FECES micro 60595.0 68 9681730.39223 0.106220100332 0.0768 0.0773930030824 0.197222882882 -0.120371211811 0.49926362103 0.10777057829 0.345754600215 0.808627616606 20951.0 51.9052727123 4.85590478655 0.645572277965 68.0 68.0 68 56 6.08428957169 0.276242514037 0.306000944905 20.8904474097
FECES micro 120982.0 75 24568939.4641 0.0897593751196 0.0969 0.0733052458797 0.1939381616 -0.115281179537 0.525847100972 0.117333498533 0.194871964424 0.862450932507 23576.0 36.9592170736 3.46710885119 0.982935963721 75.0 75.0 75 68 6.32295047871 0.215625879351 0.172700779508 575.795014532
FECES micro 108763.0 79 27123299.2428 0.0913034336577 0.0661 0.0715351728479 0.206800246314 -0.112176049157 0.498715967008 0.100493162781 0.367156110074 0.808497612756 39933.0 50.2680139386 5.80172996737 0.629564682868 79.0 79.0 79 68 6.72592002035 0.239544664587 0.324561824244 17.0795804401
FECES micro 68104.0 61 11658472.5525 0.0931987739158 0.098 0.0729307426064 0.228034317813 -0.142473450357 0.534720556394 0.133475027603 0.29452014566 0.832790471908 20058.0 52.2862093269 4.25645710664 0.734270366605 61.0 61.0 61 53 5.39142111422 0.233745643222 0.260966665744 39.6230838371
FECES micro 134031.0 68 37731169.6249 0.0829663176729 0.0946 0.0682759524835 0.219362991968 -0.136594705791 0.535992277234 0.128338214443 0.271220836971 0.844571289379 36352.0 50.1637680835 4.34020164889 0.633073881567 68.0 68.0 68 58 5.67516391955 0.185740360351 0.240352309819 58.9803978528
FECES micro 51069.0 56 7350214.34253 0.100351653559 0.1033 0.0757768900682 0.230559914737 -0.149312944549 0.526820346244 0.133389955314 0.289901897433 0.827137044016 14805.0 49.7229238873 3.76300377027 0.780397136766 56.0 56.0 56 49 5.07336410179 0.247804592094 0.256884014511 42.592822069
FECES micro 146385.0 76 36240036.2391 0.0887084889945 0.094 0.0715510651931 0.211101313587 -0.116577932622 0.529521115086 0.118756455917 0.220275301431 0.860001959464 32245.0 40.6585374185 3.71130742728 0.800464073911 76.0 76.0 76 68 6.30570278324 0.198639358383 0.195213803034 212.280046338
FECES micro 22483.0 43 1572813.93245 0.119323125739 0.1511 0.0815469232132 0.269264943332 -0.180559213539 0.589851330904 0.195094755773 0.262020193035 0.846061480535 5891.0 47.8672774986 3.06251614981 0.595884926039 43.0 43.0 43 40 4.19140144595 0.28677502437 0.232203715871 70.823020415
FECES micro 213450.0 79 89612926.5537 0.0793581110405 0.0762 0.0665812965254 0.192926158855 -0.120590548141 0.499395553477 0.100830138472 0.284595924104 0.833924963273 60747.0 46.2974935582 4.49953084453 0.576372070544 79.0 79.0 79 68 6.35636837903 0.170993267666 0.252190969756 46.4556597166
FECES micro 178238.0 76 55514089.5165 0.0862584958358 0.0912 0.0705188925468 0.183997623521 -0.118298613479 0.524533691537 0.115934012935 0.264747135852 0.855784000259 47188.0 42.8724514413 4.18110342849 0.813649550065 76.0 76.0 76 69 6.20302500092 0.180016967773 0.234619142763 66.9672305446
FECES micro 83709.0 74 11973526.1912 0.0962867241085 0.0977 0.07334735196 0.235661960208 -0.116771363481 0.559024145856 0.138224117174 0.237608859262 0.861747956693 19890.0 45.4323907824 4.21305448028 0.638808322203 74.0 74.0 74 66 6.44017155138 0.255767667453 0.210574687099 126.354340922
FECES micro 148386.0 79 42301523.1373 0.0867812319598 0.0779 0.0706604870342 0.189384699195 -0.113576329896 0.512329089272 0.107437758521 0.322685428544 0.837489010096 47882.0 45.1895731403 5.20041996797 0.813811703584 79.0 79.0 79 69 6.55045363235 0.205083455978 0.285799829058 26.9864593168
FECES micro 156490.0 80 46115251.3259 0.0909612819364 0.0775 0.073562020469 0.175775608665 -0.10769549556 0.496276835856 0.0987282280628 0.292823822608 0.838735779813 45824.0 46.4956227235 4.59603527003 0.983096619084 80.0 80.0 80 75 6.60493842313 0.202230516808 0.259467323616 40.6750837366
FECES micro 126859.0 63 30568408.4613 0.0882101861378 0.1188 0.0703078241825 0.23012726165 -0.143141380321 0.560140610386 0.148115917317 0.204794299183 0.866360434776 25980.0 40.6498553512 3.26277605424 0.648473660261 63.0 63.0 63 58 5.27622236216 0.176880479805 0.18149421009 374.392786378
FECES micro 139838.0 72 43038814.6095 0.0848651593619 0.0816 0.0699989708929 0.195563000679 -0.125805846284 0.505704131134 0.108377780503 0.292502753186 0.829843762993 40903.0 52.6051573964 4.59265730895 0.813041953693 72.0 72.0 72 64 5.99245125578 0.192539524289 0.259183503657 40.8791329378
FECES micro 49415.0 71 4780014.27123 0.11341385289 0.0932 0.0796383433787 0.244477285651 -0.112002015027 0.559369152231 0.140752505531 0.28807042396 0.848887393615 14235.0 45.4315491248 4.56609002567 0.624111566642 71.0 71.0 71 66 6.47667836433 0.319395614616 0.255264377514 43.8678589068
FECES micro 58405.0 72 6083491.89652 0.102567456815 0.0988 0.0760029900686 0.236976714322 -0.115783520399 0.55313188153 0.135915565698 0.252735211026 0.859488511336 14761.0 43.9071997261 4.01293517811 0.679044884052 72.0 72.0 72 63 6.46915587749 0.297925366515 0.223978048817 86.7369670922
FECES micro 90910.0 91 12888907.9888 0.0984286910626 0.0726 0.0749254075153 0.208944361106 -0.0929389785919 0.525140421146 0.107610371736 0.275096249038 0.848653588175 25009.0 48.2147178528 5.09856308049 0.753927311783 91.0 91.0 91 77 7.88254980809 0.301811346869 0.243783575599 54.8670280577
FECES micro 33648.0 51 4022045.22353 0.118375100607 0.0994 0.0820386322456 0.21636807362 -0.15131366417 0.515121637316 0.131578058688 0.345756062767 0.80276946679 11634.0 52.9719448407 4.03618308045 0.743314146745 51.0 51.0 51 46 4.79675713218 0.278029288577 0.306002220009 20.8901370337
FECES micro 174815.0 91 45589485.1314 0.0880012055774 0.0757 0.0712496999868 0.189248791423 -0.0977770827068 0.517465873653 0.103570703497 0.282796098733 0.854750010559 49437.0 43.5111403484 5.00058253867 0.836291221094 91.0 91.0 91 81 7.45558734522 0.217646679135 0.250598544863 47.8901888959
FECES micro 116270.0 86 17942222.6583 0.0931449269424 0.0934 0.0728382312811 0.216080454275 -0.101186230312 0.555024287218 0.127639121716 0.217287348413 0.875558917891 25264.0 40.1668530145 4.13099906401 0.756016463621 86.0 86.0 86 78 7.28758593455 0.25221134317 0.192565829958 234.825512373
FECES micro 116861.0 78 23015522.5882 0.0909212607345 0.0899 0.072705195616 0.192558812475 -0.111770235958 0.521114669729 0.112762852394 0.231925107606 0.857410065584 27103.0 39.2106861998 3.82186681581 0.860754973916 78.0 78.0 78 68 6.59882702645 0.228170662573 0.20553789495 148.070411452
FECES micro 38837.0 50 4060947.70653 0.10073862599 0.1316 0.0750704134086 0.24880037078 -0.168819173518 0.568502325324 0.168248573503 0.260318768185 0.848073473821 10110.0 46.2548600561 3.27034478034 0.626387903474 50.0 50.0 50 43 4.63702122746 0.253715597467 0.230696550515 73.3981232674
FECES micro 146750.0 78 40499454.1412 0.0920300597602 0.0813 0.0726249177221 0.189636133316 -0.111894864428 0.506872773871 0.105197484928 0.244074957411 0.842374448125 35818.0 44.2269165247 4.15331456042 0.780845719542 78.0 78.0 78 69 6.47249966905 0.203613021074 0.216304534317 106.765282766
FECES micro 233917.0 94 67085781.2845 0.0801963075841 0.0853 0.0679244986119 0.180962760113 -0.0993284005481 0.53123205844 0.109392345282 0.232881748654 0.875339385727 54475.0 37.6864443371 4.26766334686 0.808771314802 94.0 94.0 94 82 7.52261538997 0.194355556288 0.206385655538 144.064632197
FECES micro 62045.0 56 10938684.1971 0.0920682246196 0.1025 0.073377506139 0.217094447578 -0.154241040262 0.524475988547 0.131966320956 0.315222822145 0.825858973092 19558.0 48.9660730115 3.98891535654 0.832891682804 56.0 56.0 56 51 4.98386351529 0.224819839047 0.279234017068 29.6227812074
FECES micro 146400.0 82 40623336.6546 0.0846518989778 0.0736 0.0695826400495 0.186079401573 -0.111129943777 0.504656110484 0.101766720082 0.312513661202 0.834280107367 45752.0 48.6407103825 5.10133541171 0.740983821694 82.0 82.0 82 71 6.81010033831 0.214310433131 0.276847532742 30.6857954432
FECES micro 67765.0 55 12974995.862 0.103432017512 0.1065 0.0769730508995 0.214988965878 -0.14964257391 0.523423200234 0.132333959519 0.27162989744 0.829240819587 18407.0 49.7823360142 3.52775058221 0.775536897304 55.0 55.0 55 52 4.85445572379 0.211280768638 0.240714522085 58.5245726495
FECES micro 134539.0 86 31373562.2912 0.0901065341804 0.0732 0.0733321452639 0.170489424956 -0.100498706167 0.489144521384 0.0921867062351 0.233642289596 0.841043728363 31434.0 45.5971874326 4.32977177997 0.997281080357 86.0 86.0 86 70 7.19752848121 0.234463019438 0.207059632558 140.987917455
FECES micro 63525.0 60 10570784.6314 0.100998438865 0.0973 0.0758300979719 0.228536009445 -0.139260033941 0.543813627592 0.140134456312 0.348728846911 0.828783020378 22153.0 45.448248721 4.96731380033 0.716884740525 60.0 60.0 60 54 5.33493016742 0.238055880257 0.30859228379 20.2753585749
FECES micro 161248.0 83 48615337.1425 0.0875840403659 0.0729 0.0699494557536 0.194299897546 -0.109210660123 0.503237074058 0.100508375056 0.297696715618 0.83463192361 48003.0 46.7193391546 4.81713911492 0.625839347222 83.0 83.0 83 73 6.83863394056 0.206695453549 0.26377350669 37.7648344899
FECES micro 129409.0 70 22656165.8652 0.0833310792068 0.1327 0.068015656897 0.229023483684 -0.133203718981 0.588936002042 0.162434840642 0.152825537636 0.892365957668 19777.0 30.5388342387 2.86919508558 0.585412381641 70.0 70.0 70 67 5.86199676491 0.194587885763 0.13543810635 9132.66856492
FECES micro 156856.0 80 28357745.1747 0.0783243492344 0.1207 0.06642976742 0.212868490845 -0.119356788689 0.578200786014 0.146834554748 0.158540317234 0.896446527058 24868.0 31.2809200796 3.07564427621 0.677164133863 80.0 80.0 80 69 6.60364865167 0.201994441694 0.140502697902 5537.77133849
FECES micro 170951.0 94 40696769.7846 0.0896092107848 0.0759 0.0720001725437 0.193111078115 -0.093661581966 0.528194147229 0.107745479641 0.287825166276 0.859852807457 49204.0 42.9567536897 5.30665253829 0.829667059732 94.0 94.0 94 83 7.71839814778 0.227348467353 0.255047464903 44.0431062441
FECES micro 134043.0 75 35821618.2659 0.0939680139596 0.0829 0.0746680694291 0.180101907597 -0.113158206344 0.49296506298 0.100015790142 0.250001865073 0.839133846959 33511.0 42.6885402445 3.86508136774 0.982746268899 75.0 75.0 75 69 6.26804396057 0.204851521434 0.221556241746 92.4235367884
FECES micro 224434.0 89 78402329.8355 0.0848919015931 0.0758 0.0705322982976 0.171829149642 -0.100999682518 0.496377602908 0.0941116872368 0.215011985706 0.851791242609 48256.0 41.6108967447 4.1748427742 0.919166589017 89.0 89.0 89 79 7.14208208996 0.187864915608 0.190549359883 254.242487677
FECES micro 106459.0 87 13218856.5736 0.089681944539 0.1028 0.0735114417897 0.202879355746 -0.0990990874994 0.563503345822 0.13239352904 0.210738406335 0.888199593554 22435.0 35.8353920289 3.89764172693 0.972652631825 87.0 87.0 87 77 7.42947492305 0.266641695008 0.186762021314 297.048003535
FECES micro 123713.0 74 19071146.3282 0.0877789896742 0.1293 0.0697109301669 0.23478993774 -0.122915551231 0.5957053824 0.164206526437 0.170830874686 0.895522605467 21134.0 33.4637426948 3.16081506657 0.53789674077 74.0 74.0 74 65 6.22563068238 0.210389494656 0.151394920831 2209.83974077
FECES micro 153336.0 94 35296609.1059 0.0894716912502 0.0708 0.0723523207532 0.170092740293 -0.0932017985506 0.507978212651 0.0973466442293 0.302303438201 0.849748118684 46354.0 44.3157510304 5.43877778524 0.907845941384 94.0 94.0 94 78 7.78869236023 0.240052254272 0.267841833428 35.3050781086
