CATLIN micro 20667.0 147 501984.284316 0.161418520999 0.0381 0.101785891875 0.166724434004 -0.0421844429649 0.468482071981 0.0641078833161 0.348187932453 0.821608810532 7196.0 49.7459718392 7.77891376988 1.32841199161 173.809807866 180.298849128 183 196 14.6936078264 1.02253601893 0.308121265554 20.3848710108
CATLIN micro 20163.0 112 1618565.39567 0.157038491276 0.0198 0.10477284034 0.129258596014 -0.0537610052709 0.318924499066 0.031562658019 0.660070426028 0.549152168592 13309.0 75.2169816 9.96750396599 1.59929767054 150.050667641 167.653389281 152 172 11.1989940447 0.788751953028 0.543321703569 4.90035886641
CATLIN micro 32167.0 167 969894.442609 0.148152751879 0.0371 0.0949279991876 0.177942247131 -0.0398596736789 0.501947351469 0.072604144178 0.352255417042 0.838411313891 11331.0 45.5466782728 9.26195765905 1.09400743405 199.000994839 192.820171577 200 217 15.9943016176 0.931131870101 0.311660241015 19.5857727305
CATLIN micro 800142.0 1405 58295037.6989 0.129871288723 0.0055 0.0879671095975 0.125770384831 -0.00511807989928 0.448242345639 0.0176343120574 0.317651116927 0.871448904274 254166.0 41.3271644283 27.730095406 1.01995206879 1621.91858096 1657.75816908 1683 1784 103.291918665 1.5706983609 0.281371835732 28.7200999779
CATLIN micro 90047.0 1109 254187.573237 0.18385752769 0.0253 0.104015168772 0.237675680097 -0.00546969511989 0.656329230015 0.0890343527908 0.150754605928 0.964364224491 13575.0 20.6258953658 19.2516540108 0.864535648606 1355.05016329 1350.22295815 1359 1483 97.1240836942 3.69570180381 0.133602790909 11096.5975225
CATLIN micro 36206.0 365 428828.195574 0.190705178416 0.0225 0.1069827422 0.211694572685 -0.016149467105 0.540753943313 0.0640054088392 0.304369441529 0.878184442678 11020.0 41.2307352373 13.7371116667 1.00505018124 404.358885247 414.537890107 431 443 34.6766398997 1.91823844553 0.269665437941 34.2838050246
CATLIN micro 93953.0 1122 347401.649811 0.194930678527 0.0198 0.111494910897 0.184764529267 -0.00503685976641 0.58561843616 0.0536242470986 0.149202260705 0.954990696947 14018.0 21.2893680883 15.287606187 1.26866152621 1458.28749099 1471.44990598 1449 1618 97.8992280934 3.66047572318 0.132227060775 12906.6360427
CATLIN micro 8930.0 245 58166.9697223 0.280783225255 0.0224 0.144229228602 0.176778572571 -0.0177068012694 0.452251610847 0.0452320105957 0.274692049272 0.817941586233 2453.0 54.4568868981 9.05280883461 1.82578897422 364.791192245 378.20091987 344 403 26.8215230785 2.59262888283 0.243425733485 55.2753998064
CATLIN micro 252695.0 1697 1964030.67411 0.156773990628 0.0112 0.094689515584 0.220795669472 -0.00393257597339 0.616957934106 0.0573735287221 0.202030115356 0.947245532026 51052.0 26.4817269831 29.8429932982 0.713185532072 2177.62823653 2076.88322383 2065 2293 136.335079073 3.37585292798 0.179044520145 419.623461593
CATLIN micro 27585.0 888 19797.5776113 0.242739481284 0.0465 0.1218496933 0.297599434671 -0.00581157094874 0.714705238149 0.143191291948 0.0897589269531 0.975796324042 2476.0 16.99474352 12.1219627686 0.97551547962 1108.55120521 1099.93584902 1120 1231 86.7479335821 5.34658495081 0.0795467778655 3906626392.34
CATLIN micro 65469.0 483 729069.862452 0.180061265407 0.0246 0.104959450186 0.167877281828 -0.0124437502033 0.510728228026 0.0466467970019 0.150040477172 0.915942649234 9823.0 28.6333990133 8.68433847782 1.12224122392 597.100916377 594.740306014 601 659 43.4651968955 1.88768392307 0.132969910778 11888.778579
CATLIN micro 23004.0 322 91274.3594358 0.195682261853 0.0531 0.106934532014 0.277475642907 -0.0183144834554 0.659526254779 0.137325038331 0.190923317684 0.941527905106 4392.0 26.9344461833 10.3691947799 0.819102804083 343.748071841 348.526196422 366 367 31.9612135668 2.12302052188 0.169201383661 695.426033211
CATLIN micro 24852.0 375 92955.2199358 0.211506321824 0.0452 0.112628762921 0.256316111379 -0.0149154059757 0.638244998285 0.114813518507 0.183969097055 0.941044441973 4572.0 27.4585546435 10.4159454018 0.942818924469 416.230574707 412.833428739 434 452 36.9539893276 2.37875982604 0.163038366963 997.060705664
CATLIN micro 380439.0 783 15313957.7065 0.12984842764 0.0152 0.0868921892094 0.165769110114 -0.00929884353654 0.531284921869 0.0427975386052 0.239978025386 0.915981219108 91297.0 32.6751463441 17.8243192566 0.8838435356 836.142996831 841.891869221 876 889 60.8603831049 1.26946065855 0.212674127948 118.623275489
CATLIN micro 97296.0 544 1548457.77576 0.157663139532 0.0203 0.0973963239697 0.177177346025 -0.011921521394 0.529826857268 0.0499898985541 0.227285808255 0.909342080503 22114.0 32.8615770432 12.883340722 1.04228996164 650.58646134 641.50287558 659 713 47.2769472779 1.74401978176 0.201426574335 169.8886174
CATLIN micro 192676.0 1044 3049986.15319 0.163714291785 0.0111 0.101603413988 0.144832660932 -0.00595061505515 0.498110490541 0.0296159183125 0.219949552617 0.913352778969 42379.0 32.7176192157 17.7315968554 1.24194687558 1437.06480154 1398.69715395 1351 1539 85.7112430247 2.37840981183 0.194925119611 214.589959379
CATLIN micro 13208.0 222 158472.975093 0.220791534913 0.0219 0.123060872797 0.176970959451 -0.0230117778095 0.448634676459 0.0465565416214 0.335099939431 0.794737262551 4426.0 62.6211387038 9.91399449809 1.52281144245 308.581897728 329.036396085 302 346 23.291161261 1.93167671319 0.296691489377 23.3816153053
CATLIN micro 2373.0 122 3450.9438423 0.279269445112 0.0995 0.132382374891 0.345371080392 -0.0388477927073 0.68374531564 0.212410666958 0.21618204804 0.917650439193 513.0 34.4711335862 6.14672214584 1.02123442269 152.184148398 150.056735975 155 171 15.5688879577 2.50444190304 0.191586292152 243.99539851
CATLIN micro 14479.0 316 53184.1927567 0.21774176726 0.0381 0.11806647384 0.234186394787 -0.016867353153 0.607778851852 0.10176668508 0.242212860004 0.916922708998 3507.0 33.8490227226 11.7272645249 1.23314932274 387.881253178 392.092737826 400 436 32.8794418491 2.62613953967 0.214654494582 111.934062381
CATLIN micro 134160.0 710 3259083.81486 0.202444879075 0.0109 0.115139938037 0.112221270377 -0.00770236197496 0.421354577742 0.0210151860473 0.231447525343 0.87021205356 31051.0 41.3394454383 13.718862965 1.51613721863 845.140903685 839.574948218 872 938 60.0501996132 1.93841527711 0.205114667571 150.128921222
CATLIN micro 26162.0 442 75230.2857964 0.194683968157 0.0446 0.108627239846 0.243638574963 -0.0131303229129 0.640301548228 0.109786947783 0.13691613791 0.949265726319 3582.0 26.7448971791 9.82267424511 0.998247969205 586.768420136 559.051984756 561 632 43.354036338 2.73266754396 0.121338767945 51005.3296196
CATLIN micro 27813.0 863 86409.5081556 0.282893890466 0.0119 0.132658283806 0.270488191309 -0.00548004995549 0.592363152388 0.0624721666662 0.271851292561 0.902553038316 7561.0 40.4702836803 21.874627613 1.01888063693 1121.13110836 1052.26480725 1089 1217 84.2351410705 5.1747202667 0.240910558572 58.2800821859
CATLIN micro 52723.0 243 1747436.28817 0.131321072681 0.0263 0.0887049278796 0.187834094318 -0.0293428777795 0.518176425971 0.0670463890753 0.367866016729 0.843754205254 19395.0 44.3658365419 12.8518614494 0.992486600706 299.099424697 306.164732211 302 331 22.2573617281 1.05829371397 0.325173786778 16.9744992604
CATLIN micro 2797.0 260 1925.3503267 0.357847384677 0.0569 0.163224743443 0.333952586563 -0.0146708612709 0.679457096978 0.165016194776 0.200572041473 0.932412006377 561.0 29.4958884519 9.33017793796 1.50993892596 401.018159583 430.266701933 375 444 32.6348439585 4.91617251879 0.177752337438 446.426759019
CATLIN micro 3185.0 218 7214.18367649 0.358457327416 0.0289 0.161895242241 0.291881382052 -0.017647516635 0.573817647716 0.0966400355234 0.359811616954 0.841090768393 1146.0 50.5808477237 11.6519411342 1.5999857206 294.259237363 304.894604672 299 338 26.9023575417 3.86279602006 0.318215739831 18.2390062328
CATLIN micro 124572.0 571 2428833.89215 0.144986406634 0.0193 0.0936049826449 0.181773509836 -0.0118249544804 0.53447292634 0.0504218219366 0.232524162733 0.90903493629 28966.0 34.2227787946 13.7991549658 1.05080898309 640.130989731 655.500183914 677 703 48.5824197907 1.6178039435 0.206068768818 145.543932322
CATLIN micro 16334.0 320 69536.781779 0.200909088953 0.0362 0.112570190086 0.236493280886 -0.0174882786277 0.590193464877 0.0912131525595 0.185257744582 0.913733057337 3026.0 36.2801518305 9.44628032575 1.13763273644 422.026448282 444.837709839 421 473 32.8831940058 2.50382345068 0.164180401009 930.001733473
CATLIN micro 9866.0 255 88203.0414389 0.250235530816 0.0168 0.13177223769 0.200473799899 -0.0186745863825 0.463576863124 0.0474416353156 0.452463004257 0.765915672197 4464.0 60.2371781877 13.5220467295 1.48875255566 413.276912228 408.67237699 360 431 27.6181525225 2.56725864437 0.395678300557 9.64765565874
CATLIN micro 22372.0 165 600081.877901 0.162618592215 0.0299 0.102495966575 0.172089841739 -0.0373176320532 0.454017442492 0.0558369255057 0.318746647595 0.797311676248 7131.0 62.0775969962 8.35528562499 1.32876394144 207.046323862 207.000103753 209 231 16.374512325 1.10314230242 0.282335909041 28.3275093123
CATLIN micro 29792.0 273 505838.457768 0.183461830914 0.0231 0.10963804002 0.160363993776 -0.0210587510909 0.468315508169 0.0471773801492 0.335929108485 0.841319245948 10008.0 46.740735768 11.0757727738 1.40447668498 392.840088133 368.603915804 359 415 26.4026526168 1.58165885602 0.297417348475 23.1699064521
CATLIN micro 831973.0 767 36971505.2843 0.0939511108284 0.0309 0.0718471748241 0.233295783275 -0.0115033869423 0.637744709368 0.0889625982623 0.156847638084 0.957781701155 130493.0 24.351391211 15.3011175033 0.497485189413 785.345345791 793.42627201 818 800 56.1931478086 0.840893020419 0.139002600064 6387.60929718
CATLIN micro 142050.0 624 3164436.9904 0.147624116296 0.0161 0.0930427975568 0.189162876019 -0.0108869207869 0.534656642367 0.0485108128225 0.255445265751 0.900695757811 36286.0 36.9137627596 15.910580859 0.911659879786 702.190331464 698.697273974 728 764 52.5120908177 1.65563260544 0.226379099395 81.5892016319
CATLIN micro 4399.0 239 5243.12450336 0.315074952235 0.0609 0.142932884925 0.334078399332 -0.0183216934406 0.679842838593 0.169722442765 0.209593089338 0.93133082541 922.0 28.8929302114 9.3003049545 1.16015203978 269.006821282 282.211822154 294 300 28.3700369966 3.60347007621 0.18574701482 310.157757163
CATLIN micro 38770.0 853 68309.1986279 0.242300520358 0.0294 0.125804119499 0.215380512301 -0.00585505487345 0.614463909524 0.0730466081862 0.0939386123291 0.960108395051 3642.0 18.4833634253 10.1637612011 1.35762796248 1063.51508235 1068.44850403 1087 1192 80.6405660217 4.33212650933 0.0832509275857 715740210.625
CATLIN micro 57223.0 670 382732.684249 0.213715316103 0.0187 0.112105271135 0.249493771553 -0.0083879815378 0.598958023384 0.0721724141882 0.208832112962 0.920312203435 11950.0 37.4919175856 16.1006053626 0.793816211106 745.718137371 728.213742146 763 800 61.069615449 2.80084768263 0.185072619573 319.301665258
CATLIN micro 6395.0 80 285860.641614 0.209299609124 0.0221 0.119969536971 0.155688037529 -0.0655443343629 0.291504577182 0.0327497697397 0.747146207975 0.435294970599 4778.0 79.3275996873 8.64120738098 1.59195033295 108.084391617 114.351953269 107 122 9.01489792604 1.00039085403 0.595934549644 4.17120559836
CATLIN micro 39892.0 480 282012.330619 0.18379671311 0.024 0.105786202 0.217294403222 -0.0124218608374 0.56458104814 0.0660586477508 0.234107089141 0.913031463906 9339.0 33.8388649353 13.1033420321 1.03880506288 618.458755393 623.091658232 611 681 45.2145663696 2.4032465758 0.207471527903 139.152996069
CATLIN micro 27502.0 127 3805006.83665 0.182106313657 0.0123 0.108431261674 0.114515651546 -0.0457818767362 0.225906013445 0.015771298161 0.798669187695 0.358260022432 21965.0 83.4084793833 11.0430891256 1.42038513967 155.541578341 161.728014842 160 175 12.3263380287 0.765810968062 0.625100141467 3.85588200249
CATLIN micro 19188.0 439 29862.1750658 0.218330572062 0.0603 0.114383619576 0.291636572402 -0.0125413090086 0.682987832504 0.143362372791 0.111215342923 0.962196928679 2134.0 19.9030644153 8.05870162656 0.922147514553 491.35566974 513.610961037 529 543 44.4127162225 3.16920013201 0.0985620314215 4213457.11246
CATLIN micro 44537.0 581 321454.87785 0.213087506415 0.018 0.112157962025 0.241889539561 -0.00966824790199 0.582542113052 0.0685541238602 0.273076318567 0.90428353912 12162.0 35.8780339942 17.7440104898 0.863964258505 650.226360558 644.862463518 676 707 54.1849686583 2.75305984815 0.241995229947 56.9547600867
CATLIN micro 42970.0 499 174119.629951 0.173862806966 0.0409 0.101340447466 0.243978205422 -0.0124826439792 0.636873606455 0.102975137876 0.160670235048 0.95103401505 6904.0 22.5552711194 10.9529845743 0.896339909378 598.655862503 609.560683747 612 662 46.680538137 2.40723156109 0.142390288417 4655.26895682
CATLIN micro 23014.0 427 114448.064474 0.219910389441 0.0248 0.120670163333 0.19625758804 -0.012206948434 0.548413791415 0.0626885076579 0.226253584774 0.905605951358 5207.0 37.8986703746 11.5965653137 1.38969126546 567.096313003 582.924622699 564 635 42.4139807404 2.81469810447 0.200511815362 175.347238358
CATLIN micro 24931.0 180 480477.491589 0.174253744482 0.0386 0.113747662574 0.115701781361 -0.0307615948066 0.451519225675 0.0526835213468 0.241306004573 0.856072934175 6016.0 42.5173478801 6.38512271382 1.88003428529 244.035355389 249.672291031 243 276 17.6809903674 1.13999423671 0.213850902259 114.581787162
CATLIN micro 128639.0 630 2545352.66538 0.156990564729 0.0161 0.0967841044463 0.173109070949 -0.0103602799643 0.509942398531 0.0409554943072 0.23003132798 0.901662180557 29591.0 35.3415371699 13.6900068842 1.00702306993 725.092763762 733.243509781 755 799 53.4647299275 1.75652454074 0.203859646542 156.474303472
CATLIN micro 83331.0 545 1404369.42031 0.168813786747 0.0164 0.100590567602 0.18853545147 -0.0115157151969 0.527979332719 0.0493490266838 0.282991923774 0.888146293736 23582.0 41.6063649782 16.0733331923 1.01888338897 626.442837807 623.823338249 648 687 48.0116813503 1.8879618119 0.250771815699 47.7308195377
CATLIN micro 17975.0 647 41458.2264273 0.272231203449 0.0183 0.132646400315 0.26806826414 -0.00731023078015 0.611015227422 0.0792262374789 0.246342141864 0.915563775217 4428.0 37.6745479833 18.0382859761 1.20302736662 853.021313764 867.887996659 852 956 65.940321554 4.82580568986 0.218313485107 100.923015269
CATLIN micro 8862.0 549 6019.08926648 0.314617493217 0.0416 0.145677205095 0.313531218822 -0.00782063257637 0.684511192653 0.135101640595 0.140148950575 0.956178645548 1242.0 22.9180771835 11.126261877 1.27320994213 778.740209909 792.068944256 750 864 60.2891607756 5.83185169951 0.124203773574 34348.7622998
CATLIN micro 56273.0 261 1451487.97059 0.135531565045 0.0311 0.0904766158485 0.184570661376 -0.026777215939 0.535377460294 0.0718095209609 0.307625326533 0.87699317325 17311.0 40.1631332966 11.6195455646 1.04686552808 301.310575494 308.940717158 315 334 23.7704068506 1.1002477092 0.272538011133 32.7676488801
CATLIN micro 38305.0 517 213211.036293 0.205799372389 0.0251 0.116740530714 0.173082080431 -0.0104294499995 0.539202755028 0.054357281426 0.159822477483 0.923085243798 6122.0 31.531131706 10.1596999985 1.42998298008 671.25552404 699.606836971 678 756 48.8944930719 2.6415741728 0.141638982838 4984.36040683
CATLIN micro 275547.0 765 8153495.35439 0.13209912247 0.0157 0.08841473373 0.161932831359 -0.00935167000746 0.526075239428 0.041736774374 0.22554047041 0.916649001893 62147.0 32.6829905606 16.0930542635 0.974542611661 883.47380274 879.023571236 907 965 60.9906340253 1.45734908167 0.199879850186 179.261614428
CATLIN micro 833767.0 1000 56317405.0458 0.116622377991 0.0122 0.0821313859602 0.152478841211 -0.0077081845183 0.515612281999 0.0342581099734 0.228453512792 0.918068289439 190477.0 31.6084709517 18.8895576074 0.850998548925 1107.75195405 1076.0324127 1122 1176 73.2742631167 1.09516019139 0.202461393621 163.994555641
CATLIN micro 30114.0 473 117020.227165 0.220961180161 0.0335 0.113453582957 0.289819615693 -0.0117373134368 0.648808703269 0.113102236379 0.207112970711 0.936978998523 6237.0 30.1720130172 13.9923361174 0.72385799035 524.1927112 516.061104339 541 565 45.7686075819 2.72569286737 0.183549074249 341.333428393
CATLIN micro 43320.0 238 606549.282417 0.131231099132 0.052 0.0883060954311 0.199872746883 -0.0300963987596 0.586706814602 0.100398382787 0.204662973223 0.919196771817 8866.0 34.1158818098 8.04824698076 0.941946167506 305.099588144 305.901894479 297 331 22.1985568723 1.14349095339 0.181377825726 376.390816661
CATLIN micro 6526.0 327 3366.12086077 0.287172701403 0.1061 0.135130512617 0.340410177685 -0.0141901524688 0.735200297773 0.213442862533 0.0626723873736 0.971175530322 409.0 12.0594544897 4.86949248178 1.08371124946 368.242961013 379.950033089 401 410 37.1148361887 4.0478482042 0.0555419571729 2.59141044239e+18
CATLIN micro 142205.0 904 1513703.39327 0.167953429882 0.0161 0.10253905851 0.159627553765 -0.00680838094131 0.530034399679 0.0397417476922 0.183530818185 0.931301259904 26099.0 27.5496642172 14.4963339859 1.22271636046 1152.24208901 1155.09853152 1145 1270 76.1060346048 2.39723713783 0.162649952454 1021.27198763
CATLIN micro 8638.0 261 23605.5561745 0.269193911804 0.0445 0.137904103325 0.211172410245 -0.0174098137568 0.559127288676 0.0824986697563 0.150497800417 0.91391379465 1300.0 28.1778189396 6.21936787726 1.66425930773 341.234007595 343.767834366 346 387 28.6851403971 2.80823797236 0.133375202951 11373.9757639
CATLIN micro 60366.0 460 695839.354192 0.168782271516 0.0242 0.101630493576 0.18295808611 -0.0135016485935 0.548226641916 0.0606245978956 0.23907497598 0.910179123594 14432.0 33.7872312229 12.8912472241 1.11499887909 546.326216372 543.741980865 561 604 41.6962609 1.87224048446 0.211873893383 121.488602291
CATLIN micro 36397.0 431 130980.708315 0.169163487188 0.0517 0.100794007264 0.238318448392 -0.0145317489992 0.649305601709 0.11710413294 0.123911311372 0.955164576551 4510.0 24.2822210622 9.07987632523 0.976926637078 496.731129257 516.866257764 525 553 40.9436399429 2.25914692177 0.109813540506 341734.904998
CATLIN micro 39932.0 714 102056.982066 0.208947898274 0.0298 0.111442966107 0.264301343096 -0.00791883116225 0.640437486253 0.0929005342006 0.129645397175 0.952965272858 5177.0 25.9015326054 12.7624292802 0.890851591536 865.832679286 870.94970979 883 959 67.2963180345 3.57303837448 0.114895241738 137992.766888
CATLIN micro 26695.0 373 130353.72448 0.190688454638 0.0379 0.108435976349 0.224258340794 -0.0155872401877 0.606717647272 0.0949811542468 0.214047574452 0.929272418612 5714.0 29.1777486421 11.5105146825 1.10994536455 443.695717583 441.432457356 458 493 36.498385832 2.28293669701 0.189694678817 263.133260087
CATLIN micro 914282.0 1079 69977334.6649 0.124805855686 0.0102 0.0845419974482 0.156772965725 -0.00693781370021 0.501627160094 0.0298919686435 0.22598388681 0.908829739265 206613.0 37.1848073133 19.0709133769 0.774610522267 1130.67747588 1124.09353689 1169 1182 78.5376874942 1.12844750295 0.200272807943 176.813561134
CATLIN micro 5244.0 291 3379.53750444 0.311032798489 0.0879 0.138991023745 0.37222510557 -0.0154889563482 0.736076014188 0.221050787193 0.122616323417 0.960924213412 643.0 22.0061022121 7.41512426493 0.921199960139 336.312011521 341.850707693 355 375 33.8593605079 4.01847848525 0.108665887312 426683.680742
CATLIN micro 14629.0 167 248377.844095 0.1805253807 0.0301 0.107185491867 0.188131768454 -0.0352286979822 0.46996555625 0.0607321785616 0.311504545765 0.801351929299 4557.0 61.5626495318 8.44026566778 1.23743300381 223.42938928 230.647976705 219 248 17.3083238749 1.38073124005 0.27595825169 31.097697925
CATLIN micro 55912.0 830 360751.691334 0.220015486411 0.0124 0.117829889342 0.201339411157 -0.00643498160684 0.554712125088 0.0489925442454 0.279957790814 0.903130230136 15653.0 36.5592359422 22.0456307094 1.22380986147 1026.2044661 1004.61681335 1033 1132 75.8356491283 3.51014921585 0.248086845056 50.2951334614
CATLIN micro 204428.0 740 13133129.4915 0.178053729421 0.0058 0.10087791026 0.182114207659 -0.00845660328531 0.419162717986 0.0202257809111 0.442899211458 0.766411385283 90541.0 61.7170837654 22.2807949428 0.655765449418 794.531240202 788.510841002 819 842 60.4352098232 1.6366715373 0.387987541702 10.1457984813
CATLIN micro 63192.0 590 435292.100993 0.1853542128 0.0257 0.108282605918 0.183330007446 -0.00986853709651 0.570756332395 0.0630710349033 0.168977085707 0.93409963692 10678.0 30.3772629447 11.8282921926 1.26260947523 674.085162965 677.656871874 709 745 53.2842021515 2.34704254002 0.149752043129 2507.8952922
CATLIN micro 38862.0 270 1093220.44164 0.190966295054 0.0187 0.114334947017 0.118628308716 -0.0204001096769 0.397910596093 0.0307741107089 0.353584478411 0.801576669324 13741.0 55.5221038547 10.3201674516 1.64020154185 362.243337468 374.227848674 358 405 25.4547500839 1.36962347294 0.312815116189 19.3364291615
CATLIN micro 43414.0 441 836738.738384 0.251319328282 0.0115 0.127431499876 0.159881860946 -0.01117659496 0.41310063304 0.0258441172157 0.339775187727 0.802396130175 14751.0 57.5643801539 13.2929250256 1.38191732689 479.032372102 483.816426921 511 518 41.2041452637 2.11652639315 0.300781299958 22.2291418422
CATLIN micro 205265.0 978 3735212.04655 0.154816222827 0.0117 0.0985855944237 0.144950950482 -0.00654992988329 0.501148244568 0.031239737566 0.217801378706 0.912365116033 44707.0 33.6258007941 17.1640199223 1.22079397639 1282.59112533 1292.33015084 1255 1407 79.8720927734 2.15864587829 0.193021372777 230.720881029
CATLIN micro 44446.0 509 238019.678743 0.199695528471 0.0311 0.106466822473 0.295409621371 -0.0116378449937 0.657662270056 0.116674585981 0.22013229537 0.936826937242 9784.0 27.7100301489 16.1786209357 0.511239611352 563.89280131 554.449517405 577 604 47.4676288724 2.41435674267 0.195087068962 213.289889999
CATLIN micro 56856.0 814 346582.788574 0.193750723074 0.0139 0.10628775295 0.257616984189 -0.00728971921675 0.608050315089 0.0711661493207 0.281025749261 0.911605937213 15978.0 31.7802870409 24.4996978713 0.769362922763 1029.13891906 1036.42261518 1014 1122 74.2582597643 3.41378569075 0.249031975044 49.368904494
CATLIN micro 13982.0 183 288329.89053 0.19069349085 0.02 0.109477779724 0.202036498136 -0.0314624232634 0.445151469348 0.050360492292 0.500143041053 0.726110829583 6993.0 62.6734372765 11.9651917124 1.15853260395 276.852866253 258.621930811 244 286 19.0665238061 1.54762750955 0.432814300183 7.77569553296
CATLIN micro 31315.0 637 66324.2919295 0.215126773131 0.0352 0.119813838023 0.206218375042 -0.00824258195425 0.614024666966 0.0812893398204 0.113300335303 0.955414648182 3548.0 21.2869231997 9.70612064391 1.39500733772 901.287769263 893.713412082 855 984 61.4382788307 3.59967444019 0.100409807808 2634860.65282
CATLIN micro 93507.0 789 1008329.95826 0.18528933366 0.0138 0.108253815266 0.162942722696 -0.00738151541684 0.512399811314 0.0374509772771 0.22647502326 0.907858364485 21177.0 34.4337857059 15.6426520562 1.25754814267 1045.13388674 1000.1395687 1006 1132 68.8462649853 2.58020933039 0.200708054909 174.155896129
CATLIN micro 15211.0 493 33394.5558634 0.263836655066 0.0278 0.133224172851 0.238640953628 -0.00955091276893 0.603927539642 0.0839320133871 0.218394582868 0.926960665647 3322.0 29.9322858458 13.5124734993 1.40888722592 629.205486199 651.325521873 647 715 51.0915410261 3.99731189671 0.193547080542 226.104954175
CATLIN micro 22277.0 454 86464.7127666 0.223863007009 0.0271 0.121790555121 0.204099801478 -0.011372782234 0.56478200578 0.0677056866476 0.219374242492 0.918870702173 4887.0 30.870404453 11.8349048217 1.37934412381 616.636671283 636.797386095 607 689 45.248823422 3.04177790156 0.194415270921 218.754537823
CATLIN micro 42111.0 601 278467.903672 0.213961136947 0.0174 0.111811662404 0.265679947114 -0.00937606376213 0.610111594657 0.0809889337691 0.286528460497 0.904117801577 12066.0 37.1351903303 20.166834937 0.770922570793 699.002327238 666.811671971 700 750 56.348269966 2.92871218889 0.25390053795 44.9879956023
CATLIN micro 58757.0 971 160066.221251 0.205203489144 0.0224 0.109887748732 0.261559790137 -0.00590701617452 0.65074362101 0.0895719774729 0.177919226645 0.953997098601 10454.0 24.526439403 19.8334718557 0.834960740104 1175.90477488 1178.36651739 1190 1293 88.3330638699 4.00580148408 0.157676809129 1409.1976612
CATLIN micro 32117.0 513 96590.680586 0.226515725397 0.0391 0.118218512871 0.234003586181 -0.0103763524565 0.618137629557 0.0905072313505 0.12538530996 0.950106574183 4027.0 21.6427437183 8.50489855676 1.09715314325 579.942255265 566.149991114 602 633 49.3392170008 2.86252889513 0.111119837743 267575.337987
CATLIN micro 41242.0 324 560030.571915 0.180912565675 0.0282 0.10174744123 0.239734335308 -0.0191465955086 0.560286963943 0.0758669301093 0.256583094903 0.890564234578 10582.0 41.2346636924 10.9133274823 0.553618890087 358.087783053 369.347862946 373 388 30.393671155 1.59542043803 0.227387151233 79.5605995735
CATLIN micro 114473.0 856 1444548.57153 0.176149901238 0.0122 0.105542241989 0.166167820988 -0.00698193010279 0.517537748602 0.03735160471 0.259301319962 0.904579437099 29683.0 34.851886471 19.2721872196 1.24952322084 1007.47170648 1052.25400237 1065 1131 73.4025652997 2.53000996885 0.229795234027 75.0047782713
CATLIN micro 126135.0 551 3173004.3027 0.14545385657 0.0163 0.0930626391582 0.182196271287 -0.0123266230989 0.516841031157 0.0456471946079 0.283807032148 0.88849635784 35798.0 37.346493836 15.9179992247 0.982399118097 609.319480763 628.27334218 649 666 46.8280068675 1.55143574406 0.251493014052 47.0761605765
CATLIN micro 39486.0 563 238879.632991 0.230834547792 0.0202 0.116748807448 0.264417120568 -0.00957661577967 0.593501809591 0.0745506637147 0.227295750393 0.912118645375 8975.0 37.8083371321 14.6347241669 0.724129571742 672.202765607 619.494445705 654 708 53.1005151881 2.83326257021 0.201435385068 169.8371976
CATLIN micro 32641.0 173 1160061.62717 0.151511573926 0.0299 0.0988896560925 0.150071021356 -0.0369122318156 0.442966514901 0.0511829202739 0.363591801722 0.806943449414 11868.0 52.8016911247 8.70098816217 1.35446257033 225.466723666 219.568553207 221 248 16.5490840679 0.957556426652 0.321485378857 17.6252933911
CATLIN micro 90300.0 956 357212.403303 0.187611504698 0.0244 0.106655797975 0.208303238392 -0.0061851139553 0.607963198568 0.0668740782655 0.134440753045 0.957117565786 12140.0 20.3012181617 13.0558102638 1.05183907948 1149.49559259 1130.11490958 1167 1264 83.6919618657 3.18136879656 0.119145015227 70341.6553774
CATLIN micro 153179.0 586 3395934.31172 0.143042783879 0.0198 0.0920752964781 0.167476563311 -0.0117164564203 0.517216176323 0.0444697079428 0.171661911881 0.913626024974 26295.0 34.0333857774 11.3900796593 0.969742364781 672.095800155 680.231009236 699 739 48.9975911522 1.4972626845 0.152131408366 2090.59892008
CATLIN micro 64.0 22 16.9437229437 0.636707981874 0.3435 0.250819101712 0.600852272727 -0.109338864668 0.821854741501 0.556409063073 0.296875 0.86767578125 19.0 45.3125 3.106322581 1.49512806147 32.1587301587 42.0294117647 33 39 5.04943264311 2.75 0.263047544867 38.232132336
CATLIN micro 351054.0 1357 6064951.22251 0.148118953657 0.0109 0.0959471096713 0.146064590021 -0.00485246682932 0.520011085278 0.0306471339013 0.173571587277 0.932530310645 60933.0 28.2993499576 17.9294925627 1.19503541893 1722.74236676 1688.78544202 1698 1881 106.197224089 2.2903026982 0.15382381411 1845.62161952
CATLIN micro 36670.0 306 339320.353541 0.178796665445 0.0407 0.105874871553 0.172945596746 -0.0194686486655 0.547770591122 0.0721098381267 0.185355876738 0.919767973098 6797.0 28.5846741205 7.55705645329 1.23576577313 370.275725418 366.448048046 375 408 29.020769968 1.59796024877 0.164267368361 925.135171603
CATLIN micro 80500.0 813 1381779.48127 0.208571970167 0.0071 0.114735712202 0.163228713529 -0.00675076214158 0.460924383358 0.0257940925971 0.394360248447 0.825627757262 31746.0 47.6695652174 24.4506216351 1.2446893916 1053.99825443 1048.34341482 1039 1160 71.8837733785 2.8654484869 0.347805920827 13.75499236
CATLIN micro 82650.0 835 651203.602794 0.189303508622 0.0148 0.11067735194 0.165697787728 -0.00681912011216 0.527493397382 0.0404883078716 0.213272837266 0.919296903209 17627.0 31.4422262553 15.8568228954 1.32286220584 1201.73080531 1163.51303137 1107 1279 73.6594893467 2.90445763753 0.189008090314 270.583702726
CATLIN micro 4591.0 172 21332.5536176 0.263939380367 0.0325 0.131311359546 0.271515806963 -0.0277861602667 0.554298473771 0.0955791205025 0.394685253757 0.821115019532 1812.0 50.7079067741 10.9746493984 1.23890167315 241.851949669 241.214631527 231 266 20.2802393584 2.53848616339 0.348080818234 13.7225993895
CATLIN micro 25890.0 104 3601654.34615 0.185594339549 0.0171 0.117103492516 0.0783633419497 -0.0516820372046 0.207301777112 0.0157183937508 0.720393974508 0.436938740588 18651.0 92.8930088837 9.08723404962 1.98524959369 142.18329301 142.110389012 140 160 10.1361869812 0.646349346554 0.58024306222 4.36417388799
CATLIN micro 478492.0 762 51890055.2187 0.135385371703 0.0076 0.0880572528879 0.140343230108 -0.00942709503453 0.441196330326 0.023239998875 0.387693002182 0.826215335269 185508.0 46.3700542538 22.7745162214 0.707427327666 857.128403937 849.536706976 868 916 58.1875691425 1.10158402895 0.342151136113 14.4527630686
CATLIN micro 40520.0 385 367744.420725 0.163293234987 0.0293 0.100176693886 0.208214638274 -0.0163699472659 0.564048123519 0.0722115858501 0.233785784798 0.91139467768 9473.0 33.5686080948 11.5194548222 1.0714881107 479.798799733 492.382154186 489 537 36.193803254 1.9126081901 0.207186795017 140.417811502
CATLIN micro 227928.0 988 1800729.32412 0.137851676137 0.0287 0.0891570094544 0.201483080743 -0.00717984887599 0.61304472083 0.0684257207686 0.104168860342 0.964776502823 23743.0 17.0435400653 10.8614208862 0.80961079245 1148.04721381 1152.06638842 1174 1253 80.0046360954 2.06946509041 0.0923172488287 25357769.8094
CATLIN micro 68123.0 599 365622.372315 0.185022577803 0.0342 0.103936523908 0.234837814356 -0.0101344981678 0.624692183941 0.0891800000212 0.141347268911 0.951216937308 9629.0 23.5617926398 10.7228256746 0.808650530654 657.48085846 655.271991602 685 709 53.733150269 2.2949854675 0.125265755548 29862.1778504
CATLIN micro 123597.0 594 2274644.39391 0.156914566723 0.0187 0.0974812686833 0.161083884305 -0.0109083622531 0.507071514205 0.0413121686527 0.159534616536 0.910018197685 19718.0 30.1131904496 10.9392011911 1.08171778121 672.892066872 693.614146066 712 743 50.5766352556 1.68959447316 0.141383872715 5102.51611787
CATLIN micro 112599.0 564 3602303.88875 0.155479145934 0.011 0.0960828079809 0.168967195393 -0.0116584313916 0.463115563147 0.0316165195945 0.354567980177 0.838263900901 39924.0 50.3290437748 17.7302390452 0.94672205957 716.534688005 729.553305239 708 785 48.4026767883 1.68078373686 0.313669231236 19.1554720643
CATLIN micro 119228.0 712 1279128.23708 0.174740237671 0.0215 0.101232822279 0.206672335471 -0.00875782956855 0.580572026101 0.0623024862746 0.187799845674 0.934618019814 22391.0 30.5716777938 14.3512972998 0.857272274239 802.297787057 767.789684251 808 854 60.8274956838 2.06201046084 0.166433279188 813.819465117
CATLIN micro 135610.0 816 1859903.92262 0.16202511966 0.0146 0.09811751688 0.188394324989 -0.00788833807618 0.54976499117 0.0477044133378 0.238846692722 0.916348422038 32390.0 34.5291645159 18.4613628143 0.970978291857 907.798145282 930.822749122 964 994 68.9652931555 2.21587011748 0.211671599984 122.228521512
CATLIN micro 1015200.0 992 67297832.8429 0.112927183198 0.0153 0.0809532010434 0.145729555911 -0.00788469170609 0.523868053177 0.0364625910943 0.17112785658 0.934281918262 173729.0 28.0535855004 14.677033032 0.884481559173 1046.12126543 1042.81221774 1087 1100 71.6527318129 0.984545672503 0.151658114181 2166.27669752
CATLIN micro 5962.0 359 10459.8760368 0.343958824466 0.0258 0.162603190355 0.254421456597 -0.0106675835734 0.581664789126 0.0827774752944 0.285139215029 0.891866648226 1700.0 37.9570613888 13.4429482139 1.81135939234 513.428779875 540.9229631 506 584 41.1817966683 4.64941660933 0.252671607623 46.0356528206
CATLIN micro 237582.0 937 3211577.542 0.136602260913 0.0196 0.089111925181 0.193520750555 -0.00757452181268 0.581028110149 0.0558678122952 0.16699918344 0.945676929788 39676.0 25.0128376729 15.2958779632 0.861229916508 1068.89293183 1079.74191627 1109 1170 75.61639415 1.92235160185 0.147999172888 2883.02883853
CATLIN micro 126823.0 577 2240664.24874 0.150719991895 0.0211 0.0944553340446 0.186067657908 -0.0115951011949 0.541910801519 0.0527001783348 0.213155342485 0.918024624482 27033.0 33.1028283513 13.0028659384 0.966004728048 631.013329121 639.745492605 669 684 49.018991716 1.6202304954 0.188903963915 271.738499891
CATLIN micro 79906.0 690 660058.88821 0.188194336987 0.0199 0.107157413109 0.188858539218 -0.00852864300283 0.545953287773 0.0500311383201 0.16891097039 0.927323975431 13497.0 32.0201236453 12.6309319499 1.09849136781 864.535517594 815.075864825 844 931 61.0349928416 2.44095287641 0.149693449955 2519.42068215
CATLIN micro 45573.0 789 139593.55549 0.2148232784 0.0234 0.114456291688 0.237968098481 -0.00697346329138 0.624043343806 0.0802718461101 0.174401509666 0.945769112803 7948.0 29.0040155355 16.0327706342 1.03955835585 943.660670686 946.854474409 971 1047 73.4590104741 3.69592537714 0.15455931367 1750.40708473
CATLIN micro 285046.0 1036 12722649.5763 0.169486748281 0.0059 0.0978238438881 0.199456982585 -0.00623215902425 0.489527003862 0.0279512453513 0.375655157413 0.836970204422 107079.0 48.8850922307 26.8961773011 0.504298630475 1117.25518702 1111.7464316 1148 1184 82.4017959596 1.94044921026 0.33187052057 15.894059213
CATLIN micro 11495.0 438 36621.7594067 0.311841627583 0.0185 0.148709970456 0.222471155813 -0.00959543317801 0.52182898842 0.0524027286264 0.239582427142 0.876600568244 2754.0 44.1061331013 11.8093644139 1.61078502263 622.994816907 628.45497617 600 692 46.7396303596 4.08525925648 0.212323570416 119.866509567
CATLIN micro 97427.0 777 965543.655439 0.174875044125 0.016 0.105252982599 0.163759530136 -0.00771333525481 0.53086729164 0.042824509101 0.223100372587 0.919777024005 21736.0 31.1094460468 16.1962488083 1.25127388486 1009.19416408 1037.72316551 1003 1120 67.5554582034 2.48932358525 0.197717416354 193.610108652
CATLIN micro 24965.0 357 100721.014745 0.179051757379 0.0464 0.104133766309 0.244922835948 -0.0169715935552 0.625467477731 0.108149607193 0.168996595233 0.93966721365 4219.0 26.8295613859 9.06414708449 0.998196626082 433.545122172 447.578695144 448 486 35.1596947109 2.2594484172 0.149769332997 2504.5068559
CATLIN micro 89215.0 449 957708.238407 0.142974407215 0.0397 0.0934523886432 0.174360604066 -0.0150628830716 0.569817908272 0.0702146973387 0.123577873676 0.943867030739 11025.0 22.0579498963 7.42650469049 1.10877593583 561.057330803 555.618733957 559 616 39.3023673089 1.50323680734 0.109518039042 361605.182458
CATLIN micro 28753.0 335 266185.920064 0.197162992109 0.027 0.117220830798 0.151250875314 -0.0160281438201 0.494837186218 0.0501849187372 0.237957778319 0.889476117492 6842.0 37.7247591556 9.37896417786 1.61733041692 473.645598651 490.57381804 455 524 32.5330039406 1.97561913938 0.210883884581 125.171579945
CATLIN micro 240706.0 690 7457210.6623 0.132464305139 0.0161 0.0891498421039 0.155579257973 -0.0102815485858 0.510026914211 0.0392557264099 0.213945643233 0.909871517421 51498.0 34.1283557535 14.0235479762 1.03857045604 834.000598243 811.184860673 835 908 55.6033867045 1.40638955648 0.189604345236 264.097483553
CATLIN micro 598477.0 831 34851577.2209 0.121570397436 0.0147 0.0838487112021 0.156281532168 -0.00908366710763 0.510802464664 0.0361426609845 0.191562917205 0.918034903073 114646.0 31.4967826667 14.2270368258 0.849514173298 891.748400825 890.68009083 926 948 62.3959595589 1.07418056731 0.169768213832 673.986959559
CATLIN micro 78121.0 441 589051.056164 0.169164634948 0.0507 0.0982105206767 0.249096603179 -0.0145820648229 0.640380479987 0.109927613701 0.104760563741 0.955263622591 8184.0 20.4042446973 7.55021905977 0.621456840059 464.768420193 464.831483354 482 489 39.0555162408 1.57780995738 0.0928416323128 21513139.5925
CATLIN micro 1017693.0 1059 89347472.172 0.113104168796 0.0102 0.0808064349736 0.144838934143 -0.00739940932715 0.497427303195 0.0292668688445 0.244610113266 0.907784386324 248938.0 34.8137404895 20.0919068143 0.855552767294 1113.35448379 1127.34220666 1173 1169 76.4835005494 1.04975406839 0.216778740218 105.343203731
CATLIN micro 138936.0 1283 338554.388565 0.172837856347 0.0335 0.102109779363 0.200606779434 -0.0048176957709 0.645175608313 0.0781903071232 0.0724074393966 0.97673588749 10060.0 13.070766396 10.4639443582 1.026257105 1624.8705925 1567.75840032 1589 1759 108.260854881 3.44206653317 0.0641694223963 1.28696146988e+14
CATLIN micro 27812.0 216 676454.760379 0.190250901548 0.024 0.114291820987 0.127745950323 -0.0255099691526 0.405247933022 0.0364254001864 0.277398245362 0.807346591915 7715.0 54.8791888393 8.07265744937 1.63507357752 294.891725496 305.805251856 287 327 21.0099987966 1.29520240091 0.24582139149 52.6264277558
CATLIN micro 16300.0 426 48829.7048329 0.26680148654 0.0292 0.125308002457 0.334603531208 -0.0117714992123 0.666618971142 0.130822882527 0.261226993865 0.919544168015 4258.0 31.8404907975 16.7511191197 0.667304067703 466.669161707 464.565349608 488 504 43.8193100934 3.33668951695 0.231501089328 72.006581108
CATLIN micro 44880.0 462 543118.088007 0.225256358214 0.0171 0.114542334315 0.262821492233 -0.0119000844223 0.561387488485 0.0657817851692 0.285672905526 0.873530240872 12821.0 48.0392156863 14.7865233812 0.565790439311 501.942918979 490.878188553 515 534 43.0368619378 2.18079855854 0.25314372987 45.6287598188
CATLIN micro 87226.0 875 1456175.90869 0.19823835311 0.0068 0.108732548166 0.194878984313 -0.00662613855747 0.488035722764 0.030065822681 0.386765413982 0.831581248663 33736.0 47.6096576709 25.356049927 0.939417522075 1106.38336335 1083.78967549 1089 1205 76.8266701316 2.96268224261 0.341362120324 14.5551200498
CATLIN micro 255178.0 1068 4431128.09079 0.151012376825 0.0127 0.0975515864091 0.141027906407 -0.00606256806777 0.508544137439 0.0315713531427 0.186975366215 0.926454367839 47712.0 29.3536276638 16.035360908 1.24722644494 1326.76291881 1377.780229 1354 1483 85.7047620104 2.1142173772 0.165702603389 849.344036191
CATLIN micro 43313.0 693 519404.626083 0.223456313968 0.0075 0.116067859645 0.218630493583 -0.00782681782057 0.490439638163 0.034290596151 0.412878350611 0.806965878231 17883.0 55.0527555237 22.6720947217 0.928846765838 950.535357678 914.933888947 892 1015 64.8170205682 3.32984564229 0.363350179294 12.116172206
CATLIN micro 140762.0 976 1603966.88134 0.17602130032 0.0128 0.107267698964 0.144991511075 -0.00602315313585 0.502712249091 0.0316202424153 0.187856097526 0.920047763014 26443.0 30.9110413322 15.1763961364 1.38149194611 1324.32974733 1338.27570643 1286 1459 82.2449875229 2.60139980439 0.166483131088 811.466070988
CATLIN micro 193922.0 919 1978020.29719 0.145079618708 0.022 0.0917526813052 0.205486671391 -0.00749763231869 0.591411666991 0.0605271271063 0.142160249997 0.950626079553 27568.0 22.2780293108 13.2025714063 0.846149493934 1041.81923799 1049.0254652 1082 1138 75.3991021372 2.08690159315 0.125986241277 27209.2616843
CATLIN micro 89648.0 878 167734.81683 0.170179134295 0.0586 0.0996842392112 0.245454736256 -0.00721421787521 0.693054173694 0.123886103028 0.0495939675174 0.9805572335 4446.0 9.67562020346 7.33304040288 0.849159506369 982.286877579 985.811641008 1024 1069 76.9052272353 2.93240676906 0.043951509354 4.06980374067e+28
CATLIN micro 20820.0 762 24353.7721192 0.263675192974 0.0298 0.127665990399 0.305884332902 -0.0064561399034 0.682961400037 0.120831966525 0.172910662824 0.955932414613 3600.0 24.4812680115 17.5150185208 1.00190545141 942.847114168 953.58925003 966 1056 76.5311047475 5.28098104588 0.153238085068 1926.12807424
CATLIN micro 24515.0 597 32817.8080222 0.21405699531 0.0489 0.11814821605 0.235881972921 -0.00892179221293 0.656262466296 0.109628897403 0.0846420558842 0.965779376689 2075.0 16.7244544157 8.12273754283 1.26436537131 851.706041978 847.413968776 800 923 58.968795337 3.81292604939 0.0750120689502 44070998565.4
CATLIN micro 11199.0 171 155509.957276 0.197647398446 0.027 0.11297126469 0.210361827419 -0.0326079540183 0.477976892268 0.0628041839016 0.429413340477 0.783362711586 4809.0 55.201357264 10.6138595336 1.27314808571 237.00589391 231.554700046 226 259 18.2333400086 1.61587026079 0.37701078798 10.9451704732
