CATLIN micro 20631.0 111 657824.572482 0.174704685523 0.0503 0.105714219945 0.191581286099 -0.0537534127683 0.493239437607 0.0836862928692 0.348795501915 0.820985785624 7196.0 49.8327759197 6.72348633669 1.3057372641 111.0 111.0 111 88 11.0724692247 0.772792394451 0.308650317647 20.2619344232
CATLIN micro 20123.0 72 2502345.07023 0.158878113749 0.0307 0.101876734364 0.168756591407 -0.0860484476485 0.347501604562 0.0481695521095 0.66138249764 0.5473581177 13309.0 75.3664960493 7.93734030915 1.37756790694 72.0 72.0 72 52 7.16475598276 0.507558532259 0.544149095721 4.88686174369
CATLIN micro 32134.0 134 1199191.15004 0.169368916026 0.0461 0.102628530248 0.200594246667 -0.0458904227357 0.522662422285 0.0897348968337 0.352617165619 0.838079288545 11331.0 45.593452418 8.28613503964 1.18917209863 134.0 134.0 134 118 12.8159789998 0.747519289013 0.311974653551 19.517350417
CATLIN micro 799864.0 1127 72588120.8925 0.147254453681 0.0069 0.0938157256238 0.139331410386 -0.00597751593684 0.461744663445 0.0218980630708 0.317761519458 0.871359530977 254166.0 41.3415280598 24.8373670952 1.04902945882 1127.0 1127.0 1127 950 82.8416480902 1.26013142104 0.281469002346 28.6801329963
CATLIN micro 89797.0 859 325832.179015 0.222910889231 0.0325 0.115566186774 0.266229871508 -0.00634232723546 0.677929495704 0.11248025381 0.1511743154 0.964165555196 13575.0 20.6833190418 17.0103967877 0.949440899819 859.0 859.0 859 733 75.2281382319 2.86656801006 0.133974748745 10660.5028168
CATLIN micro 36140.0 299 521196.670849 0.2197578276 0.0274 0.116300844817 0.228399220423 -0.0181032577618 0.557013613714 0.0769536785928 0.304925290537 0.877739160168 11020.0 41.3060320974 12.4369564027 1.12311616731 299.0 299.0 299 245 28.3940526826 1.57281308718 0.2701559636 34.0170889795
CATLIN micro 93626.0 795 486496.314123 0.22037513095 0.0278 0.118491350541 0.214349814403 -0.00667990594632 0.611470058949 0.073500186463 0.149723367441 0.954675784464 14018.0 21.3637237519 12.8807566746 1.28465120704 795.0 795.0 795 637 69.3627677369 2.59817795759 0.132688879595 12262.1518206
CATLIN micro 8831.0 146 96441.2170524 0.292826318447 0.0368 0.146013046342 0.20550737362 -0.0293376580594 0.482123134995 0.0693318092419 0.277771486808 0.813838040634 2453.0 55.0673762881 6.9130023597 1.8292210137 146.0 146.0 146 106 15.9585763125 1.55363112579 0.246151771627 52.276304887
CATLIN micro 252327.0 1329 2500539.38087 0.197135801278 0.0142 0.107004388705 0.246940654715 -0.00443441708032 0.636131187765 0.0723227883892 0.202324761123 0.947091548729 51052.0 26.5203485953 26.4549377016 0.804155935301 1329.0 1329.0 1329 1189 106.76544705 2.64571536085 0.179305642785 414.467781309
CATLIN micro 27353.0 656 26376.4834086 0.289866313441 0.0619 0.134534781101 0.338121269973 -0.00710572555477 0.739743653208 0.183632542636 0.0905202354404 0.975384316187 2476.0 17.1388878734 10.4820552904 1.03547385757 656.0 656.0 656 535 64.1114643459 3.96644426972 0.0802214699456 2818703299.5
CATLIN micro 65351.0 365 957650.992579 0.211296428504 0.0325 0.114885056228 0.182903406955 -0.0150166522778 0.532243295571 0.0607363864553 0.150311395388 0.915638849158 9823.0 28.6851004575 7.50859112131 1.24253455415 365.0 365.0 365 305 32.8296802773 1.42779792244 0.133210005795 11580.5230318
CATLIN micro 22960.0 278 104859.888996 0.223845648292 0.0613 0.115657425253 0.300100894894 -0.0195815300902 0.67428229703 0.156897775904 0.191289198606 0.941303664759 4392.0 26.9860627178 9.65894687543 0.920247316654 278.0 278.0 278 235 27.5854957782 1.83467377879 0.169525637104 683.05537497
CATLIN micro 24793.0 316 109418.903064 0.247436594764 0.0534 0.12430700499 0.275876791479 -0.016000309199 0.654193957602 0.133903987759 0.184406889041 0.940763610543 4572.0 27.5238978744 9.57659661152 1.13689945626 316.0 316.0 316 275 31.1316606691 2.00688525637 0.163426349981 973.604417611
CATLIN micro 380346.0 690 17344997.7485 0.145800511101 0.0172 0.0928296086563 0.175461839209 -0.00986849893401 0.541176097946 0.0484483346387 0.240036703423 0.915940127157 91297.0 32.6831358815 16.737572349 0.979676351705 690.0 690.0 690 610 53.6235317721 1.11881856482 0.212726125122 118.440436542
CATLIN micro 97181.0 429 1953737.86188 0.181183014077 0.0257 0.105003148292 0.197921649049 -0.0140041589076 0.548800011355 0.0627137793621 0.227554768936 0.909127404019 22114.0 32.9004640825 11.4336999568 1.10225167825 429.0 429.0 429 368 37.2681716249 1.37615264866 0.201664927506 168.505177392
CATLIN micro 192369.0 737 4302287.00517 0.185201903219 0.0156 0.107375423939 0.166819220746 -0.00796823140324 0.522035386367 0.0413033507343 0.220300568179 0.913076007506 42379.0 32.7698329772 14.8912181811 1.22745151322 737.0 737.0 737 618 60.4906448066 1.68035075003 0.195236194794 212.102306908
CATLIN micro 13128.0 142 245351.568475 0.235896961737 0.0339 0.124840256865 0.205283192145 -0.0354502861304 0.479173616926 0.0691333709569 0.337141986594 0.792228425616 4426.0 63.0027422303 7.87688378328 1.42581739833 142.0 142.0 142 106 14.8694923124 1.23933598623 0.298478712088 22.8660274347
CATLIN micro 2340.0 89 4570.05005107 0.329647255603 0.1327 0.14592533159 0.388999327763 -0.0481569131467 0.71456936632 0.269497539409 0.219230769231 0.915317408138 513.0 34.9572649573 5.25570653643 1.07422178315 89.0 89.0 89 72 11.3432668089 1.83984856307 0.194288122643 219.810362885
CATLIN micro 14395.0 232 71528.9457941 0.24401003157 0.0513 0.125657059345 0.271595141991 -0.0215532834166 0.634674984981 0.132981597733 0.243626259118 0.915950713754 3507.0 34.0465439389 10.0778583452 1.24676068571 232.0 232.0 232 184 24.1262430343 1.93366906892 0.215906937087 107.978965721
CATLIN micro 133998.0 548 4210741.11287 0.226145497151 0.014 0.124588000238 0.123767290132 -0.00920510725188 0.436734265065 0.0268883782772 0.231727339214 0.869898052566 31051.0 41.3894237227 12.0297065121 1.73305150372 548.0 548.0 548 452 46.3340211061 1.49703309123 0.205362635199 148.918011749
CATLIN micro 26043.0 323 101320.370863 0.233991679765 0.0605 0.11977294316 0.281247886176 -0.0162611778996 0.669313049327 0.145346432825 0.137541757862 0.948801195552 3582.0 26.8671044043 8.41027562197 1.05207872382 323.0 323.0 323 275 31.6695218996 2.00150655541 0.121893209191 47149.524259
CATLIN micro 27587.0 637 116645.291969 0.351887833247 0.0158 0.15310877289 0.296522051914 -0.00640106608882 0.611054014063 0.0797151305537 0.274078370247 0.900950172736 7561.0 40.8018269475 18.809799916 1.31192931945 637.0 637.0 637 539 62.1998811344 3.83519274285 0.242882421562 55.9042919506
CATLIN micro 52664.0 184 2290958.06177 0.149674561093 0.0347 0.0939203391052 0.217013189441 -0.0365709076134 0.543873079954 0.0877154438368 0.368278140665 0.843403943006 19395.0 44.4155400273 11.1922883971 0.927671017311 184.0 184.0 184 154 16.8327135843 0.801790492159 0.325528930441 16.9140285385
CATLIN micro 2682.0 145 3326.61283525 0.386389017207 0.0938 0.164716315904 0.39258659261 -0.0260573379591 0.714920482266 0.236748952841 0.209172259508 0.926507592529 561.0 30.7606263982 6.99790217294 1.32503242892 145.0 145.0 145 99 18.2409675966 2.79987482409 0.18537406551 315.170281539
CATLIN micro 3104.0 137 11335.3152641 0.391427412509 0.0436 0.17139496223 0.324796354127 -0.0264537568595 0.596362946377 0.130915180976 0.369201030928 0.83269737585 1146.0 51.9007731959 9.22563600008 1.6855004598 137.0 137.0 137 95 16.9144827405 2.45900669327 0.326323898118 16.7800118714
CATLIN micro 124466.0 465 2970467.13146 0.160266849276 0.0236 0.0985013437474 0.201742722329 -0.0137879549298 0.551047382443 0.0614328014308 0.232722189192 0.90887993851 28966.0 34.2519242203 12.4500806867 1.04823972241 465.0 465.0 465 385 39.550664002 1.31803695315 0.20624425665 144.722090342
CATLIN micro 16233.0 219 100057.970969 0.228394944311 0.0523 0.118187445206 0.287512584293 -0.0243127888664 0.623306992808 0.127347439402 0.186410398571 0.912656613572 3026.0 36.5058830777 7.79613520518 1.02205550622 219.0 219.0 219 170 22.4862778581 1.71887668381 0.165201913909 874.845385296
CATLIN micro 9761.0 150 148657.746264 0.276065419636 0.0279 0.13498677857 0.246713792986 -0.0309684815518 0.496305006468 0.0739784052772 0.457330191579 0.760853552659 4464.0 60.8851552095 10.3438970762 1.39249913473 150.0 150.0 150 116 16.220070197 1.51825284173 0.399561770365 9.41314675348
CATLIN micro 22328.0 121 811054.95124 0.176320493504 0.0406 0.106276476541 0.206037484713 -0.049045230593 0.479806404962 0.0748722586441 0.319374776066 0.79651213413 7131.0 62.1999283411 7.11258006123 1.28150993834 121.0 121.0 121 99 11.9837060243 0.809767716649 0.2828885472 28.1063746148
CATLIN micro 29706.0 187 731828.801622 0.204087125256 0.0335 0.115467388317 0.189681877047 -0.0291594900111 0.497388330856 0.0671464554465 0.336901636033 0.840399239824 10008.0 46.876051976 9.14127234414 1.42038105517 187.0 187.0 187 157 18.0598228873 1.08497446761 0.298268424319 22.9257062268
CATLIN micro 831922.0 716 39518896.3149 0.102609334468 0.0331 0.0752372841152 0.241824830511 -0.0117626569537 0.644323032845 0.0952465732545 0.156857253444 0.957776524783 130493.0 24.3528840444 14.7975445538 0.528030329519 716.0 716.0 716 647 52.4520644483 0.785003725192 0.139011121455 6382.35177164
CATLIN micro 141946.0 520 3786191.84513 0.168547645362 0.0193 0.100014626923 0.206483966275 -0.0121400245681 0.549139908305 0.0578177917854 0.255632423598 0.900550194593 36286.0 36.9408084765 14.5257905639 0.971867907383 520.0 520.0 520 452 43.7487282744 1.38019917752 0.226544912327 81.250343844
CATLIN micro 4344.0 184 6700.65478736 0.360695964274 0.0772 0.157003391113 0.364971174634 -0.0215884422342 0.700195778876 0.205090146249 0.212246777164 0.929583871745 922.0 29.258747698 8.18876375539 1.31360337909 184.0 184.0 184 135 21.8467007511 2.79172679356 0.18809877351 280.897716
CATLIN micro 38536.0 619 93142.8538357 0.273895648726 0.04 0.135889347824 0.240511107169 -0.00745310314963 0.63811033285 0.0961997408102 0.0945090305169 0.959622618607 3642.0 18.5955989205 8.63799534746 1.48150036333 619.0 619.0 619 490 58.5263400089 3.15324221635 0.0837564475425 577491751.96
CATLIN micro 57130.0 577 443192.327978 0.256434490115 0.0217 0.125509047074 0.265058437975 -0.00867662834671 0.610973257107 0.0827104748787 0.209172063714 0.920052578608 11950.0 37.5529494136 14.9480079071 1.04540591405 577.0 577.0 577 521 52.5879255311 2.41403577085 0.185373891993 315.172638905
CATLIN micro 6368.0 53 429404.669086 0.222872737099 0.0331 0.122900304548 0.189997748175 -0.0965180780268 0.31267475054 0.0473171044775 0.750314070352 0.430496842725 4778.0 79.6639447236 6.9685749127 1.55779432379 53.0 53.0 53 41 5.93672316611 0.66416248693 0.597766891221 4.14981930513
CATLIN micro 39761.0 349 384681.687383 0.215121950123 0.0327 0.114109833832 0.248038981338 -0.0158141338439 0.590751693043 0.0884534347622 0.234878398431 0.912457534736 9339.0 33.9503533613 11.1769906855 1.02790849562 349.0 349.0 349 288 32.8591983563 1.75023666603 0.208155043408 136.181576689
CATLIN micro 27469.0 94 5132896.06783 0.205130128152 0.0165 0.116801161769 0.135300295962 -0.0573315202834 0.238189426599 0.0209791509296 0.799628672322 0.356717225871 21965.0 83.5086825148 9.46207511428 1.56860364024 94.0 94.0 94 76 9.09908014041 0.567161090561 0.625630911126 3.85060275181
CATLIN micro 19098.0 349 36991.7759773 0.25287314019 0.0751 0.124115471704 0.320975568332 -0.0145103208011 0.704354453182 0.17473797241 0.111739449157 0.961840039285 2134.0 19.9968583098 7.18949826747 0.96774808867 349.0 349.0 349 273 35.3036457054 2.52540759622 0.0990265084782 3735440.17181
CATLIN micro 44442.0 486 383079.954639 0.253376629582 0.0214 0.124609745311 0.259401767097 -0.0103775629895 0.596592314198 0.0805580720472 0.273660051303 0.903873939474 12162.0 35.95472751 16.2424640949 1.05738926164 486.0 486.0 486 422 45.3188850615 2.30536381264 0.242512058253 56.3392232762
CATLIN micro 42857.0 386 222476.251134 0.205889313756 0.0526 0.110666251842 0.277865503075 -0.0147527152435 0.660917190261 0.130466202081 0.161093870313 0.950775521337 6904.0 22.6147420491 9.65528950959 0.925063761217 386.0 386.0 386 323 36.097277591 1.86456024895 0.142765725396 4500.77311323
CATLIN micro 22877.0 290 166748.938563 0.242350089353 0.0361 0.126039786756 0.234729354735 -0.0171888812869 0.577683521683 0.0880751546082 0.227608515103 0.904472261426 5207.0 38.1256283604 9.54213276227 1.36358933051 290.0 290.0 290 224 28.7909189299 1.91733703805 0.201712557379 168.230607518
CATLIN micro 24868.0 117 725628.198202 0.171306576454 0.0591 0.11111818775 0.146212686747 -0.048469343585 0.487693689536 0.0793186508499 0.241917323468 0.855342869511 6016.0 42.6250603185 5.05662829931 1.73080157818 117.0 117.0 117 87 11.4609363049 0.741934271296 0.214392611345 112.787233055
CATLIN micro 128514.0 505 3163866.48037 0.180342745617 0.0201 0.104345640383 0.191541592648 -0.0119729384703 0.526579944671 0.050625895557 0.230255069487 0.901470797219 29591.0 35.375912352 12.2465979483 1.0716055257 505.0 505.0 505 424 42.843323966 1.40869235443 0.204057924655 155.447134371
CATLIN micro 83228.0 442 1725729.08975 0.194550779586 0.0202 0.109127050137 0.208420710747 -0.0130689989449 0.544306990554 0.0601753522069 0.283342144471 0.887869284991 23582.0 41.6578555294 14.4781070868 1.12177719873 442.0 442.0 442 378 38.9254832758 1.53210150822 0.251081692781 47.447828282
CATLIN micro 17770.0 442 60242.1171751 0.31684386979 0.0262 0.144008457835 0.302745743118 -0.00983042953656 0.636289485287 0.107081670261 0.249184018008 0.91360502437 4428.0 38.1091727631 14.9392286826 1.25205094418 442.0 442.0 442 341 45.067753752 3.31572539428 0.220831589748 94.2304351538
CATLIN micro 8661.0 348 9296.12861473 0.36374633033 0.0626 0.156874565198 0.365078891105 -0.0114243433332 0.714993327609 0.186301424888 0.143401454797 0.954123756892 1242.0 23.449948043 8.8884901828 1.27803861315 348.0 348.0 348 261 38.2724015796 3.73934231968 0.127086230391 23675.3219512
CATLIN micro 56219.0 207 1816752.89367 0.151021196836 0.0392 0.0953247510731 0.208533690666 -0.0320214700978 0.557035564763 0.0898152500011 0.307920809691 0.87675677351 17311.0 40.2017111653 10.3543517772 1.02439731513 207.0 207.0 207 172 18.8351294299 0.873029235417 0.272798623776 32.635402872
CATLIN micro 38144.0 356 306388.187055 0.225285490429 0.0362 0.121684513465 0.201712257748 -0.0145164445748 0.56756853398 0.0762317348325 0.160497063758 0.92243469329 6122.0 31.6642197987 8.39771001285 1.42064187239 356.0 356.0 356 273 33.652084135 1.82279102315 0.142236819358 4720.28432574
CATLIN micro 275405.0 623 9978736.21633 0.151075957208 0.0192 0.0950114533383 0.17882189146 -0.0106751702031 0.542058575134 0.0509922926423 0.225656760044 0.916563029342 62147.0 32.6998420508 14.5243806401 1.02893006205 623.0 623.0 623 539 49.656721882 1.18714054069 0.199982906665 178.615064483
CATLIN micro 833645.0 878 64041874.7927 0.132987984855 0.0139 0.0885322834299 0.162430342168 -0.00813713597301 0.525271285791 0.0389587503935 0.228486945882 0.918044307224 190477.0 31.6130967018 17.7021498895 0.97061467419 878.0 878.0 878 810 64.3265450435 0.961621004662 0.202491021956 163.830024628
CATLIN micro 30046.0 405 135944.736976 0.267089879376 0.039 0.127317486009 0.307148051999 -0.0121812649844 0.662823624402 0.129928849502 0.207581708048 0.936693493239 6237.0 30.2402982094 12.9730658112 0.951343867834 405.0 405.0 405 361 39.1834144628 2.33647797657 0.183964480688 335.129234782
CATLIN micro 43261.0 179 793155.633984 0.152521877862 0.069 0.0945220239005 0.237313104982 -0.0373496256378 0.616702482934 0.132077620185 0.204942095652 0.918976251743 8866.0 34.1624095606 6.97216608421 0.884423552427 179.0 179.0 179 154 16.6744624224 0.860606761569 0.181625191028 372.16103843
CATLIN micro 6452.0 253 4218.18749608 0.327223022566 0.134 0.146872105499 0.376330898407 -0.0168274371265 0.757846070057 0.258934358709 0.0633911965282 0.970512322577 409.0 12.1977681339 4.242701114 1.1606059406 253.0 253.0 253 188 28.727293881 3.14973010781 0.0561789852 1.06481328093e+18
CATLIN micro 141964.0 663 2052637.2022 0.189911130888 0.0219 0.109021381075 0.181110591503 -0.0087212783616 0.552911261328 0.0533409393531 0.183842382576 0.931067826066 26099.0 27.5964328985 12.4060753106 1.24425730827 663.0 663.0 663 547 55.802213029 1.75964238582 0.162926069188 1003.98451059
CATLIN micro 8553.0 176 34329.1106169 0.289969211083 0.0647 0.14524565113 0.234882364508 -0.0244701135402 0.588383715911 0.11401076755 0.15199345259 0.912195399149 1300.0 28.4578510464 5.02391062227 1.75412753173 176.0 176.0 176 132 19.3283938095 1.90306416631 0.134700690178 9867.11586528
CATLIN micro 60265.0 359 886020.639237 0.191895203316 0.0309 0.109047008546 0.204951760181 -0.0161025674657 0.56886420882 0.0765698280075 0.239475649216 0.909877831882 14432.0 33.8438563013 11.3905776351 1.17116863309 359.0 359.0 359 301 32.5262144527 1.46238548613 0.212228949472 120.205257701
CATLIN micro 36303.0 337 165132.59326 0.191641962305 0.0658 0.10711136869 0.269928154158 -0.0174698569469 0.673388522955 0.146901740151 0.124232157122 0.954932160964 4510.0 24.3450954467 8.04144258074 0.947444293709 337.0 337.0 337 271 32.0010494471 1.76871819323 0.110097882649 323781.020741
CATLIN micro 39763.0 545 132534.281456 0.25265786197 0.0387 0.123701629992 0.296077562309 -0.00932381675339 0.662910010786 0.117942158111 0.130196413751 0.952564717776 5177.0 26.0116188416 11.165989717 0.969448604624 545.0 545.0 545 452 51.3658592202 2.73310886411 0.115383567464 127244.037518
CATLIN micro 26610.0 288 167050.051829 0.216740268187 0.0488 0.116381739037 0.255687085056 -0.0187813425248 0.630139698548 0.120075976606 0.214731304021 0.928819968476 5714.0 29.2709507704 10.1365479811 1.15282352428 288.0 288.0 288 238 28.1675146444 1.76550946622 0.190300614081 256.787404419
CATLIN micro 914192.0 989 76280600.9331 0.139389866775 0.0111 0.0900785303418 0.162878079451 -0.00709823885905 0.507801813735 0.0325777893547 0.226006134379 0.908811787504 206613.0 37.188468068 18.2574188311 0.896305443604 989.0 989.0 989 912 71.9812539563 1.03437397083 0.200292523834 176.69196016
CATLIN micro 5180.0 227 4231.40528634 0.373011800366 0.11 0.156871754106 0.404589832123 -0.0175142981962 0.757517133186 0.265114159871 0.124131274131 0.959955054337 643.0 22.277992278 6.57770070805 1.1119785903 227.0 227.0 227 183 26.4248355043 3.15399483159 0.110008477426 329307.774623
CATLIN micro 14577.0 115 356705.466514 0.203262869229 0.0435 0.112440732813 0.22855123169 -0.0487202482361 0.500763198937 0.0856378079221 0.312615764561 0.799932386124 4557.0 61.7822597242 6.954386855 1.17222374274 115.0 115.0 115 92 11.890854196 0.952497322343 0.276937500582 30.6446126147
CATLIN micro 55709.0 627 475846.082919 0.252934794735 0.0163 0.128368549305 0.223877735818 -0.00780209912615 0.574227941065 0.0629226285059 0.280977938933 0.902423034907 15653.0 36.6924554381 19.1820060944 1.35789543847 627.0 627.0 627 523 57.2845809596 2.65646965589 0.248989665082 49.4098082377
CATLIN micro 204349.0 661 14694972.6104 0.210904978122 0.0065 0.111352018 0.191100369663 -0.00856090639942 0.425827390799 0.0225492515677 0.443070433425 0.766230744573 90541.0 61.7409431903 21.0540298971 0.868739488418 661.0 661.0 661 605 53.9763184503 1.46222835419 0.388125921776 10.1364132733
CATLIN micro 63073.0 471 541933.662619 0.205608142203 0.0321 0.115513876436 0.204693728828 -0.0115723593983 0.589067252679 0.0777621202375 0.169295895233 0.933850763464 10678.0 30.434575809 10.5643010076 1.3501091269 471.0 471.0 471 388 42.5260546505 1.87542267682 0.150034580714 2453.22973526
CATLIN micro 38774.0 182 1609995.47872 0.204184187237 0.0276 0.118050639178 0.13884374768 -0.0292901934282 0.423995621955 0.0446610476022 0.354386960334 0.800675037663 13741.0 55.648114716 8.42633804209 1.66657023928 182.0 182.0 182 141 17.131220572 0.92427474185 0.313512057443 19.1885547934
CATLIN micro 43344.0 371 992905.281897 0.284869963496 0.0136 0.140056757758 0.168426175502 -0.0120535580651 0.422668327029 0.0302424289836 0.340323920266 0.801757396654 14751.0 57.6573458841 12.1764676726 1.68890853329 371.0 371.0 371 308 34.6541770924 1.7820070414 0.301260840175 22.1002239087
CATLIN micro 204988.0 701 5189200.5043 0.173349677671 0.0162 0.103407139087 0.16722421412 -0.00870499279307 0.52459981257 0.043010512609 0.218095693406 0.912128120809 44707.0 33.6712392921 14.5242165918 1.17823524591 701.0 701.0 701 576 57.232996918 1.54829531219 0.193282199592 228.414770312
CATLIN micro 44378.0 441 273475.428984 0.249560222273 0.0358 0.121182546254 0.313276000682 -0.0117682314704 0.671237752015 0.133119688604 0.220469602055 0.936633224442 9784.0 27.7524899725 15.0933527051 0.74436861524 441.0 441.0 441 400 41.1195771944 2.09341208302 0.195385995056 210.918476426
CATLIN micro 56656.0 614 457610.133821 0.243335957686 0.0183 0.120085730262 0.288515834059 -0.00853151623436 0.6304276812 0.0917538771803 0.282017791584 0.91098082244 15978.0 31.8924738774 21.3220244304 0.83160439154 614.0 614.0 614 522 56.0085723483 2.5795587082 0.249909852792 48.5317746819
CATLIN micro 13921.0 122 429386.674502 0.224126965961 0.0297 0.117371012586 0.243559971314 -0.0439540971882 0.475221164058 0.0727750790301 0.502334602399 0.723705592469 6993.0 62.9480640759 9.74390152185 1.11689158665 122.0 122.0 122 103 12.6819044019 1.03400970254 0.434472312347 7.70827964938
CATLIN micro 31097.0 419 99075.4766418 0.236314213448 0.0528 0.124178581619 0.246578743562 -0.0120798612844 0.648051844063 0.117324249199 0.114094607197 0.954787567092 3548.0 21.4361513972 7.8544095765 1.32507966015 419.0 419.0 419 330 40.4065141611 2.37604562718 0.101113712947 2217875.87843
CATLIN micro 93290.0 572 1384291.65832 0.210271577887 0.0189 0.115690407909 0.186231444619 -0.00951412363784 0.535049394251 0.0505734129787 0.227001822275 0.907429233248 21177.0 34.513881445 13.3101103759 1.30418036818 572.0 572.0 572 481 49.8974602824 1.87274429291 0.201174905528 171.366559937
CATLIN micro 15057.0 339 48019.2791538 0.291316247412 0.0396 0.140687218039 0.274255763203 -0.0131302868925 0.630671221608 0.113670657082 0.220628279206 0.92545964087 3322.0 30.2384273096 11.2272925173 1.43114616745 339.0 339.0 339 253 35.1366024049 2.76267929587 0.195526617001 209.81542394
CATLIN micro 22124.0 301 128784.350831 0.2485382126 0.0404 0.127285256774 0.238521657754 -0.0163943369364 0.596302049657 0.0968632763735 0.220891339722 0.917745024583 4887.0 31.0838907973 9.63301053469 1.34456244227 301.0 301.0 301 230 29.9867510404 2.02364659546 0.19575974489 208.004142565
CATLIN micro 42012.0 502 332365.935173 0.260991209705 0.0207 0.126081556102 0.286859891672 -0.00992645460531 0.624836887315 0.0952029431052 0.287203656098 0.903665438271 12066.0 37.2226982767 18.4544785528 0.994209315444 502.0 502.0 502 453 47.0612080491 2.44915932818 0.254497761231 44.4921063342
CATLIN micro 58538.0 752 205409.762296 0.251362764771 0.0287 0.123091219703 0.292978356303 -0.00679165327322 0.671619088359 0.11245287961 0.178584850866 0.95365231025 10454.0 24.6181967269 17.5101804737 0.940618973845 752.0 752.0 752 636 68.4130898183 3.10812803343 0.158266703223 1354.37429989
CATLIN micro 32028.0 424 115947.379187 0.26399639787 0.047 0.130950589846 0.250191165278 -0.0113036953223 0.634153068899 0.10723623653 0.125733732984 0.949828986124 4027.0 21.7028849756 7.71599984374 1.3357012935 424.0 424.0 424 366 40.7735767359 2.36919575965 0.111428619608 252847.866577
CATLIN micro 41193.0 275 656821.580969 0.226090004108 0.0331 0.115900514721 0.253577328893 -0.0197526996784 0.57486726249 0.0885102544264 0.256888306266 0.890303755998 10582.0 41.2837132523 10.0487470611 0.737819807517 275.0 275.0 275 241 25.7857510815 1.35494286674 0.227657546714 79.0290508823
CATLIN micro 114264.0 647 1904361.63545 0.193232871089 0.0161 0.110335956977 0.186591727544 -0.00882835043052 0.537334315028 0.0485895277704 0.259775607365 0.904230066836 29683.0 34.9156339705 16.7616660081 1.23204403483 647.0 647.0 647 504 55.4684182408 1.91403365167 0.230215389305 74.2494279284
CATLIN micro 126037.0 453 3847257.00792 0.162216413014 0.0198 0.0984028413206 0.198811060791 -0.0141675948415 0.532185706389 0.0551198707975 0.28402770615 0.888322897404 35798.0 37.3755325817 14.4351586978 0.987635770591 453.0 453.0 453 372 38.4866543648 1.27599558983 0.251688255459 46.9013066421
CATLIN micro 39395.0 472 283931.102734 0.294285422711 0.024 0.136199254696 0.282842774507 -0.00975137126632 0.607561043594 0.0873230967134 0.22782078944 0.911712234164 8975.0 37.8956720396 13.4032289999 1.11028111225 472.0 472.0 472 435 44.5120928135 2.37805254362 0.201900674902 167.152243594
CATLIN micro 32593.0 125 1590247.62748 0.165417818677 0.0413 0.102882753216 0.177727487497 -0.0490708390733 0.470002485299 0.0699420629042 0.364127266591 0.806374443697 11868.0 52.8794526432 7.35705116001 1.32571767418 125.0 125.0 125 104 11.9324245775 0.692385309364 0.321947960651 17.5413313262
CATLIN micro 90089.0 745 455340.080364 0.219303601885 0.0312 0.116667134068 0.23295419794 -0.00724227525732 0.627970645832 0.0841737876513 0.134755630543 0.956916484221 12140.0 20.3487662201 11.5291495086 1.1626932918 745.0 745.0 745 631 65.2142280623 2.48210637288 0.119424068144 67459.5724552
CATLIN micro 153066.0 473 4188832.39589 0.162987011445 0.0244 0.0985423475925 0.182900471377 -0.0135490236091 0.534050098198 0.0547100735846 0.171788640194 0.913498452649 26295.0 34.0585107078 10.2160995033 0.998665328377 473.0 473.0 473 400 39.5355428755 1.20898739854 0.152243718409 2073.12758375
CATLIN micro 53.0 11 27.5636363636 0.699665616281 0.4809 0.276415713533 0.634648370497 -0.196049196852 0.840688354551 0.650735068031 0.358490566038 0.810964756141 19.0 54.7169811321 2.07744901221 1.531806603 11.0 11.0 11 6 2.51870648752 1.51096620344 0.31707150335 18.4624962987
CATLIN micro 350713.0 1016 8072737.03284 0.166276948856 0.0146 0.101545904898 0.168140749426 -0.00611813079936 0.540340434203 0.0405369643209 0.173740351798 0.932399047401 60933.0 28.3268655567 15.5088740018 1.1993264679 1016.0 1016.0 1016 858 79.4973355798 1.71560686653 0.153973377771 1825.74357717
CATLIN micro 36601.0 237 433197.399306 0.206072656642 0.0524 0.115874080592 0.193316061895 -0.0229251451867 0.570481253569 0.0916668640381 0.185705308598 0.919465233529 6797.0 28.6385617879 6.61737070254 1.40199409589 237.0 237.0 237 201 22.4594403509 1.23880192176 0.164577044254 908.069204775
CATLIN micro 80274.0 587 1909552.54468 0.241603394745 0.0097 0.124646791724 0.184669147862 -0.00858936565833 0.480407848451 0.0347838509391 0.395470513491 0.82464456985 31746.0 47.8037720806 20.7780102149 1.35660768156 587.0 587.0 587 482 51.8896278211 2.07181345501 0.348744714916 13.6449258232
CATLIN micro 82378.0 563 959485.538169 0.213190011327 0.0219 0.116503641968 0.193033418233 -0.00959722696449 0.555748682854 0.058317960111 0.213977032703 0.918763124013 17627.0 31.5460438467 13.0162742866 1.30263770751 563.0 563.0 563 463 49.6507060024 1.96156531216 0.189632163242 263.8000432
CATLIN micro 4532.0 113 32040.9707649 0.30521318181 0.0482 0.140855408647 0.311448968593 -0.0393422574447 0.585458323929 0.13323025899 0.399823477493 0.816429933574 1812.0 51.3680494263 8.89203396594 1.22883191513 113.0 113.0 113 89 13.3033712555 1.67854694864 0.352417247643 13.2290616338
CATLIN micro 25854.0 68 5486352.76295 0.185251058742 0.026 0.116262915446 0.0923113501609 -0.0796276449871 0.22481064887 0.0236129412292 0.721397075888 0.435369650962 18651.0 93.0223563085 7.28082139642 1.94582175503 68.0 68.0 68 52 6.59434500417 0.422907162404 0.580838617854 4.35651242404
CATLIN micro 478386.0 656 60213642.3359 0.164749692656 0.0088 0.0986377516895 0.150664638302 -0.00975973993411 0.451004014175 0.0269305789589 0.387778906573 0.826138313347 185508.0 46.3803288558 21.1309669412 0.921189086919 656.0 656.0 656 598 50.0834473694 0.948450366353 0.342224179496 14.443351689
CATLIN micro 40416.0 281 498804.82786 0.18388919863 0.04 0.105036865336 0.243353201438 -0.0213730257271 0.59178356247 0.096877687195 0.234387371338 0.910938149422 9473.0 33.6549881235 9.8423271166 0.973085280095 281.0 281.0 281 225 26.3977091442 1.39775049737 0.207719907479 138.062742097
CATLIN micro 227742.0 802 2203783.35975 0.162046599849 0.0353 0.0969591315139 0.222743498675 -0.00812345440086 0.631053369236 0.0836806570318 0.104253936472 0.964718947892 23743.0 17.0574597571 9.779571681 0.84654031694 802.0 802.0 802 695 64.932071428 1.68055528188 0.0923926455859 24761150.9467
CATLIN micro 68037.0 513 424543.203399 0.219832839907 0.0399 0.115272376128 0.250597735477 -0.010647670065 0.63855978615 0.1030741274 0.141525934418 0.951093552594 9629.0 23.5915751723 9.92452455074 1.00605084961 513.0 513.0 513 451 46.0108628883 1.96673020285 0.125424093731 29253.9574688
CATLIN micro 123479.0 476 2826420.84445 0.176175046018 0.0233 0.103660833202 0.178433549174 -0.0127878139918 0.523815229247 0.0510905791754 0.159687072296 0.909846144976 19718.0 30.1419674601 9.77045384079 1.11700677878 476.0 476.0 476 389 40.5157825269 1.35459790901 0.141518983115 5039.51877926
CATLIN micro 112455.0 420 4822116.4457 0.18705027049 0.0147 0.105476705147 0.193312880708 -0.0142388441123 0.483662547307 0.0419286363154 0.355022008804 0.83784943699 39924.0 50.3934907296 15.2941143302 0.981072646273 420.0 420.0 420 353 36.0265596446 1.25244858217 0.314063386758 19.0729340643
CATLIN micro 119132.0 616 1473797.96317 0.20634166324 0.0248 0.111993404805 0.221347236352 -0.00913259560406 0.592549293556 0.0715028708905 0.187951180203 0.934512610753 22391.0 30.5963133331 13.3529899019 1.07721543232 616.0 616.0 616 566 52.6181265344 1.78470522764 0.166567395904 807.508029295
CATLIN micro 135462.0 668 2265200.01771 0.183875962915 0.0179 0.105049328515 0.205985314219 -0.00898966256487 0.565146547397 0.0576959958031 0.239107646425 0.916165541962 32390.0 34.5668896074 16.7126270232 1.01608298439 668.0 668.0 668 550 56.4467501754 1.81496276972 0.211902844297 121.383231413
CATLIN micro 1015105.0 897 74310641.006 0.124556278111 0.017 0.0856280167531 0.153347026498 -0.00823837749152 0.531470092276 0.0402851222159 0.171143871816 0.934269617145 173729.0 28.0562109338 13.9535832015 0.973285200663 897.0 897.0 897 815 64.7843411803 0.890301201701 0.151672307314 2163.95804724
CATLIN micro 5815.0 212 17459.7153492 0.356894588704 0.0415 0.165046346557 0.282203637308 -0.017784954796 0.609325998758 0.119201512464 0.292347377472 0.886334789575 1700.0 38.9165950129 10.3407582788 1.78829976271 212.0 212.0 212 143 24.341858262 2.78010373623 0.259046150372 40.9784555846
CATLIN micro 237410.0 765 3917014.35554 0.157433101129 0.024 0.0958493262798 0.214958293105 -0.00861649400766 0.597749075953 0.0679718525317 0.167120171855 0.94559819182 39676.0 25.0309591003 13.8283770689 0.88351032604 765.0 765.0 765 654 61.7246852207 1.57004438897 0.148106396078 2858.16591928
CATLIN micro 126731.0 485 2655749.83068 0.169486552345 0.0251 0.100765637821 0.201094029264 -0.012917478269 0.556039103472 0.0622814418288 0.213310081985 0.91790556744 27033.0 33.1268592531 11.9181853721 1.02238787628 485.0 485.0 485 408 41.1921133474 1.36238642532 0.189041097382 270.219031128
CATLIN micro 79752.0 536 845173.111396 0.222390354824 0.0256 0.11850077044 0.207709197018 -0.00990689024543 0.565215839928 0.0633257055997 0.169237135119 0.927043055875 13497.0 32.0819540576 11.1219266155 1.27292468371 536.0 536.0 536 469 47.4010193896 1.89799034211 0.149982505919 2463.19310794
CATLIN micro 45391.0 607 180259.987489 0.252858855733 0.0301 0.125879184077 0.264274061398 -0.00822290702055 0.644847814718 0.101213151144 0.175100790906 0.945333440352 7948.0 29.1203101937 14.0902932185 1.15600149875 607.0 607.0 607 501 56.5136709324 2.84907456585 0.155179035527 1674.92255087
CATLIN micro 284934.0 924 14256234.9788 0.206232643453 0.0066 0.109399261538 0.208135987564 -0.00623575585015 0.497143783329 0.0312136878831 0.375802817495 0.836842015233 107079.0 48.9043076642 25.4017182453 0.723706101271 924.0 924.0 924 848 73.4871859422 1.73101102426 0.331997146976 15.8747878075
CATLIN micro 11333.0 276 57599.5416469 0.344654830207 0.0285 0.157924418934 0.249931903368 -0.0143048447689 0.546474321857 0.0748079453203 0.243007147269 0.873048739136 2754.0 44.7366099003 9.33512563835 1.73947797249 276.0 276.0 276 206 29.4575290953 2.59260669194 0.215358331264 109.686354633
CATLIN micro 97201.0 551 1353328.77295 0.196660018206 0.0225 0.110992569488 0.187508022882 -0.0103039265648 0.556477788101 0.0591393380778 0.223619098569 0.919403564733 21736.0 31.1817779652 13.6433976569 1.23318041148 551.0 551.0 551 442 47.8904839224 1.76732423287 0.198177116358 190.430268065
CATLIN micro 24874.0 266 133118.462136 0.205563386547 0.0619 0.110936851408 0.283627981266 -0.021354788141 0.65354890814 0.141281471428 0.169614858889 0.939225105644 4219.0 26.9277156871 7.82572163893 0.94109672081 266.0 266.0 266 213 26.1816873386 1.68658728395 0.150317254894 2400.01136062
CATLIN micro 89105.0 339 1252541.40835 0.163131832796 0.0524 0.0997819812689 0.200111531935 -0.0186660060851 0.595413889237 0.0920142420868 0.123730430391 0.9437283669 11025.0 22.0851804051 6.41301745954 1.11834959246 339.0 339.0 339 286 29.6554422033 1.13566086691 0.10965323891 352355.183084
CATLIN micro 28633.0 215 409161.650859 0.205858697516 0.0417 0.117565890083 0.180817872369 -0.0248990990421 0.529154416589 0.075459168634 0.238955051863 0.888547918383 6842.0 37.8828624315 7.46584198738 1.510006951 215.0 215.0 215 164 20.852994309 1.27058883069 0.21176762257 121.876507267
CATLIN micro 240561.0 545 9404053.99337 0.150791444026 0.0203 0.0953041277412 0.17418131448 -0.0121649547448 0.528160571291 0.049407513131 0.214074600621 0.909762835904 51498.0 34.1489268834 12.4542613729 1.06554034085 545.0 545.0 545 473 43.9037929983 1.11117865949 0.189718629972 262.878406015
CATLIN micro 598382.0 736 39280720.4894 0.137427839782 0.0166 0.0899387545879 0.165260666518 -0.00955328164223 0.519934976757 0.0407414542084 0.191593330013 0.918008875475 114646.0 31.5017831419 13.3834843178 0.96058536852 736.0 736.0 736 663 55.2549127609 0.951455659693 0.169795166474 672.989040462
CATLIN micro 78080.0 400 646065.067669 0.197241237124 0.0558 0.107344715743 0.258988217213 -0.0146857470117 0.6500768231 0.120681051486 0.10481557377 0.955216634618 8184.0 20.4149590164 7.18304788308 0.807567687452 400.0 400.0 400 366 35.4179026023 1.43149583578 0.0928903836822 21189714.4007
CATLIN micro 1017579.0 945 100012595.713 0.125179278781 0.0115 0.0854803847344 0.153048584333 -0.00783359003512 0.505510734835 0.0327581177724 0.244637517087 0.907763723333 248938.0 34.8176406942 18.9805485731 0.921723419945 945.0 945.0 945 827 68.2429198723 0.936801851972 0.21680302289 105.271117344
CATLIN micro 138630.0 977 439960.1321 0.204913728135 0.0438 0.112211266609 0.225851712669 -0.00574670172487 0.668073420765 0.100839068606 0.0725672653827 0.976633087642 10060.0 13.0996176874 9.12830972274 1.12224524504 977.0 977.0 977 841 82.4354695074 2.62401281747 0.0643110644886 1.12944913426e+14
CATLIN micro 27741.0 145 997995.995881 0.202038430942 0.0356 0.117214935657 0.154301923333 -0.0370324443329 0.433044810329 0.0529803709046 0.278108215277 0.806359272321 7715.0 55.0196460113 6.54595430635 1.63015779285 145.0 145.0 145 114 14.075328972 0.87057651254 0.246449824875 51.96347556
CATLIN micro 16238.0 364 56892.2110314 0.326067116079 0.0339 0.1422429265 0.355423920826 -0.0120902580981 0.680085870876 0.149251707244 0.262224411873 0.918928836622 4258.0 31.9620642936 15.5183777166 0.928997847064 364.0 364.0 364 318 37.4415576992 2.85650583225 0.232384612921 70.5229707499
CATLIN micro 44827.0 409 612313.853037 0.280697897363 0.0193 0.131008612281 0.273622150639 -0.0117129170039 0.571137031306 0.0735802001103 0.286010663216 0.873231034208 12821.0 48.0960135633 13.9112166501 0.917946067301 409.0 409.0 409 375 38.0932252526 1.93176134036 0.253442511107 45.3741183799
CATLIN micro 87012.0 661 1924149.73464 0.24220542128 0.0089 0.121588382289 0.218357956156 -0.00782457083153 0.505679586039 0.0389028067427 0.387716636786 0.830751829641 33736.0 47.7267503333 22.0411194432 1.06546897205 661.0 661.0 661 563 58.0280929374 2.24084534374 0.342171232779 14.4501726037
CATLIN micro 254892.0 782 6025482.06652 0.166468288197 0.0173 0.101596591772 0.161743343844 -0.00794484201042 0.53066948768 0.0426419345223 0.187185160774 0.9262892368 47712.0 29.3865637211 13.7120350703 1.20127998112 782.0 782.0 782 625 62.7380027335 1.54891879829 0.165888528953 840.118173841
CATLIN micro 43114.0 494 726921.112695 0.282783475085 0.0104 0.13232100626 0.245510490125 -0.00959856972603 0.510904685906 0.0462097699641 0.414784060862 0.805179909168 17883.0 55.3068608805 19.1395791575 1.06454928415 494.0 494.0 494 418 46.1973705095 2.37912790133 0.364935526516 11.96876159
CATLIN micro 140452.0 666 2337667.37109 0.192526424354 0.0187 0.110779127607 0.169379337188 -0.00854148218873 0.529074778783 0.0453783730947 0.188270725942 0.919694454519 26443.0 30.9792669382 12.518923506 1.32083318342 666.0 666.0 666 529 56.1057335706 1.77709344632 0.166850585899 794.387226185
CATLIN micro 193759.0 756 2393487.81089 0.168337859464 0.0267 0.099288646916 0.225188522391 -0.0084123497442 0.607673103263 0.0730207628595 0.142279842485 0.950542977209 27568.0 22.2967707306 11.9742415965 0.895036084245 756.0 756.0 756 649 62.0155273196 1.71747669744 0.126092227359 26842.8759619
CATLIN micro 89502.0 732 198787.037541 0.197716361541 0.07 0.10844740073 0.268182394312 -0.00794182527469 0.710258107374 0.146755809928 0.0496748676007 0.980493768023 4446.0 9.69140354405 6.68620679558 0.935618932246 732.0 732.0 732 631 64.1114680025 2.44677881174 0.0440232051861 3.31879423768e+28
CATLIN micro 20616.0 558 32926.7403718 0.315193781314 0.0399 0.141459658369 0.343772557905 -0.00793198862688 0.706585447453 0.154835249001 0.174621653085 0.955056462168 3600.0 24.7235157159 15.0671929011 1.08475017786 558.0 558.0 558 444 56.0710628614 3.886261285 0.154754410694 1726.19101506
CATLIN micro 24312.0 394 48513.2311647 0.239260012551 0.0729 0.12292722619 0.284400091534 -0.0129804809541 0.692244160847 0.156795375659 0.085348798947 0.965205864536 2075.0 16.8641000329 6.57752137456 1.15066952761 394.0 394.0 394 314 38.9158024383 2.52688733266 0.0756384036819 30735654926.0
CATLIN micro 11144.0 116 226952.012594 0.221192719063 0.0394 0.118172591292 0.249087184692 -0.0459067729494 0.508833682359 0.0889758619694 0.431532663317 0.781219498039 4809.0 55.4737975592 8.71936634539 1.20036035982 116.0 116.0 116 94 12.340834734 1.09884753307 0.378745830371 10.8111941741
