LAUB micro 1749.0 229 846.442618555 0.42862145416 0.0647 0.197912472267 0.323943064159 -0.0135911472699 0.670451406051 0.16319325722 0.17209834191 0.932544317573 301.0 27.9016580903 7.02467990213 2.07567845928 467.597958106 442.673532048 354 447 30.5351711617 5.47571174338 0.152518184406 2031.19172317
LAUB micro 1277.0 271 226.924258576 0.523445029639 0.0894 0.212405129354 0.471336475307 -0.0106462973384 0.786880511284 0.300449472024 0.166014095536 0.95873808585 212.0 21.9263899765 10.5184822142 1.58965799196 468.41301821 474.648012444 404 493 37.7502587549 7.58357248612 0.147126161465 3095.74457582
LAUB micro 1726.0 167 1709.41699733 0.379882963397 0.0591 0.175759079031 0.312112738602 -0.0211354354085 0.624752690196 0.141390336783 0.2033603708 0.898759883937 351.0 37.6013904983 6.61057998309 1.83411613308 264.287134894 299.958327339 247 295 22.2712312393 4.01972252491 0.180223426523 396.999883019
LAUB micro 905.0 274 38.592885217 0.591193302106 0.221 0.236713512388 0.54591684478 -0.00935879491169 0.869759365997 0.479500071725 0.078453038674 0.983486462562 71.0 12.5966850829 6.49686679427 1.48475843012 456.431670452 508.374330756 418 506 40.1002656837 9.10806818581 0.0695271952565 1.57587883947e+12
LAUB micro 1189.0 190 364.986048454 0.433325833594 0.0974 0.18689577144 0.407711035368 -0.0174097739606 0.746837063946 0.261024127266 0.156433978133 0.945941950357 186.0 28.5113540791 7.26807262383 1.50490093572 322.285170546 379.417348492 286 348 26.6916432784 5.51014051037 0.138636003477 6618.84575562
LAUB micro 1574.0 354 179.143003473 0.557664026593 0.0996 0.215771410145 0.518363376622 -0.00801294836332 0.824175896393 0.354483039585 0.125158831004 0.971650179457 197.0 20.7115628971 11.0634136356 1.37399664397 488.795316121 520.618209229 499 567 47.952995117 8.92279464601 0.110919125994 277673.480332
LAUB micro 59.0 23 7.07509881423 0.659566849344 0.493 0.255499699268 0.626381724392 -0.10245335555 0.877787529032 0.667209799919 0.169491525424 0.911806952025 10.0 33.8983050847 1.96314233235 1.03367053961 45.6699507389 48.4737631184 36 46 5.39541335982 2.99434495256 0.150207953456 2420.41748578
LAUB micro 1430.0 329 97.3612758544 0.525119997649 0.1629 0.206278984437 0.513250579208 -0.00904995917277 0.847040409247 0.410277290598 0.0832167832168 0.981343830994 119.0 14.1258741259 7.61006794937 1.25096108532 541.418814896 551.422610516 483 582 45.1452993827 8.70017281397 0.0737489539363 93715347660.9
LAUB micro 1097.0 311 145.727476403 0.640914395912 0.0789 0.247491694155 0.568695096536 -0.00785008468624 0.827880572559 0.370322011868 0.182315405652 0.959244944985 200.0 23.8833181404 14.358309893 1.51981339768 430.910632281 458.464978076 446 506 44.2835984136 9.38981585284 0.161572821203 1092.4589185
LAUB micro 1335.0 226 337.800216323 0.464029883508 0.094 0.19425051132 0.425749892281 -0.0140485263789 0.756564897952 0.26399930302 0.154307116105 0.95292906339 206.0 23.8951310861 7.71536663128 1.56590980452 356.465543091 393.614338794 333 397 31.2643878242 6.18540023199 0.136751121081 7981.0694932
LAUB micro 1339.0 361 198.984610649 0.617894255231 0.0648 0.246960713043 0.522631310007 -0.00677892944439 0.802790790698 0.311157938596 0.182972367438 0.957275864358 245.0 24.645257655 14.5866175988 1.7960829624 537.202598597 589.996183758 534 623 50.0022338103 9.86545030819 0.162155038396 1053.22142166
LAUB micro 1016.0 243 119.198483148 0.548073761347 0.1284 0.221687473894 0.496301966884 -0.0113361099481 0.812689559016 0.354741726574 0.111220472441 0.96794012338 113.0 21.2598425197 7.62562047133 1.6296764757 377.170892917 404.739032327 361 428 34.9527701437 7.62358803243 0.0985665773387 4208460.43028
LAUB micro 1532.0 328 185.964645335 0.546652280483 0.1053 0.213807018681 0.509966248488 -0.00873397499168 0.809599325934 0.32983286656 0.10182767624 0.97104162548 156.0 17.6892950392 8.15816345541 1.45443441879 486.314720704 486.824389607 468 547 44.584853554 8.38000853704 0.0902424284404 49965919.4067
LAUB micro 1298.0 282 137.984048863 0.52743183239 0.1335 0.212045296402 0.483783015878 -0.0102497353861 0.813796302561 0.347433383694 0.0924499229584 0.973440233998 120.0 16.6409861325 6.67941605975 1.55111368167 410.114701619 450.81235274 409 474 39.1988377094 7.82729608131 0.0819316109818 1276556793.35
LAUB micro 1348.0 158 756.760138676 0.3995096481 0.0883 0.181754271748 0.339142846411 -0.0215629902011 0.678119712121 0.190896945735 0.146884272997 0.928285887874 198.0 26.1127596439 5.11997792781 1.83228534291 226.210601336 271.870346427 230 265 21.7862587053 4.30340421455 0.130172797656 16312.6138379
LAUB micro 987.0 187 174.85774251 0.462592306591 0.1381 0.193603006236 0.445242700562 -0.0170388949284 0.792811433907 0.334741218012 0.140830800405 0.961266474298 139.0 22.7963525836 7.0729896506 1.43156513318 327.404548931 333.322222029 280 343 26.9773606186 5.95227558164 0.124808047252 31705.8161731
LAUB micro 826.0 290 90.7935091278 0.683175938821 0.0823 0.283445853469 0.572513985138 -0.00722617351375 0.832490979864 0.38471364622 0.188861985472 0.958093205682 156.0 22.397094431 14.5384796891 1.99200741833 461.28322675 563.752608635 448 534 43.0277558413 10.0903905093 0.167374575929 770.826362854
LAUB micro 79.0 22 16.7294372294 0.528343476253 0.4467 0.205797059219 0.558688147296 -0.135678245668 0.840002544184 0.591260775376 0.189873417722 0.898253485018 15.0 35.4430379747 1.6095531018 0.803554669491 48.7384615385 43.0414201183 34 44 4.80609923932 2.47519338204 0.168270934254 732.574400527
LAUB micro 1417.0 290 483.388390407 0.541247628199 0.0472 0.215966269827 0.469824544326 -0.00977178350113 0.750306001933 0.240126819034 0.254057868737 0.926976541034 360.0 30.0635144672 14.7553244869 1.58976010408 455.522217132 476.279377771 426 507 39.8274754263 7.70394321125 0.22514991143 84.1669892677
LAUB micro 1088.0 286 97.7229297019 0.588800317394 0.1294 0.224819328315 0.567963286713 -0.00948597701831 0.848768780338 0.423111945784 0.133272058824 0.9729755758 145.0 18.1066176471 11.1240535362 1.22975300535 466.488470784 438.654649202 416 500 40.7603074355 8.67064859505 0.11810928694 82363.7027856
LAUB micro 1562.0 146 1717.3568257 0.386291617657 0.0629 0.177209062864 0.310481819936 -0.0239671871606 0.623372490131 0.147213166721 0.227912932138 0.891088118749 356.0 39.052496799 6.46670431265 1.89020135335 186.43094738 215.044728797 203 221 19.7179052302 3.6941314154 0.201982331726 166.687150368
LAUB micro 1289.0 324 157.036683484 0.573977714487 0.0918 0.22889790986 0.511543545097 -0.00821093340188 0.810703473711 0.332722850245 0.131885182312 0.96638561896 170.0 22.8083785881 10.3830786044 1.59890460134 532.818 558.810168082 486 586 45.1015146942 9.02440446084 0.116880199633 99847.890809
LAUB micro 1133.0 264 100.268219265 0.534560686702 0.1557 0.211322772584 0.511584289497 -0.0109889286676 0.835460663937 0.397248231489 0.0970873786408 0.975669340471 110.0 17.7405119153 7.47015977863 1.37378628233 392.609087213 429.736400601 385 450 37.3971351573 7.84312202549 0.0860414490731 229163693.178
LAUB micro 1341.0 277 159.90945953 0.507546717273 0.1282 0.204370119683 0.480400153988 -0.0108566176553 0.80956834525 0.340287143182 0.0984340044743 0.971847002777 132.0 17.9716629381 7.04887912564 1.44733629057 457.457149735 458.035413704 407 491 38.3271004776 7.56424139946 0.0872348651452 145441732.654
LAUB micro 1033.0 307 77.4547060953 0.621226502091 0.1279 0.250655581721 0.545169031094 -0.00784103968798 0.836941593789 0.391069572151 0.0939012584705 0.974531646376 97.0 18.5866408519 8.46952448897 1.78250749083 494.142996627 537.791635698 464 556 44.0908056423 9.55186585626 0.0832178235904 725967977.43
LAUB micro 1541.0 306 285.14296582 0.514938603714 0.0819 0.203328968097 0.48621979616 -0.00988166736858 0.791027149634 0.300091775208 0.141466580143 0.960108747238 218.0 25.6975989617 10.3535109095 1.3476509126 462.67309833 494.890888604 443 521 41.5520758317 7.79507157232 0.125371492374 29454.3827245
LAUB micro 1366.0 183 686.250105086 0.421465357681 0.0755 0.189164283055 0.354819224092 -0.0178458969732 0.685470821945 0.189837235116 0.172767203514 0.927600650819 236.0 31.4787701318 6.5809554269 1.82829205032 351.61400235 350.045402373 278 347 25.2090060682 4.95137409385 0.153110947566 1944.17979235
LAUB micro 1189.0 250 189.502473896 0.540075793923 0.107 0.216049805656 0.485503784693 -0.0113305307642 0.790894851116 0.312444107202 0.123633305299 0.962622752297 147.0 21.4465937763 7.44054446224 1.64146768756 347.021770411 381.600294049 357 406 35.1651808271 7.25018488207 0.109567164038 358212.581539
LAUB micro 53.0 11 102.963636364 0.431798893846 0.1987 0.210703273622 0.408233276158 -0.264569647888 0.548378356203 0.272457915916 0.660377358491 0.542541829833 35.0 77.358490566 2.71539342234 1.9744939832 68.0769230769 40.1764705882 19 27 2.51870648752 1.51096620344 0.54351535694 4.89719299494
LAUB micro 1105.0 323 63.3314808761 0.605711766103 0.1564 0.239710305412 0.548511550369 -0.00782994884256 0.857015231146 0.435999941375 0.0968325791855 0.980202698552 107.0 15.4751131222 8.98297276662 1.5453845007 485.345594587 551.360941836 480 562 45.9501072819 9.71675792718 0.0858156389352 250275413.856
LAUB micro 1690.0 201 1186.69273632 0.410153107052 0.0565 0.177036080644 0.370664429333 -0.017426923058 0.68857949833 0.187709706562 0.260355029586 0.911926053009 440.0 35.9171597633 10.4598739654 1.54617010001 285.04973357 314.103792262 285 328 26.9089049056 4.88936776688 0.230728672563 73.3418050684
LAUB micro 1452.0 309 112.633148405 0.518533872919 0.1644 0.202652049767 0.513520019257 -0.00982074561454 0.841447464601 0.400973931077 0.0902203856749 0.98030929126 131.0 13.4297520661 7.2896663514 1.260426912 454.926587361 458.251353729 439 512 42.3036409474 8.10914696271 0.0799557350099 3202280201.28
LAUB micro 1363.0 260 290.80978616 0.501747112975 0.0866 0.216542816697 0.413589931712 -0.0108679221886 0.744963318276 0.239228828859 0.115187087307 0.955610735242 157.0 22.5972120323 6.85081338907 1.97873043079 448.340200834 490.438635905 397 485 35.8852829885 7.04247672034 0.102081898236 1759849.21109
LAUB micro 53.0 27 4.49857549858 0.748369687005 0.4708 0.3303232393 0.672955974843 -0.0648562999027 0.890223988931 0.684742781661 0.188679245283 0.921324314703 10.0 32.0754716981 2.7111370377 1.7679996553 55.3531468531 81.5617582418 45 58 6.54863686754 3.70873522661 0.167212626681 778.010831893
LAUB micro 1296.0 332 107.011829797 0.586117010865 0.125 0.227429139158 0.545124944221 -0.00806955808452 0.842871392383 0.399850934228 0.12037037037 0.975899253163 156.0 16.975308642 10.8196810233 1.43829576075 474.123456264 495.655563635 476 548 46.1836543471 9.22222222222 0.106675463249 637568.48929
LAUB micro 1034.0 281 34.3899084901 0.566571270824 0.2832 0.217991313353 0.562108936721 -0.00998344584652 0.8839210436 0.517989457435 0.0425531914894 0.987434948688 44.0 8.31721470019 4.2156662009 1.16401334247 454.053961537 460.47845305 411 493 40.3389041041 8.73868431067 -0.0377117840618 -2.24595874888e+38
LAUB micro 2023.0 318 594.054927286 0.470893992987 0.064 0.19529773878 0.416527543315 -0.00992715274648 0.738288576454 0.218897121495 0.170044488384 0.950840910352 344.0 24.9134948097 10.1754795674 1.61161302594 531.944139716 510.885082241 464 561 41.6429286802 7.0701589657 0.150698004119 2330.57695504
LAUB micro 1384.0 217 448.80098993 0.47575273585 0.0835 0.196002190754 0.423380437388 -0.0144919023566 0.734961844481 0.236780230485 0.138728323699 0.944781816967 192.0 26.3728323699 6.93465554355 1.63287873904 317.940403697 323.233743913 309 360 29.8642291832 5.83299613669 0.122944775785 40732.8977919
LAUB micro 1846.0 196 1442.99330194 0.413280105813 0.0582 0.181562285015 0.336286952484 -0.0174018284652 0.644992476803 0.149202844383 0.19826652221 0.912325440266 366.0 31.9068255688 6.88355401938 1.8031382608 314.826274358 311.332803952 283 339 25.9281740658 4.56184182833 0.175709126145 493.618167223
LAUB micro 1046.0 289 45.8754565552 0.573377037894 0.2227 0.224355749261 0.547321481736 -0.00940861370258 0.869521788095 0.47561192985 0.0640535372849 0.984464170161 67.0 11.8546845124 5.84028596779 1.33802984207 453.105606674 497.014979276 428 509 41.4225859688 8.93577038379 0.0567659694124 4.81623716357e+17
LAUB micro 31.0 17 1.52941176471 0.809096187711 0.6979 0.337807571939 0.734345351044 -0.100251528499 0.934886037749 0.821006062868 0.161290322581 0.915712799168 5.0 29.0322580645 1.36409143515 0.90564827927 30.2857142857 30.2501889645 27 34 4.65930681952 3.05329013446 0.142939826685 4431.25822699
LAUB micro 88.0 24 62.5797101449 0.544282002997 0.1831 0.23867098112 0.473484848485 -0.105883265008 0.694613086315 0.351874662402 0.443181818182 0.772469008264 39.0 57.9545454545 3.98371089494 2.01438384531 54.3448275862 55.8181818182 39 51 5.13698230735 2.55840859627 0.388215928515 10.1303174985
LAUB micro 1098.0 284 179.939630717 0.588747695051 0.0769 0.230466728321 0.529054106057 -0.00929777071708 0.812670376201 0.344765812251 0.196721311475 0.954240364166 216.0 23.9526411658 14.1686014994 1.4877178229 426.705969006 460.914734296 418 490 40.4213786055 8.57071729203 0.174339719762 528.976666001
LAUB micro 1241.0 323 87.4874141876 0.570283965149 0.1448 0.223404141701 0.535476483311 -0.00845723511506 0.847280990568 0.411985801665 0.103948428687 0.978612163906 129.0 15.6325543916 9.21925396527 1.40024175614 508.677178054 538.896167826 477 568 45.2014023818 9.16888723623 0.0921218963605 26978513.6075
LAUB micro 1329.0 248 272.72494123 0.49638343388 0.0956 0.207734571785 0.432055389694 -0.0119154560755 0.759881201638 0.263130138438 0.128668171558 0.957828518305 171.0 20.8427389014 6.90583662722 1.76293467625 395.32735064 434.489265836 368 440 34.3428458823 6.8028232974 0.114029198083 159732.844425
LAUB micro 1579.0 211 659.412818777 0.420817634459 0.0786 0.183233130546 0.376811768202 -0.0160089844747 0.712412991058 0.210828645658 0.153894870171 0.939719826523 243.0 29.4490183661 7.21877837155 1.64070917048 331.405368115 362.842173609 309 368 28.5149921093 5.30996172085 0.136385777635 8282.99164186
LAUB micro 1796.0 365 508.672241457 0.548724303311 0.0456 0.216482179563 0.476213503371 -0.00774387875718 0.764529555703 0.247199351933 0.228285077951 0.939858309235 410.0 28.1180400891 16.1882998836 1.55628740338 498.42624609 560.229829273 520 586 48.5766167254 8.61270750184 0.202312126964 164.82697281
LAUB micro 867.0 113 762.740044248 0.430265847979 0.0722 0.187614417304 0.369588959998 -0.0291542177599 0.649189148364 0.183211622003 0.236447520185 0.877503861304 205.0 46.3667820069 6.35362279953 1.7729984503 190.440671619 195.889556134 167 203 16.5557065354 3.83768120108 0.209545551874 130.407242482
LAUB micro 998.0 246 89.5151153144 0.551550860473 0.1558 0.216024617312 0.532740277303 -0.0115162185565 0.839947678533 0.411919303904 0.11623246493 0.973915767407 116.0 17.4348697395 8.22004401577 1.34205597325 399.487128051 407.211515639 362 435 35.4776648104 7.78699393534 0.103008340033 1418773.24074
LAUB micro 37.0 14 18.8626373626 0.616809459999 0.2851 0.285182216077 0.521235521236 -0.14864062093 0.736505720927 0.460339391243 0.459459459459 0.749452154858 17.0 62.1621621622 2.87684033804 2.20925739992 32.5 53.5263157895 24 32 3.60019261432 2.30158582228 0.401254153709 9.31426934441
LAUB micro 1361.0 356 190.309439785 0.594992091056 0.0715 0.230135577919 0.538328971592 -0.00742898789527 0.823772971559 0.353295578363 0.182953710507 0.960717931719 249.0 22.1160911095 16.019931601 1.39101416672 542.757910751 589.608636477 521 614 49.1964010227 9.64985828283 0.162138504122 1054.31068042
LAUB micro 1154.0 284 79.6072761658 0.56198514283 0.1723 0.217714795038 0.540282422438 -0.0098915693446 0.852522436373 0.432703425957 0.0996533795494 0.979561708352 115.0 14.1247833622 8.07990631356 1.33057582211 402.151164513 421.196343167 405 465 40.1362109707 8.36017629361 0.088315508169 97862312.5628
LAUB micro 30.0 19 0.923976608187 0.849877430834 0.7401 0.396403686617 0.749122807018 -0.0733084770827 0.949027927768 0.852893075752 0.133333333333 0.928888888889 4.0 23.3333333333 1.31272123124 1.12518213297 51.275862069 40.6490872211 32 43 5.29225386831 3.46890953087 0.11816359006 81677.0479926
LAUB micro 1297.0 287 164.935820277 0.540278781341 0.1105 0.216642182632 0.486133908591 -0.00984062047613 0.803625914893 0.326760134008 0.107170393215 0.968474190781 139.0 20.2775636083 7.86843473007 1.59912049269 432.423046997 474.795144158 419 492 39.9006157454 7.96914829798 0.0949772880786 11316768.0816
LAUB micro 1235.0 262 164.756821971 0.523456504684 0.1192 0.21273668937 0.472506721884 -0.0109935029181 0.798469182199 0.322980998003 0.0995951417004 0.967989640873 123.0 19.8380566802 7.01761138478 1.63130014346 390.599704537 427.034929207 383 448 36.6633474211 7.45534615124 0.0882638962192 99699571.1792
LAUB micro 1326.0 350 109.628522309 0.584001920234 0.1161 0.233995731909 0.519556130144 -0.0074200262105 0.826933951241 0.361008493084 0.0874811463047 0.975382704422 116.0 16.9683257919 8.44006057409 1.66109927215 563.097770154 615.869001351 525 629 48.5401638171 9.61161313667 0.0775281473247 10910649014.0
LAUB micro 687.0 90 669.560674157 0.424429297403 0.0809 0.195206854954 0.331974769529 -0.0350933414299 0.625392979396 0.176168339431 0.275109170306 0.862628689596 189.0 47.0160116448 5.51754782467 2.06749079 164.660400121 160.147221708 137 170 13.6245323675 3.43371417172 0.24379501479 54.8540490989
LAUB micro 1272.0 248 375.359801489 0.5391599586 0.0657 0.225470196812 0.42757151552 -0.0109051033708 0.728454949188 0.220625627486 0.188679245283 0.938665648115 240.0 29.1666666667 9.07870271572 2.05743652484 366.110245271 403.310893602 365 425 34.5534489865 6.95357471074 0.167212626681 778.010831893
LAUB micro 1089.0 293 76.1420823788 0.576251067221 0.154 0.226155441399 0.536688636285 -0.00919980355948 0.850296188012 0.425306732946 0.104683195592 0.977839164666 114.0 16.6207529844 8.87875247083 1.40755522116 451.065147059 496.769676699 434 513 41.7559514554 8.87878787879 0.0927730665763 21977255.7765
LAUB micro 1597.0 191 826.57933315 0.409310659523 0.0784 0.187983658368 0.327403803598 -0.0172123811763 0.672901304505 0.175103694944 0.149655604258 0.933186010558 239.0 25.2974326863 5.62155825073 1.97161554338 307.633032581 336.513211025 285 342 25.7596306695 4.77948286752 0.132628826038 12343.746629
LAUB micro 728.0 101 479.486336634 0.421297350859 0.0986 0.188788061098 0.36194374932 -0.032403033492 0.674262275859 0.214614759791 0.207417582418 0.899627158556 151.0 38.1868131868 5.11809601188 1.8307345366 163.90692343 181.326828048 151 182 15.1738136496 3.74330904914 0.183819028567 337.284280923
LAUB micro 1116.0 186 498.27027027 0.487672748317 0.0677 0.203325714687 0.416666666667 -0.0162572153355 0.706860427018 0.211893310771 0.200716845878 0.920610603666 224.0 36.0215053763 7.94365266203 1.74025651663 360.411601946 313.250212585 277 345 26.3626416895 5.56776436283 0.177880666854 443.665320535
LAUB micro 1040.0 281 90.1460345704 0.579141340364 0.1323 0.22882794454 0.53285313441 -0.00947057082109 0.841524173988 0.407093421371 0.132692307692 0.973104659763 138.0 17.3076923077 10.7778689634 1.47493964337 445.558229066 475.655981221 419 500 40.3053069878 8.71344010489 0.117595495877 89202.4773048
LAUB micro 1504.0 210 906.174618364 0.478626341898 0.0538 0.202853956246 0.374043819656 -0.0144351225121 0.675084338625 0.17204190863 0.247340425532 0.911511678078 372.0 34.7739361702 9.52062362191 1.971020307 282.42439214 306.118016321 296 332 28.5679781357 5.41496154286 0.219198046412 98.4959498138
LAUB micro 1146.0 267 80.5308777562 0.54184990271 0.1867 0.207205945017 0.536600192168 -0.0110978812066 0.860501542374 0.456640316761 0.101221640489 0.979943897737 116.0 14.8342059337 8.46897890304 1.11716509909 356.38508407 406.786064475 374 418 37.7624585063 7.88712915342 0.0897053432395 60006499.46
LAUB micro 1293.0 328 132.972169389 0.563028554246 0.1049 0.223986566443 0.515588157622 -0.00830476981764 0.827610260802 0.366442587345 0.141531322506 0.970942949991 183.0 18.7935034803 12.1659820755 1.4951713245 549.096614897 571.555129687 492 596 45.6403017442 9.12167472174 0.1254288688 29235.8427646
LAUB micro 1027.0 220 273.793503528 0.54518194306 0.074 0.215423017588 0.487563069842 -0.012916099949 0.778551479267 0.299699161699 0.226874391431 0.938605082443 233.0 27.7507302824 12.2135033046 1.52304360924 310.289936401 338.678950958 315 361 31.5816924485 6.86495127356 0.201061976056 172.035562913
LAUB micro 26.0 19 0.578947368421 0.902486087843 0.7735 0.494754703214 0.801619433198 -0.0535060981485 0.961658382783 0.887314003902 0.153846153846 0.931952662722 4.0 23.0769230769 2.40119998724 1.76581458034 40.0311111111 49.2555555556 33 43 5.52469817574 3.72620656763 0.136342603916 8319.57332084
LAUB micro 1331.0 180 971.100527623 0.455964358372 0.0536 0.189465461189 0.405901995158 -0.0181127158888 0.673228841618 0.178686305506 0.247933884298 0.896323637741 330.0 43.2757325319 8.79985868208 1.59323722834 264.655151964 278.094946882 258 301 24.8829326883 4.93382200218 0.219723894174 97.0928922798
LAUB micro 1290.0 179 771.17613458 0.463936397825 0.0634 0.199388807744 0.368320990862 -0.0172500960821 0.675899707966 0.181572047958 0.227906976744 0.911924764137 294.0 34.8062015504 7.88995836107 1.94916662576 247.727976296 270.772277532 255 290 24.8520135982 4.98377211519 0.201977054059 166.717155869
LAUB micro 1074.0 212 206.943485648 0.492087628165 0.1108 0.198909878351 0.467885878922 -0.014602408568 0.794353045029 0.329186113268 0.167597765363 0.957427809508 180.0 23.9292364991 9.35458808938 1.39197800143 329.467398433 358.726382319 310 368 30.2329284868 6.46894889559 0.148529652304 2762.57458186
LAUB micro 1242.0 315 107.519017288 0.582279644368 0.1267 0.221630011723 0.557948010122 -0.00874746062162 0.848494606871 0.416451909327 0.118357487923 0.974939127323 147.0 19.4041867955 10.6863522993 1.22545294844 453.202877512 482.777393123 450 520 44.0734027715 8.93819357297 0.104891592626 931312.58249
LAUB micro 1311.0 308 102.549631964 0.532914661537 0.1506 0.216689293299 0.493382666152 -0.00916751281825 0.826108718943 0.367146160102 0.0778032036613 0.978435708879 102.0 13.5774218154 6.12109688993 1.57688330033 509.538344099 532.235307698 462 558 42.7663237204 8.50646992066 0.0689512939712 2.41073110433e+12
LAUB micro 1298.0 198 564.501974055 0.453015393759 0.0711 0.196915092405 0.375620612909 -0.0158040286937 0.710425008594 0.212265108302 0.21186440678 0.928943663477 275.0 32.126348228 8.69858843801 1.80428112669 288.090912859 335.852820857 290 336 27.4810356895 5.49576107837 0.187759908385 284.877332626
LAUB micro 1243.0 290 156.910881756 0.543240852557 0.1051 0.217332765636 0.501115210697 -0.00970534651813 0.809991026795 0.338222059424 0.12308930008 0.967201687455 153.0 22.2847948512 9.24985379785 1.50617574702 490.083298157 498.775026443 434 527 40.5597919814 8.22550240306 0.109085051966 393141.935992
LAUB micro 1310.0 290 80.8734041284 0.535671912311 0.202 0.204328358941 0.545538299553 -0.0103722140232 0.860680812769 0.451989961257 0.0717557251908 0.982932230057 94.0 12.9770992366 6.28344098447 1.09629592327 428.105423988 408.080926701 405 473 40.2631318759 8.01239497794 0.0635918557195 2.2113356356e+14
LAUB micro 1177.0 299 109.764404839 0.569121630875 0.1241 0.227881883994 0.514811478647 -0.00894076495439 0.825536289958 0.36778632962 0.114698385726 0.973043948405 135.0 18.7765505523 8.82776347591 1.61620943718 477.050434459 496.931449922 445 532 42.1456127377 8.71531235807 0.101648797737 1950159.83413
LAUB micro 1215.0 175 673.467980296 0.468902165675 0.0672 0.196520271423 0.393744855967 -0.0179194493682 0.695484870514 0.202917954712 0.2 0.914905248184 243.0 38.2716049383 7.82935700651 1.75513939473 221.05810993 260.618626556 243 262 24.4984182728 5.02053396731 0.177245379431 457.56043461
LAUB micro 1102.0 333 58.3829552444 0.619381274536 0.1584 0.240423894735 0.571371734711 -0.00756998939291 0.869820621602 0.467895798857 0.106170598911 0.981035964967 117.0 15.5172413793 11.0739068571 1.39055892856 491.156420849 541.620056636 490 570 47.3955165109 10.0312126316 0.0940912434464 14696599.5896
LAUB micro 1268.0 289 170.863177624 0.546384666762 0.1016 0.217830090762 0.494422188991 -0.00971486568539 0.805063398304 0.329023676257 0.128548895899 0.965934082337 163.0 22.3186119874 9.16903309898 1.54759655217 446.04693097 479.776255379 425 503 40.3068011792 8.11592856856 0.113923492783 162646.723339
LAUB micro 1581.0 352 265.082548239 0.566432622941 0.0709 0.228397877581 0.480749741245 -0.00757585258552 0.775515292205 0.266041622591 0.133459835547 0.95993496458 211.0 23.7191650854 9.79434062444 1.80617788075 545.982836151 567.994329098 519 615 47.6525819699 8.85272000497 0.118275699728 80280.3134844
LAUB micro 1122.0 143 562.933911159 0.42323208747 0.0992 0.174208579689 0.42513368984 -0.0249138440179 0.732653771899 0.260151765922 0.188057040998 0.92950899368 211.0 33.0659536542 6.67467796777 1.271165974 207.15019812 198.616736538 196 228 20.2196592987 4.26913225329 0.166661212577 803.130553751
LAUB micro 1135.0 270 189.211138648 0.557167628617 0.0857 0.218968499043 0.51434165443 -0.0103399688461 0.809624497669 0.342014374797 0.186784140969 0.956786275689 212.0 23.2599118943 13.0842219189 1.43049768484 425.49622438 440.233666597 397 473 38.2407115843 8.01430439214 0.165533134447 857.867164588
LAUB micro 1191.0 279 89.9382687398 0.549064967498 0.169 0.211403893708 0.54015330029 -0.010393827055 0.850319545991 0.428419303836 0.0982367758186 0.978789282338 117.0 15.1973131822 7.85416189119 1.23513204121 387.546423447 412.994237121 395 450 39.2514074952 8.08440984981 0.0870600758001 155278854.945
LAUB micro 1130.0 256 146.149448529 0.539659014415 0.118 0.214613348318 0.501202986726 -0.0111450189789 0.808256815598 0.342764336339 0.102654867257 0.966907353747 116.0 19.2920353982 7.40201491495 1.47848623567 408.320363792 424.352514643 378 452 36.2732549901 7.61554070155 0.0909755073916 39115161.7025
LAUB micro 1675.0 164 1635.31000299 0.385573625599 0.0603 0.17417407212 0.318114306516 -0.0217281831784 0.637787832605 0.152505086126 0.229253731343 0.898894898641 384.0 38.3880597015 7.161995805 1.75817381395 253.737785324 258.522459476 236 280 21.9570953274 4.00715777489 0.203170544752 160.118904409
LAUB micro 1153.0 305 92.862769629 0.566933133652 0.1337 0.222649378782 0.532978829284 -0.00898935097259 0.847741378178 0.416634032554 0.129228100607 0.975486099462 149.0 16.4787510841 11.7277348111 1.35904538762 492.978160014 536.478764034 455 546 43.1198180069 8.98225097682 0.114525422283 146831.135905
LAUB micro 1091.0 325 39.8475213675 0.609854676977 0.221 0.232813019778 0.581496157372 -0.00803528182744 0.887481417962 0.520158230527 0.083409715857 0.986076397086 91.0 11.274060495 9.19716985493 1.20830259121 465.327298135 523.001421892 471 542 46.3197925125 9.83945368212 0.0739199360368 84428100377.0
