4455737.3 189 71
4455737.3 134 52
4455737.3 80 38
4455737.3 55 34
4455737.3 28 33
4455737.3 14 29
4455737.3 12 27
4455737.3 8 25
4455737.3 7 21
4455737.3 6 19
4455737.3 6 17
4455737.3 6 17
4455737.3 6 17
4455737.3 6 15
4455737.3 5 14
4455737.3 5 14
4455737.3 5 14
4455737.3 5 13
4455737.3 4 10
4455737.3 4 9
4455737.3 3 9
4455737.3 3 8
4455737.3 3 8
4455737.3 3 8
4455737.3 3 8
4455737.3 3 8
4455737.3 3 8
4455737.3 3 7
4455737.3 3 7
4455737.3 2 7
4455737.3 2 7
4455737.3 2 5
4455737.3 2 5
4455737.3 2 5
4455737.3 2 4
4455737.3 2 4
4455737.3 2 4
4455737.3 2 4
4455737.3 2 4
4455737.3 2 4
4455737.3 2 3
4455737.3 2 3
4455737.3 2 3
4455737.3 1 3
4455737.3 1 3
4455737.3 1 3
4455737.3 1 3
4455737.3 1 3
4455737.3 1 3
4455737.3 1 2
4455737.3 1 2
4455737.3 1 2
4455737.3 1 2
4455737.3 1 2
4455737.3 1 2
4455737.3 1 1
4455737.3 1 1
4455737.3 1 1
4455737.3 1 1
4455737.3 1 1
4455737.3 1 1
4455737.3 1 1
4455737.3 1 1
4455737.3 1 1
4455737.3 1 1
4455737.3 1 1
4455737.3 1 1
4455737.3 1 1
4455737.3 1 1
4455737.3 1 1
4455737.3 1 1
4455737.3 1 1
4455737.3 1 1
4455737.3 1 1
4455737.3 1 1
4455737.3 1 1
4455737.3 1 1
4455737.3 1 1
4455737.3 1 1
4455737.3 1 1
4455737.3 1 1
4455737.3 1 1
4455737.3 1 1
4455737.3 1 1
4455737.3 1 1
4455737.3 1 1
4455737.3 1 1
4455737.3 1 1
4455737.3 1 1
4455737.3 1 1
4455738.3 35 15
4455738.3 6 11
4455738.3 4 7
4455738.3 1 5
4455738.3 1 4
4455738.3 1 3
4455738.3 1 3
4455738.3 1 2
4455738.3 1 1
4455738.3 1 1
4455738.3 1 1
4455739.3 10 12
4455739.3 7 7
4455739.3 5 4
4455739.3 3 3
4455739.3 2 2
4455739.3 2 2
4455739.3 2 2
4455739.3 2 2
4455739.3 2 1
4455739.3 1 1
4455739.3 1 1
4455739.3 1 1
4455739.3 1 1
4455739.3 1 1
4455739.3 1 1
4455739.3 1 1
4455739.3 1 1
4455739.3 1 1
4455739.3 1 1
4455739.3 1 1
4455739.3 1 1
4455739.3 1 1
4455739.3 1 1
4455739.3 1 1
4455739.3 1 1
4455739.3 1 1
4455739.3 1 1
4455740.3 351 101
4455740.3 298 95
4455740.3 240 93
4455740.3 108 90
4455740.3 108 80
4455740.3 54 57
4455740.3 30 49
4455740.3 24 48
4455740.3 22 45
4455740.3 20 43
4455740.3 20 43
4455740.3 18 38
4455740.3 17 33
4455740.3 14 32
4455740.3 13 32
4455740.3 12 31
4455740.3 12 29
4455740.3 11 27
4455740.3 11 27
4455740.3 11 27
4455740.3 10 21
4455740.3 10 20
4455740.3 9 18
4455740.3 8 18
4455740.3 8 18
4455740.3 8 16
4455740.3 7 16
4455740.3 7 16
4455740.3 7 16
4455740.3 6 14
4455740.3 6 14
4455740.3 6 14
4455740.3 6 14
4455740.3 6 13
4455740.3 6 13
4455740.3 5 13
4455740.3 5 13
4455740.3 5 12
4455740.3 5 12
4455740.3 5 12
4455740.3 5 12
4455740.3 5 11
4455740.3 4 11
4455740.3 4 9
4455740.3 4 9
4455740.3 4 9
4455740.3 3 9
4455740.3 3 8
4455740.3 3 8
4455740.3 3 8
4455740.3 3 8
4455740.3 3 8
4455740.3 3 8
4455740.3 3 8
4455740.3 3 7
4455740.3 2 7
4455740.3 2 7
4455740.3 2 6
4455740.3 2 6
4455740.3 2 6
4455740.3 2 6
4455740.3 2 6
4455740.3 2 6
4455740.3 2 6
4455740.3 2 6
4455740.3 2 6
4455740.3 2 6
4455740.3 2 6
4455740.3 2 6
4455740.3 2 6
4455740.3 2 6
4455740.3 2 4
4455740.3 2 4
4455740.3 2 4
4455740.3 2 4
4455740.3 2 4
4455740.3 2 4
4455740.3 2 3
4455740.3 2 3
4455740.3 2 3
4455740.3 2 3
4455740.3 2 3
4455740.3 2 3
4455740.3 2 3
4455740.3 2 3
4455740.3 2 3
4455740.3 2 3
4455740.3 1 3
4455740.3 1 3
4455740.3 1 3
4455740.3 1 3
4455740.3 1 3
4455740.3 1 3
4455740.3 1 3
4455740.3 1 3
4455740.3 1 3
4455740.3 1 2
4455740.3 1 2
4455740.3 1 2
4455740.3 1 2
4455740.3 1 2
4455740.3 1 2
4455740.3 1 2
4455740.3 1 2
4455740.3 1 2
4455740.3 1 2
4455740.3 1 2
4455740.3 1 2
4455740.3 1 2
4455740.3 1 2
4455740.3 1 2
4455740.3 1 2
4455740.3 1 2
4455740.3 1 2
4455740.3 1 2
4455740.3 1 2
4455740.3 1 1
4455740.3 1 1
4455740.3 1 1
4455740.3 1 1
4455740.3 1 1
4455740.3 1 1
4455740.3 1 1
4455740.3 1 1
4455740.3 1 1
4455740.3 1 1
4455740.3 1 1
4455740.3 1 1
4455740.3 1 1
4455740.3 1 1
4455740.3 1 1
4455740.3 1 1
4455740.3 1 1
4455740.3 1 1
4455740.3 1 1
4455740.3 1 1
4455740.3 1 1
4455740.3 1 1
4455740.3 1 1
4455740.3 1 1
4455740.3 1 1
4455740.3 1 1
4455740.3 1 1
4455740.3 1 1
4455740.3 1 1
4455740.3 1 1
4455740.3 1 1
4455740.3 1 1
4455740.3 1 1
4455740.3 1 1
4455740.3 1 1
4455740.3 1 1
4455740.3 1 1
4455740.3 1 1
4455740.3 1 1
4455740.3 1 1
4455740.3 1 1
4455740.3 1 1
4455740.3 1 1
4455740.3 1 1
4455740.3 1 1
4455740.3 1 1
4455740.3 1 1
4455740.3 1 1
4455740.3 1 1
4455740.3 1 1
4455740.3 1 1
4455747.3 384 117
4455747.3 259 106
4455747.3 216 91
4455747.3 85 66
4455747.3 60 61
4455747.3 57 61
4455747.3 41 50
4455747.3 34 44
4455747.3 31 43
4455747.3 30 42
4455747.3 25 37
4455747.3 22 37
4455747.3 19 34
4455747.3 15 34
4455747.3 14 32
4455747.3 12 32
4455747.3 11 31
4455747.3 11 31
4455747.3 10 28
4455747.3 10 26
4455747.3 10 23
4455747.3 9 23
4455747.3 7 19
4455747.3 7 19
4455747.3 7 19
4455747.3 6 19
4455747.3 6 19
4455747.3 6 18
4455747.3 6 17
4455747.3 6 16
4455747.3 6 16
4455747.3 5 16
4455747.3 5 13
4455747.3 5 13
4455747.3 5 12
4455747.3 5 12
4455747.3 5 11
4455747.3 5 11
4455747.3 4 10
4455747.3 4 10
4455747.3 4 9
4455747.3 4 9
4455747.3 4 8
4455747.3 4 8
4455747.3 4 8
4455747.3 4 8
4455747.3 4 8
4455747.3 4 8
4455747.3 4 8
4455747.3 4 8
4455747.3 3 8
4455747.3 3 8
4455747.3 3 7
4455747.3 3 7
4455747.3 3 7
4455747.3 3 7
4455747.3 3 7
4455747.3 3 6
4455747.3 3 6
4455747.3 3 6
4455747.3 3 6
4455747.3 3 6
4455747.3 3 5
4455747.3 3 5
4455747.3 2 5
4455747.3 2 5
4455747.3 2 5
4455747.3 2 5
4455747.3 2 5
4455747.3 2 5
4455747.3 2 4
4455747.3 2 3
4455747.3 2 3
4455747.3 2 3
4455747.3 2 3
4455747.3 2 3
4455747.3 2 3
4455747.3 2 3
4455747.3 2 3
4455747.3 2 3
4455747.3 2 3
4455747.3 2 3
4455747.3 2 3
4455747.3 2 3
4455747.3 2 3
4455747.3 2 3
4455747.3 2 3
4455747.3 2 3
4455747.3 2 3
4455747.3 2 3
4455747.3 2 2
4455747.3 2 2
4455747.3 1 2
4455747.3 1 2
4455747.3 1 2
4455747.3 1 2
4455747.3 1 2
4455747.3 1 2
4455747.3 1 2
4455747.3 1 2
4455747.3 1 2
4455747.3 1 2
4455747.3 1 2
4455747.3 1 2
4455747.3 1 2
4455747.3 1 2
4455747.3 1 2
4455747.3 1 2
4455747.3 1 1
4455747.3 1 1
4455747.3 1 1
4455747.3 1 1
4455747.3 1 1
4455747.3 1 1
4455747.3 1 1
4455747.3 1 1
4455747.3 1 1
4455747.3 1 1
4455747.3 1 1
4455747.3 1 1
4455747.3 1 1
4455747.3 1 1
4455747.3 1 1
4455747.3 1 1
4455747.3 1 1
4455747.3 1 1
4455747.3 1 1
4455747.3 1 1
4455747.3 1 1
4455747.3 1 1
4455747.3 1 1
4455747.3 1 1
4455747.3 1 1
4455747.3 1 1
4455747.3 1 1
4455747.3 1 1
4455747.3 1 1
4455747.3 1 1
4455747.3 1 1
4455747.3 1 1
4455747.3 1 1
4455747.3 1 1
4455747.3 1 1
4455747.3 1 1
4455747.3 1 1
4455747.3 1 1
4455747.3 1 1
4455747.3 1 1
4455747.3 1 1
4455747.3 1 1
4455747.3 1 1
4455747.3 1 1
4455747.3 1 1
4455747.3 1 1
4455747.3 1 1
4455747.3 1 1
4455747.3 1 1
4455747.3 1 1
4455747.3 1 1
4455747.3 1 1
4455747.3 1 1
4455747.3 1 1
4455747.3 1 1
4455747.3 1 1
4455748.3 17 10
4455748.3 6 6
4455748.3 2 4
4455748.3 2 3
4455748.3 1 3
4455748.3 1 2
4455748.3 1 2
4455748.3 1 1
4455748.3 1 1
4455748.3 1 1
4455748.3 1 1
4455748.3 1 1
4455748.3 1 1
4455748.3 1 1
4455750.3 275 100
4455750.3 142 95
4455750.3 100 67
4455750.3 63 49
4455750.3 44 39
4455750.3 38 39
4455750.3 29 37
4455750.3 27 34
4455750.3 24 32
4455750.3 20 29
4455750.3 19 26
4455750.3 19 26
4455750.3 17 26
4455750.3 17 26
4455750.3 15 26
4455750.3 15 24
4455750.3 15 23
4455750.3 15 22
4455750.3 15 22
4455750.3 14 20
4455750.3 12 18
4455750.3 10 17
4455750.3 10 16
4455750.3 9 15
4455750.3 9 15
4455750.3 7 14
4455750.3 7 14
4455750.3 7 14
4455750.3 6 14
4455750.3 6 13
4455750.3 6 13
4455750.3 5 13
4455750.3 5 13
4455750.3 5 10
4455750.3 5 9
4455750.3 4 9
4455750.3 4 8
4455750.3 4 8
4455750.3 4 8
4455750.3 4 8
4455750.3 4 8
4455750.3 4 7
4455750.3 3 7
4455750.3 3 7
4455750.3 3 7
4455750.3 3 7
4455750.3 3 6
4455750.3 3 6
4455750.3 3 5
4455750.3 3 5
4455750.3 3 5
4455750.3 3 5
4455750.3 3 5
4455750.3 3 5
4455750.3 3 5
4455750.3 3 5
4455750.3 3 4
4455750.3 3 4
4455750.3 3 3
4455750.3 3 3
4455750.3 2 3
4455750.3 2 3
4455750.3 2 3
4455750.3 2 3
4455750.3 2 3
4455750.3 2 3
4455750.3 2 3
4455750.3 2 3
4455750.3 2 3
4455750.3 2 3
4455750.3 2 3
4455750.3 2 3
4455750.3 2 2
4455750.3 2 2
4455750.3 2 2
4455750.3 2 2
4455750.3 2 2
4455750.3 2 2
4455750.3 2 2
4455750.3 2 2
4455750.3 2 2
4455750.3 2 2
4455750.3 2 2
4455750.3 2 2
4455750.3 2 2
4455750.3 2 2
4455750.3 2 2
4455750.3 2 2
4455750.3 2 1
4455750.3 2 1
4455750.3 2 1
4455750.3 2 1
4455750.3 2 1
4455750.3 2 1
4455750.3 2 1
4455750.3 2 1
4455750.3 2 1
4455750.3 2 1
4455750.3 2 1
4455750.3 2 1
4455750.3 2 1
4455750.3 2 1
4455750.3 2 1
4455750.3 2 1
4455750.3 2 1
4455750.3 2 1
4455750.3 1 1
4455750.3 1 1
4455750.3 1 1
4455750.3 1 1
4455750.3 1 1
4455750.3 1 1
4455750.3 1 1
4455750.3 1 1
4455750.3 1 1
4455750.3 1 1
4455750.3 1 1
4455750.3 1 1
4455750.3 1 1
4455750.3 1 1
4455750.3 1 1
4455750.3 1 1
4455750.3 1 1
4455750.3 1 1
4455750.3 1 1
4455750.3 1 1
4455750.3 1 1
4455750.3 1 1
4455750.3 1 1
4455750.3 1 1
4455750.3 1 1
4455750.3 1 1
4455750.3 1 1
4455750.3 1 1
4455750.3 1 1
4455750.3 1 1
4455750.3 1 1
4455750.3 1 1
4455750.3 1 1
4455750.3 1 1
4455750.3 1 1
4455750.3 1 1
4455750.3 1 1
4455750.3 1 1
4455750.3 1 1
4455750.3 1 1
4455750.3 1 1
4455750.3 1 1
4455750.3 1 1
4455750.3 1 1
4455750.3 1 1
4455750.3 1 1
4455750.3 1 1
4455750.3 1 1
4455750.3 1 1
4455750.3 1 1
4455750.3 1 1
4455750.3 1 1
4455750.3 1 1
4455750.3 1 1
4455750.3 1 1
4455750.3 1 1
4455750.3 1 1
4455750.3 1 1
4455750.3 1 1
4455750.3 1 1
4455750.3 1 1
4455750.3 1 1
4455750.3 1 1
4455750.3 1 1
4455750.3 1 1
4455750.3 1 1
4455750.3 1 1
4455750.3 1 1
4455750.3 1 1
4455750.3 1 1
4455750.3 1 1
4455750.3 1 1
4455750.3 1 1
4455750.3 1 1
4455750.3 1 1
4455750.3 1 1
4455750.3 1 1
4455750.3 1 1
4455750.3 1 1
4455750.3 1 1
4455750.3 1 1
4455750.3 1 1
4455750.3 1 1
4455750.3 1 1
4455750.3 1 1
4455750.3 1 1
4455750.3 1 1
4455750.3 1 1
4455750.3 1 1
4455750.3 1 1
4455750.3 1 1
4455750.3 1 1
4455753.3 10 14
4455753.3 10 7
4455753.3 5 5
4455753.3 4 4
4455753.3 4 4
4455753.3 4 3
4455753.3 3 3
4455753.3 2 2
4455753.3 2 2
4455753.3 2 2
4455753.3 1 1
4455753.3 1 1
4455753.3 1 1
4455753.3 1 1
4455753.3 1 1
4455753.3 1 1
4455753.3 1 1
4455753.3 1 1
4455753.3 1 1
4455753.3 1 1
4455753.3 1 1
4455753.3 1 1
4455753.3 1 1
4455756.3 205 79
4455756.3 197 66
4455756.3 83 49
4455756.3 42 43
4455756.3 24 32
4455756.3 20 31
4455756.3 12 28
4455756.3 11 27
4455756.3 11 26
4455756.3 11 23
4455756.3 10 23
4455756.3 9 19
4455756.3 9 19
4455756.3 9 19
4455756.3 8 18
4455756.3 8 17
4455756.3 8 17
4455756.3 7 15
4455756.3 6 13
4455756.3 5 12
4455756.3 5 10
4455756.3 5 10
4455756.3 5 10
4455756.3 5 10
4455756.3 5 10
4455756.3 5 10
4455756.3 5 10
4455756.3 5 8
4455756.3 4 7
4455756.3 4 7
4455756.3 4 7
4455756.3 3 7
4455756.3 3 7
4455756.3 3 6
4455756.3 3 6
4455756.3 3 6
4455756.3 3 6
4455756.3 3 5
4455756.3 3 5
4455756.3 3 4
4455756.3 3 4
4455756.3 2 4
4455756.3 2 4
4455756.3 2 4
4455756.3 2 4
4455756.3 2 4
4455756.3 2 4
4455756.3 2 4
4455756.3 2 4
4455756.3 2 4
4455756.3 2 3
4455756.3 2 3
4455756.3 2 3
4455756.3 2 3
4455756.3 2 3
4455756.3 2 3
4455756.3 2 3
4455756.3 2 3
4455756.3 2 3
4455756.3 1 3
4455756.3 1 3
4455756.3 1 3
4455756.3 1 3
4455756.3 1 3
4455756.3 1 3
4455756.3 1 2
4455756.3 1 2
4455756.3 1 2
4455756.3 1 2
4455756.3 1 2
4455756.3 1 2
4455756.3 1 2
4455756.3 1 1
4455756.3 1 1
4455756.3 1 1
4455756.3 1 1
4455756.3 1 1
4455756.3 1 1
4455756.3 1 1
4455756.3 1 1
4455756.3 1 1
4455756.3 1 1
4455756.3 1 1
4455756.3 1 1
4455756.3 1 1
4455756.3 1 1
4455756.3 1 1
4455756.3 1 1
4455756.3 1 1
4455756.3 1 1
4455756.3 1 1
4455756.3 1 1
4455756.3 1 1
4455756.3 1 1
4455756.3 1 1
4455756.3 1 1
4455756.3 1 1
4455756.3 1 1
4455756.3 1 1
4455756.3 1 1
4455756.3 1 1
4455756.3 1 1
4455756.3 1 1
4455756.3 1 1
4455756.3 1 1
4455756.3 1 1
4455756.3 1 1
4455756.3 1 1
4455756.3 1 1
4455756.3 1 1
4455756.3 1 1
4455756.3 1 1
4455756.3 1 1
4455758.3 198 135
4455758.3 154 106
4455758.3 151 79
4455758.3 146 59
4455758.3 105 51
4455758.3 84 48
4455758.3 36 44
4455758.3 21 34
4455758.3 21 33
4455758.3 20 30
4455758.3 17 30
4455758.3 16 30
4455758.3 15 27
4455758.3 12 27
4455758.3 12 27
4455758.3 12 24
4455758.3 11 21
4455758.3 10 21
4455758.3 10 20
4455758.3 10 20
4455758.3 9 19
4455758.3 8 16
4455758.3 8 16
4455758.3 8 13
4455758.3 7 13
4455758.3 6 13
4455758.3 6 11
4455758.3 6 11
4455758.3 6 11
4455758.3 5 11
4455758.3 5 11
4455758.3 5 10
4455758.3 5 10
4455758.3 4 10
4455758.3 4 9
4455758.3 4 9
4455758.3 4 9
4455758.3 4 9
4455758.3 4 9
4455758.3 4 8
4455758.3 4 7
4455758.3 4 6
4455758.3 3 6
4455758.3 3 6
4455758.3 3 6
4455758.3 3 6
4455758.3 3 6
4455758.3 3 6
4455758.3 3 5
4455758.3 2 5
4455758.3 2 5
4455758.3 2 5
4455758.3 2 5
4455758.3 2 5
4455758.3 2 5
4455758.3 2 5
4455758.3 2 5
4455758.3 2 5
4455758.3 2 5
4455758.3 2 5
4455758.3 2 3
4455758.3 2 3
4455758.3 2 3
4455758.3 2 3
4455758.3 2 3
4455758.3 2 3
4455758.3 2 2
4455758.3 2 2
4455758.3 2 2
4455758.3 2 2
4455758.3 2 2
4455758.3 2 2
4455758.3 2 2
4455758.3 2 2
4455758.3 2 2
4455758.3 2 2
4455758.3 2 2
4455758.3 2 2
4455758.3 2 2
4455758.3 2 2
4455758.3 2 2
4455758.3 2 2
4455758.3 2 2
4455758.3 2 2
4455758.3 2 2
4455758.3 2 2
4455758.3 1 2
4455758.3 1 2
4455758.3 1 2
4455758.3 1 2
4455758.3 1 2
4455758.3 1 2
4455758.3 1 2
4455758.3 1 2
4455758.3 1 2
4455758.3 1 2
4455758.3 1 2
4455758.3 1 2
4455758.3 1 2
4455758.3 1 2
4455758.3 1 2
4455758.3 1 1
4455758.3 1 1
4455758.3 1 1
4455758.3 1 1
4455758.3 1 1
4455758.3 1 1
4455758.3 1 1
4455758.3 1 1
4455758.3 1 1
4455758.3 1 1
4455758.3 1 1
4455758.3 1 1
4455758.3 1 1
4455758.3 1 1
4455758.3 1 1
4455758.3 1 1
4455758.3 1 1
4455758.3 1 1
4455758.3 1 1
4455758.3 1 1
4455758.3 1 1
4455758.3 1 1
4455758.3 1 1
4455758.3 1 1
4455758.3 1 1
4455758.3 1 1
4455758.3 1 1
4455758.3 1 1
4455758.3 1 1
4455758.3 1 1
4455758.3 1 1
4455758.3 1 1
4455758.3 1 1
4455758.3 1 1
4455758.3 1 1
4455758.3 1 1
4455758.3 1 1
4455758.3 1 1
4455758.3 1 1
4455758.3 1 1
4455758.3 1 1
4455758.3 1 1
4455758.3 1 1
4455758.3 1 1
4455758.3 1 1
4455758.3 1 1
4455758.3 1 1
4455758.3 1 1
4455758.3 1 1
4455758.3 1 1
4455758.3 1 1
4455758.3 1 1
4455758.3 1 1
4455758.3 1 1
4455758.3 1 1
4455758.3 1 1
4455758.3 1 1
4455765.3 211 93
4455765.3 160 74
4455765.3 87 70
4455765.3 67 51
4455765.3 29 50
4455765.3 28 48
4455765.3 22 40
4455765.3 22 35
4455765.3 21 30
4455765.3 17 29
4455765.3 17 29
4455765.3 17 25
4455765.3 15 23
4455765.3 14 22
4455765.3 14 21
4455765.3 13 20
4455765.3 12 17
4455765.3 12 17
4455765.3 11 14
4455765.3 10 14
4455765.3 9 14
4455765.3 9 14
4455765.3 8 13
4455765.3 8 12
4455765.3 8 12
4455765.3 8 11
4455765.3 7 11
4455765.3 7 10
4455765.3 7 9
4455765.3 7 9
4455765.3 7 9
4455765.3 6 8
4455765.3 6 8
4455765.3 5 8
4455765.3 5 8
4455765.3 5 8
4455765.3 5 7
4455765.3 4 7
4455765.3 4 7
4455765.3 4 7
4455765.3 4 7
4455765.3 4 7
4455765.3 4 7
4455765.3 4 7
4455765.3 4 6
4455765.3 4 5
4455765.3 4 5
4455765.3 4 5
4455765.3 4 5
4455765.3 4 5
4455765.3 4 5
4455765.3 4 3
4455765.3 3 3
4455765.3 3 3
4455765.3 3 3
4455765.3 3 3
4455765.3 3 3
4455765.3 3 3
4455765.3 3 3
4455765.3 3 3
4455765.3 3 3
4455765.3 3 3
4455765.3 3 3
4455765.3 3 3
4455765.3 3 3
4455765.3 3 3
4455765.3 3 3
4455765.3 3 3
4455765.3 3 3
4455765.3 2 3
4455765.3 2 3
4455765.3 2 3
4455765.3 2 3
4455765.3 2 3
4455765.3 2 3
4455765.3 2 3
4455765.3 2 2
4455765.3 2 2
4455765.3 2 1
4455765.3 2 1
4455765.3 2 1
4455765.3 2 1
4455765.3 2 1
4455765.3 2 1
4455765.3 2 1
4455765.3 2 1
4455765.3 2 1
4455765.3 2 1
4455765.3 2 1
4455765.3 2 1
4455765.3 1 1
4455765.3 1 1
4455765.3 1 1
4455765.3 1 1
4455765.3 1 1
4455765.3 1 1
4455765.3 1 1
4455765.3 1 1
4455765.3 1 1
4455765.3 1 1
4455765.3 1 1
4455765.3 1 1
4455765.3 1 1
4455765.3 1 1
4455765.3 1 1
4455765.3 1 1
4455765.3 1 1
4455765.3 1 1
4455765.3 1 1
4455765.3 1 1
4455765.3 1 1
4455765.3 1 1
4455765.3 1 1
4455765.3 1 1
4455765.3 1 1
4455765.3 1 1
4455765.3 1 1
4455765.3 1 1
4455765.3 1 1
4455765.3 1 1
4455765.3 1 1
4455765.3 1 1
4455765.3 1 1
4455765.3 1 1
4455765.3 1 1
4455765.3 1 1
4455765.3 1 1
4455765.3 1 1
4455765.3 1 1
4455765.3 1 1
4455765.3 1 1
4455765.3 1 1
4455765.3 1 1
4455765.3 1 1
4455765.3 1 1
4455765.3 1 1
4455765.3 1 1
4455765.3 1 1
4455765.3 1 1
4455765.3 1 1
4455765.3 1 1
4455765.3 1 1
4455765.3 1 1
4455770.3 15 18
4455770.3 13 9
4455770.3 7 9
4455770.3 7 6
4455770.3 7 6
4455770.3 7 4
4455770.3 4 4
4455770.3 3 3
4455770.3 2 3
4455770.3 2 2
4455770.3 1 2
4455770.3 1 2
4455770.3 1 2
4455770.3 1 1
4455770.3 1 1
4455770.3 1 1
4455770.3 1 1
4455770.3 1 1
4455770.3 1 1
4455770.3 1 1
4455770.3 1 1
4455770.3 1 1
4455775.3 301 101
4455775.3 187 94
4455775.3 159 73
4455775.3 154 66
4455775.3 98 65
4455775.3 95 49
4455775.3 76 49
4455775.3 35 48
4455775.3 31 48
4455775.3 28 40
4455775.3 27 38
4455775.3 24 38
4455775.3 16 37
4455775.3 16 37
4455775.3 16 37
4455775.3 15 37
4455775.3 14 29
4455775.3 14 29
4455775.3 11 28
4455775.3 11 28
4455775.3 11 23
4455775.3 10 22
4455775.3 8 21
4455775.3 8 21
4455775.3 8 21
4455775.3 8 20
4455775.3 7 18
4455775.3 6 18
4455775.3 6 17
4455775.3 5 17
4455775.3 5 17
4455775.3 5 17
4455775.3 5 15
4455775.3 5 15
4455775.3 5 14
4455775.3 5 14
4455775.3 5 14
4455775.3 5 13
4455775.3 4 12
4455775.3 4 11
4455775.3 4 11
4455775.3 4 10
4455775.3 4 10
4455775.3 4 10
4455775.3 4 9
4455775.3 4 9
4455775.3 4 9
4455775.3 4 9
4455775.3 4 9
4455775.3 4 9
4455775.3 4 9
4455775.3 3 8
4455775.3 3 8
4455775.3 3 7
4455775.3 3 7
4455775.3 3 6
4455775.3 3 6
4455775.3 3 5
4455775.3 3 5
4455775.3 3 5
4455775.3 3 5
4455775.3 3 5
4455775.3 3 5
4455775.3 3 5
4455775.3 3 4
4455775.3 3 4
4455775.3 3 4
4455775.3 3 4
4455775.3 3 4
4455775.3 3 4
4455775.3 3 4
4455775.3 3 4
4455775.3 2 4
4455775.3 2 4
4455775.3 2 3
4455775.3 2 3
4455775.3 2 3
4455775.3 2 3
4455775.3 2 3
4455775.3 2 3
4455775.3 2 3
4455775.3 2 3
4455775.3 2 3
4455775.3 2 3
4455775.3 2 3
4455775.3 2 3
4455775.3 2 3
4455775.3 2 3
4455775.3 2 3
4455775.3 2 3
4455775.3 2 3
4455775.3 2 2
4455775.3 2 2
4455775.3 2 2
4455775.3 2 2
4455775.3 2 2
4455775.3 2 2
4455775.3 2 2
4455775.3 2 2
4455775.3 2 2
4455775.3 2 2
4455775.3 2 2
4455775.3 2 2
4455775.3 2 2
4455775.3 1 2
4455775.3 1 2
4455775.3 1 2
4455775.3 1 2
4455775.3 1 2
4455775.3 1 2
4455775.3 1 2
4455775.3 1 2
4455775.3 1 2
4455775.3 1 2
4455775.3 1 2
4455775.3 1 2
4455775.3 1 2
4455775.3 1 2
4455775.3 1 2
4455775.3 1 1
4455775.3 1 1
4455775.3 1 1
4455775.3 1 1
4455775.3 1 1
4455775.3 1 1
4455775.3 1 1
4455775.3 1 1
4455775.3 1 1
4455775.3 1 1
4455775.3 1 1
4455775.3 1 1
4455775.3 1 1
4455775.3 1 1
4455775.3 1 1
4455775.3 1 1
4455775.3 1 1
4455775.3 1 1
4455775.3 1 1
4455775.3 1 1
4455775.3 1 1
4455775.3 1 1
4455775.3 1 1
4455775.3 1 1
4455775.3 1 1
4455775.3 1 1
4455775.3 1 1
4455775.3 1 1
4455775.3 1 1
4455775.3 1 1
4455775.3 1 1
4455775.3 1 1
4455775.3 1 1
4455775.3 1 1
4455775.3 1 1
4455775.3 1 1
4455775.3 1 1
4455775.3 1 1
4455775.3 1 1
4455775.3 1 1
4455775.3 1 1
4455775.3 1 1
4455775.3 1 1
4455775.3 1 1
4455775.3 1 1
4455775.3 1 1
4455775.3 1 1
4455775.3 1 1
4455775.3 1 1
4455775.3 1 1
4455775.3 1 1
4455775.3 1 1
4455775.3 1 1
4455775.3 1 1
4455775.3 1 1
4455775.3 1 1
4455775.3 1 1
4455775.3 1 1
4455775.3 1 1
4455775.3 1 1
4455775.3 1 1
4455775.3 1 1
4455775.3 1 1
4455775.3 1 1
4455775.3 1 1
4455775.3 1 1
4455775.3 1 1
4455775.3 1 1
4455775.3 1 1
4455775.3 1 1
4455775.3 1 1
4455775.3 1 1
4455775.3 1 1
4455775.3 1 1
4455775.3 1 1
4455775.3 1 1
4455775.3 1 1
4455775.3 1 1
4455775.3 1 1
4455775.3 1 1
4455775.3 1 1
4455775.3 1 1
4455775.3 1 1
4455775.3 1 1
4455775.3 1 1
4455775.3 1 1
4455775.3 1 1
4455775.3 1 1
4455775.3 1 1
4455775.3 1 1
4455775.3 1 1
4455775.3 1 1
4455775.3 1 1
4455775.3 1 1
4455775.3 1 1
4455775.3 1 1
4455775.3 1 1
4455775.3 1 1
4455775.3 1 1
4455775.3 1 1
4455775.3 1 1
4455775.3 1 1
4455775.3 1 1
4455775.3 1 1
4455775.3 1 1
4455775.3 1 1
4455775.3 1 1
4455775.3 1 1
4455775.3 1 1
4455775.3 1 1
4455776.3 372 109
4455776.3 151 87
4455776.3 114 83
4455776.3 102 76
4455776.3 72 50
4455776.3 68 47
4455776.3 47 41
4455776.3 23 40
4455776.3 17 40
4455776.3 17 37
4455776.3 14 35
4455776.3 12 29
4455776.3 11 29
4455776.3 11 29
4455776.3 10 29
4455776.3 9 29
4455776.3 9 27
4455776.3 8 26
4455776.3 8 26
4455776.3 8 19
4455776.3 8 19
4455776.3 8 18
4455776.3 7 18
4455776.3 7 18
4455776.3 6 17
4455776.3 6 17
4455776.3 6 13
4455776.3 6 13
4455776.3 6 13
4455776.3 6 13
4455776.3 6 13
4455776.3 6 12
4455776.3 6 12
4455776.3 6 12
4455776.3 5 10
4455776.3 5 10
4455776.3 5 10
4455776.3 5 10
4455776.3 5 10
4455776.3 4 10
4455776.3 4 10
4455776.3 4 10
4455776.3 4 9
4455776.3 4 9
4455776.3 4 8
4455776.3 4 8
4455776.3 4 7
4455776.3 4 7
4455776.3 4 7
4455776.3 4 7
4455776.3 4 6
4455776.3 4 6
4455776.3 4 6
4455776.3 4 6
4455776.3 3 6
4455776.3 3 6
4455776.3 3 5
4455776.3 3 5
4455776.3 3 5
4455776.3 3 5
4455776.3 3 5
4455776.3 3 5
4455776.3 3 5
4455776.3 3 4
4455776.3 3 4
4455776.3 3 4
4455776.3 3 4
4455776.3 3 3
4455776.3 3 2
4455776.3 3 2
4455776.3 3 2
4455776.3 3 2
4455776.3 3 2
4455776.3 3 2
4455776.3 2 2
4455776.3 2 2
4455776.3 2 2
4455776.3 2 2
4455776.3 2 2
4455776.3 2 2
4455776.3 2 2
4455776.3 2 2
4455776.3 2 2
4455776.3 2 2
4455776.3 2 2
4455776.3 2 2
4455776.3 2 2
4455776.3 2 2
4455776.3 2 2
4455776.3 2 2
4455776.3 2 2
4455776.3 2 2
4455776.3 2 2
4455776.3 2 2
4455776.3 2 2
4455776.3 2 2
4455776.3 2 2
4455776.3 2 2
4455776.3 2 2
4455776.3 2 2
4455776.3 2 2
4455776.3 2 2
4455776.3 2 1
4455776.3 2 1
4455776.3 2 1
4455776.3 2 1
4455776.3 2 1
4455776.3 2 1
4455776.3 2 1
4455776.3 2 1
4455776.3 2 1
4455776.3 2 1
4455776.3 2 1
4455776.3 2 1
4455776.3 2 1
4455776.3 2 1
4455776.3 2 1
4455776.3 2 1
4455776.3 2 1
4455776.3 2 1
4455776.3 2 1
4455776.3 2 1
4455776.3 2 1
4455776.3 2 1
4455776.3 1 1
4455776.3 1 1
4455776.3 1 1
4455776.3 1 1
4455776.3 1 1
4455776.3 1 1
4455776.3 1 1
4455776.3 1 1
4455776.3 1 1
4455776.3 1 1
4455776.3 1 1
4455776.3 1 1
4455776.3 1 1
4455776.3 1 1
4455776.3 1 1
4455776.3 1 1
4455776.3 1 1
4455776.3 1 1
4455776.3 1 1
4455776.3 1 1
4455776.3 1 1
4455776.3 1 1
4455776.3 1 1
4455776.3 1 1
4455776.3 1 1
4455776.3 1 1
4455776.3 1 1
4455776.3 1 1
4455776.3 1 1
4455776.3 1 1
4455776.3 1 1
4455776.3 1 1
4455776.3 1 1
4455776.3 1 1
4455776.3 1 1
4455776.3 1 1
4455776.3 1 1
4455776.3 1 1
4455776.3 1 1
4455776.3 1 1
4455776.3 1 1
4455776.3 1 1
4455776.3 1 1
4455776.3 1 1
4455776.3 1 1
4455776.3 1 1
4455776.3 1 1
4455776.3 1 1
4455776.3 1 1
4455776.3 1 1
4455776.3 1 1
4455776.3 1 1
4455776.3 1 1
4455776.3 1 1
4455776.3 1 1
4455776.3 1 1
4455776.3 1 1
4455776.3 1 1
4455776.3 1 1
4455776.3 1 1
4455776.3 1 1
4455776.3 1 1
4455776.3 1 1
4455776.3 1 1
4455776.3 1 1
4455776.3 1 1
4455776.3 1 1
4455776.3 1 1
4455776.3 1 1
4455776.3 1 1
4455776.3 1 1
4455776.3 1 1
4455776.3 1 1
4455776.3 1 1
4455776.3 1 1
4455776.3 1 1
4455776.3 1 1
4455776.3 1 1
4455776.3 1 1
4455776.3 1 1
4455776.3 1 1
4455776.3 1 1
4455776.3 1 1
4455776.3 1 1
4455776.3 1 1
4455776.3 1 1
4455777.3 239 137
4455777.3 165 84
4455777.3 158 81
4455777.3 153 74
4455777.3 139 61
4455777.3 76 50
4455777.3 65 50
4455777.3 59 47
4455777.3 35 41
4455777.3 22 39
4455777.3 22 38
4455777.3 21 35
4455777.3 18 34
4455777.3 13 28
4455777.3 12 28
4455777.3 9 27
4455777.3 9 23
4455777.3 9 22
4455777.3 9 21
4455777.3 8 21
4455777.3 8 20
4455777.3 8 18
4455777.3 8 18
4455777.3 8 17
4455777.3 7 17
4455777.3 7 16
4455777.3 7 15
4455777.3 6 15
4455777.3 5 15
4455777.3 5 15
4455777.3 5 15
4455777.3 5 15
4455777.3 5 13
4455777.3 5 13
4455777.3 5 13
4455777.3 5 12
4455777.3 5 11
4455777.3 5 11
4455777.3 5 11
4455777.3 4 10
4455777.3 4 10
4455777.3 4 9
4455777.3 4 9
4455777.3 4 9
4455777.3 4 9
4455777.3 4 9
4455777.3 4 9
4455777.3 4 9
4455777.3 4 8
4455777.3 4 8
4455777.3 3 8
4455777.3 3 8
4455777.3 3 8
4455777.3 3 8
4455777.3 3 8
4455777.3 3 6
4455777.3 3 5
4455777.3 3 5
4455777.3 3 5
4455777.3 3 5
4455777.3 2 5
4455777.3 2 5
4455777.3 2 5
4455777.3 2 5
4455777.3 2 5
4455777.3 2 5
4455777.3 2 5
4455777.3 2 5
4455777.3 2 4
4455777.3 2 4
4455777.3 2 3
4455777.3 2 3
4455777.3 2 3
4455777.3 2 3
4455777.3 2 3
4455777.3 2 3
4455777.3 2 3
4455777.3 2 3
4455777.3 2 3
4455777.3 2 3
4455777.3 2 3
4455777.3 2 2
4455777.3 2 2
4455777.3 2 2
4455777.3 2 2
4455777.3 2 2
4455777.3 2 2
4455777.3 2 2
4455777.3 2 2
4455777.3 2 2
4455777.3 2 2
4455777.3 2 2
4455777.3 2 2
4455777.3 2 2
4455777.3 2 2
4455777.3 2 2
4455777.3 2 2
4455777.3 1 2
4455777.3 1 2
4455777.3 1 2
4455777.3 1 2
4455777.3 1 1
4455777.3 1 1
4455777.3 1 1
4455777.3 1 1
4455777.3 1 1
4455777.3 1 1
4455777.3 1 1
4455777.3 1 1
4455777.3 1 1
4455777.3 1 1
4455777.3 1 1
4455777.3 1 1
4455777.3 1 1
4455777.3 1 1
4455777.3 1 1
4455777.3 1 1
4455777.3 1 1
4455777.3 1 1
4455777.3 1 1
4455777.3 1 1
4455777.3 1 1
4455777.3 1 1
4455777.3 1 1
4455777.3 1 1
4455777.3 1 1
4455777.3 1 1
4455777.3 1 1
4455777.3 1 1
4455777.3 1 1
4455777.3 1 1
4455777.3 1 1
4455777.3 1 1
4455777.3 1 1
4455777.3 1 1
4455777.3 1 1
4455777.3 1 1
4455777.3 1 1
4455777.3 1 1
4455777.3 1 1
4455777.3 1 1
4455777.3 1 1
4455777.3 1 1
4455777.3 1 1
4455777.3 1 1
4455777.3 1 1
4455777.3 1 1
4455777.3 1 1
4455777.3 1 1
4455777.3 1 1
4455777.3 1 1
4455777.3 1 1
4455777.3 1 1
4455777.3 1 1
4455777.3 1 1
4455777.3 1 1
4455777.3 1 1
4455777.3 1 1
4455777.3 1 1
4455777.3 1 1
4455777.3 1 1
4455777.3 1 1
4455777.3 1 1
4455777.3 1 1
4455777.3 1 1
4455777.3 1 1
4455777.3 1 1
4455777.3 1 1
4455777.3 1 1
4455777.3 1 1
4455777.3 1 1
4455777.3 1 1
4455777.3 1 1
4455777.3 1 1
4455777.3 1 1
4455777.3 1 1
4455777.3 1 1
4455777.3 1 1
4455777.3 1 1
4455777.3 1 1
4455777.3 1 1
4455777.3 1 1
4455777.3 1 1
4455777.3 1 1
4455777.3 1 1
4455777.3 1 1
4455777.3 1 1
4455777.3 1 1
4455777.3 1 1
4455777.3 1 1
4455777.3 1 1
4455780.3 243 109
4455780.3 222 75
4455780.3 82 59
4455780.3 56 57
4455780.3 55 51
4455780.3 24 50
4455780.3 18 38
4455780.3 17 34
4455780.3 16 33
4455780.3 16 31
4455780.3 15 30
4455780.3 15 28
4455780.3 13 25
4455780.3 13 23
4455780.3 12 20
4455780.3 11 20
4455780.3 10 20
4455780.3 10 20
4455780.3 10 19
4455780.3 9 19
4455780.3 9 17
4455780.3 8 16
4455780.3 8 16
4455780.3 8 15
4455780.3 8 15
4455780.3 8 13
4455780.3 8 13
4455780.3 7 11
4455780.3 6 11
4455780.3 6 10
4455780.3 5 10
4455780.3 5 10
4455780.3 5 10
4455780.3 5 9
4455780.3 5 9
4455780.3 4 9
4455780.3 4 9
4455780.3 4 9
4455780.3 4 8
4455780.3 4 8
4455780.3 4 8
4455780.3 4 5
4455780.3 4 5
4455780.3 4 4
4455780.3 4 4
4455780.3 4 4
4455780.3 4 4
4455780.3 3 4
4455780.3 3 4
4455780.3 3 4
4455780.3 3 4
4455780.3 3 4
4455780.3 3 4
4455780.3 3 4
4455780.3 3 4
4455780.3 3 4
4455780.3 3 4
4455780.3 3 4
4455780.3 2 4
4455780.3 2 4
4455780.3 2 4
4455780.3 2 4
4455780.3 2 3
4455780.3 2 3
4455780.3 2 3
4455780.3 2 3
4455780.3 2 2
4455780.3 2 2
4455780.3 2 2
4455780.3 2 2
4455780.3 2 2
4455780.3 2 2
4455780.3 2 2
4455780.3 2 2
4455780.3 2 2
4455780.3 2 2
4455780.3 2 2
4455780.3 2 1
4455780.3 2 1
4455780.3 2 1
4455780.3 2 1
4455780.3 2 1
4455780.3 2 1
4455780.3 2 1
4455780.3 2 1
4455780.3 2 1
4455780.3 2 1
4455780.3 2 1
4455780.3 2 1
4455780.3 2 1
4455780.3 2 1
4455780.3 2 1
4455780.3 2 1
4455780.3 2 1
4455780.3 2 1
4455780.3 2 1
4455780.3 2 1
4455780.3 2 1
4455780.3 2 1
4455780.3 2 1
4455780.3 2 1
4455780.3 2 1
4455780.3 2 1
4455780.3 2 1
4455780.3 2 1
4455780.3 2 1
4455780.3 2 1
4455780.3 1 1
4455780.3 1 1
4455780.3 1 1
4455780.3 1 1
4455780.3 1 1
4455780.3 1 1
4455780.3 1 1
4455780.3 1 1
4455780.3 1 1
4455780.3 1 1
4455780.3 1 1
4455780.3 1 1
4455780.3 1 1
4455780.3 1 1
4455780.3 1 1
4455780.3 1 1
4455780.3 1 1
4455780.3 1 1
4455780.3 1 1
4455780.3 1 1
4455780.3 1 1
4455780.3 1 1
4455780.3 1 1
4455780.3 1 1
4455780.3 1 1
4455780.3 1 1
4455780.3 1 1
4455780.3 1 1
4455780.3 1 1
4455780.3 1 1
4455780.3 1 1
4455780.3 1 1
4455780.3 1 1
4455780.3 1 1
4455780.3 1 1
4455780.3 1 1
4455780.3 1 1
4455780.3 1 1
4455780.3 1 1
4455780.3 1 1
4455780.3 1 1
4455780.3 1 1
4455780.3 1 1
4455780.3 1 1
4455780.3 1 1
4455780.3 1 1
4455780.3 1 1
4455780.3 1 1
4455780.3 1 1
4455780.3 1 1
4455780.3 1 1
4455780.3 1 1
4455780.3 1 1
4455780.3 1 1
4455780.3 1 1
4455780.3 1 1
4455780.3 1 1
4455780.3 1 1
4455780.3 1 1
4455780.3 1 1
4455780.3 1 1
4455780.3 1 1
4455780.3 1 1
4455780.3 1 1
4455780.3 1 1
4455780.3 1 1
4455780.3 1 1
4455780.3 1 1
4455783.3 356 160
4455783.3 254 98
4455783.3 226 88
4455783.3 91 62
4455783.3 88 58
4455783.3 41 57
4455783.3 40 53
4455783.3 23 41
4455783.3 20 39
4455783.3 20 39
4455783.3 18 38
4455783.3 17 31
4455783.3 16 28
4455783.3 13 28
4455783.3 12 28
4455783.3 12 28
4455783.3 11 27
4455783.3 11 23
4455783.3 11 23
4455783.3 11 22
4455783.3 10 22
4455783.3 10 22
4455783.3 8 20
4455783.3 8 20
4455783.3 6 17
4455783.3 6 17
4455783.3 6 14
4455783.3 6 14
4455783.3 5 14
4455783.3 4 13
4455783.3 4 13
4455783.3 4 12
4455783.3 4 12
4455783.3 4 12
4455783.3 4 12
4455783.3 4 11
4455783.3 4 11
4455783.3 3 11
4455783.3 3 11
4455783.3 3 11
4455783.3 3 11
4455783.3 3 11
4455783.3 3 8
4455783.3 3 8
4455783.3 3 8
4455783.3 3 8
4455783.3 3 7
4455783.3 3 6
4455783.3 3 6
4455783.3 3 6
4455783.3 2 6
4455783.3 2 6
4455783.3 2 6
4455783.3 2 6
4455783.3 2 6
4455783.3 2 6
4455783.3 2 5
4455783.3 2 4
4455783.3 2 4
4455783.3 2 4
4455783.3 2 4
4455783.3 2 4
4455783.3 2 4
4455783.3 2 4
4455783.3 2 4
4455783.3 2 4
4455783.3 2 4
4455783.3 2 4
4455783.3 2 4
4455783.3 2 4
4455783.3 2 4
4455783.3 2 3
4455783.3 2 3
4455783.3 2 3
4455783.3 2 3
4455783.3 2 3
4455783.3 2 3
4455783.3 2 3
4455783.3 2 3
4455783.3 2 3
4455783.3 2 3
4455783.3 2 3
4455783.3 2 3
4455783.3 2 2
4455783.3 2 2
4455783.3 2 2
4455783.3 2 2
4455783.3 2 2
4455783.3 2 2
4455783.3 1 2
4455783.3 1 2
4455783.3 1 2
4455783.3 1 2
4455783.3 1 2
4455783.3 1 2
4455783.3 1 2
4455783.3 1 2
4455783.3 1 2
4455783.3 1 2
4455783.3 1 2
4455783.3 1 2
4455783.3 1 2
4455783.3 1 2
4455783.3 1 2
4455783.3 1 2
4455783.3 1 2
4455783.3 1 2
4455783.3 1 2
4455783.3 1 2
4455783.3 1 2
4455783.3 1 1
4455783.3 1 1
4455783.3 1 1
4455783.3 1 1
4455783.3 1 1
4455783.3 1 1
4455783.3 1 1
4455783.3 1 1
4455783.3 1 1
4455783.3 1 1
4455783.3 1 1
4455783.3 1 1
4455783.3 1 1
4455783.3 1 1
4455783.3 1 1
4455783.3 1 1
4455783.3 1 1
4455783.3 1 1
4455783.3 1 1
4455783.3 1 1
4455783.3 1 1
4455783.3 1 1
4455783.3 1 1
4455783.3 1 1
4455783.3 1 1
4455783.3 1 1
4455783.3 1 1
4455783.3 1 1
4455783.3 1 1
4455783.3 1 1
4455783.3 1 1
4455783.3 1 1
4455783.3 1 1
4455783.3 1 1
4455783.3 1 1
4455783.3 1 1
4455788.3 330 138
4455788.3 246 101
4455788.3 66 60
4455788.3 61 60
4455788.3 38 55
4455788.3 32 47
4455788.3 21 45
4455788.3 16 35
4455788.3 15 35
4455788.3 13 33
4455788.3 12 32
4455788.3 11 31
4455788.3 11 24
4455788.3 11 24
4455788.3 9 23
4455788.3 9 22
4455788.3 9 22
4455788.3 9 21
4455788.3 8 21
4455788.3 8 19
4455788.3 8 19
4455788.3 8 19
4455788.3 8 14
4455788.3 8 13
4455788.3 8 13
4455788.3 8 13
4455788.3 7 12
4455788.3 7 12
4455788.3 7 12
4455788.3 7 12
4455788.3 7 11
4455788.3 7 10
4455788.3 7 9
4455788.3 7 9
4455788.3 6 9
4455788.3 6 8
4455788.3 6 8
4455788.3 6 8
4455788.3 6 8
4455788.3 6 8
4455788.3 5 8
4455788.3 5 8
4455788.3 5 8
4455788.3 5 6
4455788.3 5 6
4455788.3 5 6
4455788.3 5 6
4455788.3 5 5
4455788.3 4 5
4455788.3 4 4
4455788.3 4 4
4455788.3 4 4
4455788.3 4 4
4455788.3 4 4
4455788.3 4 4
4455788.3 4 4
4455788.3 4 3
4455788.3 4 3
4455788.3 4 3
4455788.3 3 3
4455788.3 3 3
4455788.3 3 3
4455788.3 3 3
4455788.3 3 3
4455788.3 3 3
4455788.3 3 3
4455788.3 3 3
4455788.3 2 3
4455788.3 2 3
4455788.3 2 3
4455788.3 2 2
4455788.3 2 2
4455788.3 2 2
4455788.3 2 2
4455788.3 2 2
4455788.3 2 2
4455788.3 2 2
4455788.3 2 2
4455788.3 2 2
4455788.3 2 2
4455788.3 2 2
4455788.3 2 2
4455788.3 2 2
4455788.3 2 2
4455788.3 2 2
4455788.3 2 2
4455788.3 2 2
4455788.3 2 2
4455788.3 2 1
4455788.3 2 1
4455788.3 2 1
4455788.3 2 1
4455788.3 2 1
4455788.3 2 1
4455788.3 2 1
4455788.3 2 1
4455788.3 2 1
4455788.3 2 1
4455788.3 2 1
4455788.3 2 1
4455788.3 2 1
4455788.3 2 1
4455788.3 1 1
4455788.3 1 1
4455788.3 1 1
4455788.3 1 1
4455788.3 1 1
4455788.3 1 1
4455788.3 1 1
4455788.3 1 1
4455788.3 1 1
4455788.3 1 1
4455788.3 1 1
4455788.3 1 1
4455788.3 1 1
4455788.3 1 1
4455788.3 1 1
4455788.3 1 1
4455788.3 1 1
4455788.3 1 1
4455788.3 1 1
4455788.3 1 1
4455788.3 1 1
4455788.3 1 1
4455788.3 1 1
4455788.3 1 1
4455788.3 1 1
4455788.3 1 1
4455788.3 1 1
4455788.3 1 1
4455788.3 1 1
4455788.3 1 1
4455788.3 1 1
4455788.3 1 1
4455788.3 1 1
4455788.3 1 1
4455788.3 1 1
4455788.3 1 1
4455788.3 1 1
4455788.3 1 1
4455788.3 1 1
4455788.3 1 1
4455788.3 1 1
4455788.3 1 1
4455788.3 1 1
4455788.3 1 1
4455788.3 1 1
4455788.3 1 1
4455788.3 1 1
4455788.3 1 1
4455788.3 1 1
4455788.3 1 1
4455788.3 1 1
4455788.3 1 1
4455788.3 1 1
4455788.3 1 1
4455788.3 1 1
4455788.3 1 1
4455788.3 1 1
4455788.3 1 1
4455788.3 1 1
4455788.3 1 1
4455788.3 1 1
4455788.3 1 1
4455788.3 1 1
4455788.3 1 1
4455788.3 1 1
4455788.3 1 1
4455788.3 1 1
4455788.3 1 1
4455788.3 1 1
4455788.3 1 1
4455788.3 1 1
4455788.3 1 1
4455788.3 1 1
4455788.3 1 1
4455788.3 1 1
4455788.3 1 1
4455788.3 1 1
4455788.3 1 1
4455789.3 192 93
4455789.3 173 90
4455789.3 135 85
4455789.3 103 56
4455789.3 54 52
4455789.3 43 42
4455789.3 24 41
4455789.3 22 38
4455789.3 19 32
4455789.3 19 31
4455789.3 18 29
4455789.3 18 28
4455789.3 16 25
4455789.3 15 25
4455789.3 14 25
4455789.3 12 25
4455789.3 10 25
4455789.3 10 25
4455789.3 10 23
4455789.3 9 22
4455789.3 8 20
4455789.3 8 19
4455789.3 8 18
4455789.3 8 15
4455789.3 7 15
4455789.3 7 15
4455789.3 7 15
4455789.3 7 13
4455789.3 7 12
4455789.3 6 10
4455789.3 6 10
4455789.3 6 10
4455789.3 6 10
4455789.3 6 9
4455789.3 6 9
4455789.3 5 8
4455789.3 5 8
4455789.3 5 7
4455789.3 5 7
4455789.3 5 7
4455789.3 5 7
4455789.3 5 7
4455789.3 5 7
4455789.3 5 7
4455789.3 5 7
4455789.3 5 6
4455789.3 4 6
4455789.3 4 6
4455789.3 4 6
4455789.3 4 6
4455789.3 4 5
4455789.3 4 5
4455789.3 4 5
4455789.3 4 5
4455789.3 4 5
4455789.3 4 5
4455789.3 4 5
4455789.3 4 5
4455789.3 4 5
4455789.3 4 4
4455789.3 4 4
4455789.3 4 4
4455789.3 4 4
4455789.3 4 4
4455789.3 4 4
4455789.3 4 4
4455789.3 4 4
4455789.3 4 4
4455789.3 3 4
4455789.3 3 4
4455789.3 3 3
4455789.3 3 3
4455789.3 3 3
4455789.3 3 3
4455789.3 3 3
4455789.3 3 3
4455789.3 3 3
4455789.3 3 3
4455789.3 3 2
4455789.3 3 2
4455789.3 3 2
4455789.3 3 2
4455789.3 3 2
4455789.3 3 2
4455789.3 2 2
4455789.3 2 2
4455789.3 2 2
4455789.3 2 2
4455789.3 2 2
4455789.3 2 2
4455789.3 2 2
4455789.3 2 2
4455789.3 2 2
4455789.3 2 2
4455789.3 2 2
4455789.3 2 2
4455789.3 2 1
4455789.3 2 1
4455789.3 2 1
4455789.3 2 1
4455789.3 2 1
4455789.3 2 1
4455789.3 2 1
4455789.3 2 1
4455789.3 2 1
4455789.3 2 1
4455789.3 2 1
4455789.3 2 1
4455789.3 2 1
4455789.3 2 1
4455789.3 2 1
4455789.3 2 1
4455789.3 2 1
4455789.3 2 1
4455789.3 2 1
4455789.3 2 1
4455789.3 2 1
4455789.3 2 1
4455789.3 2 1
4455789.3 2 1
4455789.3 2 1
4455789.3 2 1
4455789.3 2 1
4455789.3 2 1
4455789.3 2 1
4455789.3 1 1
4455789.3 1 1
4455789.3 1 1
4455789.3 1 1
4455789.3 1 1
4455789.3 1 1
4455789.3 1 1
4455789.3 1 1
4455789.3 1 1
4455789.3 1 1
4455789.3 1 1
4455789.3 1 1
4455789.3 1 1
4455789.3 1 1
4455789.3 1 1
4455789.3 1 1
4455789.3 1 1
4455789.3 1 1
4455789.3 1 1
4455789.3 1 1
4455789.3 1 1
4455789.3 1 1
4455789.3 1 1
4455789.3 1 1
4455789.3 1 1
4455789.3 1 1
4455789.3 1 1
4455789.3 1 1
4455789.3 1 1
4455789.3 1 1
4455789.3 1 1
4455789.3 1 1
4455789.3 1 1
4455789.3 1 1
4455789.3 1 1
4455789.3 1 1
4455789.3 1 1
4455789.3 1 1
4455789.3 1 1
4455789.3 1 1
4455789.3 1 1
4455789.3 1 1
4455789.3 1 1
4455789.3 1 1
4455789.3 1 1
4455789.3 1 1
4455789.3 1 1
4455789.3 1 1
4455789.3 1 1
4455789.3 1 1
4455789.3 1 1
4455789.3 1 1
4455789.3 1 1
4455789.3 1 1
4455789.3 1 1
4455789.3 1 1
4455789.3 1 1
4455789.3 1 1
4455789.3 1 1
4455789.3 1 1
4455789.3 1 1
4455789.3 1 1
4455789.3 1 1
4455789.3 1 1
4455789.3 1 1
4455789.3 1 1
4455789.3 1 1
4455789.3 1 1
4455789.3 1 1
4455789.3 1 1
4455789.3 1 1
4455789.3 1 1
4455789.3 1 1
4455789.3 1 1
4455789.3 1 1
4455789.3 1 1
4455789.3 1 1
4455789.3 1 1
4455789.3 1 1
4455789.3 1 1
4455789.3 1 1
4455789.3 1 1
4455789.3 1 1
4455789.3 1 1
4455789.3 1 1
4455789.3 1 1
4455789.3 1 1
4455789.3 1 1
4455789.3 1 1
4455789.3 1 1
4455789.3 1 1
4455789.3 1 1
4455790.3 294 86
4455790.3 155 71
4455790.3 148 71
4455790.3 66 57
4455790.3 53 46
4455790.3 49 43
4455790.3 39 42
4455790.3 22 39
4455790.3 17 35
4455790.3 15 35
4455790.3 14 33
4455790.3 14 33
4455790.3 14 29
4455790.3 9 29
4455790.3 9 25
4455790.3 9 25
4455790.3 8 24
4455790.3 8 20
4455790.3 8 19
4455790.3 8 19
4455790.3 7 18
4455790.3 7 16
4455790.3 7 15
4455790.3 7 15
4455790.3 7 14
4455790.3 6 14
4455790.3 6 13
4455790.3 6 11
4455790.3 5 11
4455790.3 5 11
4455790.3 4 10
4455790.3 4 10
4455790.3 4 10
4455790.3 4 9
4455790.3 4 9
4455790.3 4 9
4455790.3 4 9
4455790.3 4 8
4455790.3 4 7
4455790.3 4 7
4455790.3 4 7
4455790.3 4 7
4455790.3 4 7
4455790.3 4 7
4455790.3 3 7
4455790.3 3 5
4455790.3 3 5
4455790.3 3 5
4455790.3 3 5
4455790.3 3 5
4455790.3 3 5
4455790.3 3 5
4455790.3 3 5
4455790.3 3 5
4455790.3 3 5
4455790.3 3 5
4455790.3 3 5
4455790.3 3 5
4455790.3 3 5
4455790.3 3 4
4455790.3 3 4
4455790.3 3 4
4455790.3 2 4
4455790.3 2 4
4455790.3 2 4
4455790.3 2 4
4455790.3 2 3
4455790.3 2 3
4455790.3 2 3
4455790.3 2 3
4455790.3 2 3
4455790.3 2 3
4455790.3 2 3
4455790.3 2 3
4455790.3 2 3
4455790.3 2 3
4455790.3 2 2
4455790.3 2 2
4455790.3 2 2
4455790.3 2 2
4455790.3 2 2
4455790.3 2 2
4455790.3 2 2
4455790.3 2 2
4455790.3 2 2
4455790.3 2 2
4455790.3 2 2
4455790.3 2 2
4455790.3 2 2
4455790.3 2 2
4455790.3 2 2
4455790.3 2 2
4455790.3 2 2
4455790.3 2 1
4455790.3 2 1
4455790.3 2 1
4455790.3 2 1
4455790.3 2 1
4455790.3 2 1
4455790.3 2 1
4455790.3 2 1
4455790.3 2 1
4455790.3 2 1
4455790.3 1 1
4455790.3 1 1
4455790.3 1 1
4455790.3 1 1
4455790.3 1 1
4455790.3 1 1
4455790.3 1 1
4455790.3 1 1
4455790.3 1 1
4455790.3 1 1
4455790.3 1 1
4455790.3 1 1
4455790.3 1 1
4455790.3 1 1
4455790.3 1 1
4455790.3 1 1
4455790.3 1 1
4455790.3 1 1
4455790.3 1 1
4455790.3 1 1
4455790.3 1 1
4455790.3 1 1
4455790.3 1 1
4455790.3 1 1
4455790.3 1 1
4455790.3 1 1
4455790.3 1 1
4455790.3 1 1
4455790.3 1 1
4455790.3 1 1
4455790.3 1 1
4455790.3 1 1
4455790.3 1 1
4455790.3 1 1
4455790.3 1 1
4455790.3 1 1
4455790.3 1 1
4455790.3 1 1
4455790.3 1 1
4455790.3 1 1
4455790.3 1 1
4455790.3 1 1
4455790.3 1 1
4455790.3 1 1
4455790.3 1 1
4455790.3 1 1
4455790.3 1 1
4455790.3 1 1
4455790.3 1 1
4455790.3 1 1
4455790.3 1 1
4455790.3 1 1
4455790.3 1 1
4455790.3 1 1
4455790.3 1 1
4455790.3 1 1
4455790.3 1 1
4455790.3 1 1
4455790.3 1 1
4455790.3 1 1
4455790.3 1 1
4455790.3 1 1
4455790.3 1 1
4455790.3 1 1
4455790.3 1 1
4455790.3 1 1
4455790.3 1 1
4455790.3 1 1
4455790.3 1 1
4455790.3 1 1
4455790.3 1 1
4455790.3 1 1
4455790.3 1 1
4455790.3 1 1
4455790.3 1 1
4455790.3 1 1
4455791.3 186 112
4455791.3 153 82
4455791.3 80 69
4455791.3 57 62
4455791.3 33 52
4455791.3 30 45
4455791.3 30 43
4455791.3 25 38
4455791.3 23 31
4455791.3 23 30
4455791.3 22 28
4455791.3 21 20
4455791.3 14 18
4455791.3 13 18
4455791.3 13 18
4455791.3 12 18
4455791.3 12 18
4455791.3 12 17
4455791.3 12 14
4455791.3 12 14
4455791.3 11 12
4455791.3 11 12
4455791.3 11 12
4455791.3 11 12
4455791.3 11 12
4455791.3 10 12
4455791.3 10 12
4455791.3 10 11
4455791.3 9 9
4455791.3 9 9
4455791.3 9 9
4455791.3 8 9
4455791.3 7 9
4455791.3 7 7
4455791.3 6 7
4455791.3 6 7
4455791.3 6 7
4455791.3 5 7
4455791.3 5 7
4455791.3 5 7
4455791.3 5 7
4455791.3 5 7
4455791.3 5 6
4455791.3 5 5
4455791.3 4 5
4455791.3 4 5
4455791.3 4 5
4455791.3 4 5
4455791.3 4 5
4455791.3 4 5
4455791.3 4 5
4455791.3 3 5
4455791.3 3 4
4455791.3 3 4
4455791.3 3 4
4455791.3 3 4
4455791.3 3 4
4455791.3 3 4
4455791.3 3 4
4455791.3 3 2
4455791.3 2 2
4455791.3 2 2
4455791.3 2 2
4455791.3 2 2
4455791.3 2 2
4455791.3 2 2
4455791.3 2 2
4455791.3 2 2
4455791.3 2 2
4455791.3 2 2
4455791.3 2 2
4455791.3 2 2
4455791.3 2 2
4455791.3 2 2
4455791.3 2 2
4455791.3 2 2
4455791.3 2 2
4455791.3 2 2
4455791.3 2 2
4455791.3 2 2
4455791.3 2 2
4455791.3 2 2
4455791.3 2 2
4455791.3 2 2
4455791.3 2 2
4455791.3 2 2
4455791.3 2 2
4455791.3 2 2
4455791.3 2 1
4455791.3 2 1
4455791.3 2 1
4455791.3 2 1
4455791.3 2 1
4455791.3 2 1
4455791.3 1 1
4455791.3 1 1
4455791.3 1 1
4455791.3 1 1
4455791.3 1 1
4455791.3 1 1
4455791.3 1 1
4455791.3 1 1
4455791.3 1 1
4455791.3 1 1
4455791.3 1 1
4455791.3 1 1
4455791.3 1 1
4455791.3 1 1
4455791.3 1 1
4455791.3 1 1
4455791.3 1 1
4455791.3 1 1
4455791.3 1 1
4455791.3 1 1
4455791.3 1 1
4455791.3 1 1
4455791.3 1 1
4455791.3 1 1
4455791.3 1 1
4455791.3 1 1
4455791.3 1 1
4455791.3 1 1
4455791.3 1 1
4455791.3 1 1
4455791.3 1 1
4455791.3 1 1
4455791.3 1 1
4455791.3 1 1
4455791.3 1 1
4455791.3 1 1
4455791.3 1 1
4455791.3 1 1
4455791.3 1 1
4455791.3 1 1
4455791.3 1 1
4455791.3 1 1
4455791.3 1 1
4455791.3 1 1
4455791.3 1 1
4455791.3 1 1
4455791.3 1 1
4455791.3 1 1
4455791.3 1 1
4455791.3 1 1
4455791.3 1 1
4455791.3 1 1
4455791.3 1 1
4455791.3 1 1
4455791.3 1 1
4455791.3 1 1
4455791.3 1 1
4455791.3 1 1
4455791.3 1 1
4455791.3 1 1
4455791.3 1 1
4455791.3 1 1
4455791.3 1 1
4455791.3 1 1
4455791.3 1 1
4455791.3 1 1
4455791.3 1 1
4455791.3 1 1
4455791.3 1 1
4455791.3 1 1
4455791.3 1 1
4455791.3 1 1
4455791.3 1 1
4455791.3 1 1
4455791.3 1 1
4455791.3 1 1
4455791.3 1 1
4455791.3 1 1
4455791.3 1 1
4455791.3 1 1
4455791.3 1 1
4455791.3 1 1
4455791.3 1 1
4455791.3 1 1
4455791.3 1 1
4455791.3 1 1
4455791.3 1 1
4455791.3 1 1
4455791.3 1 1
4455791.3 1 1
4455791.3 1 1
4455791.3 1 1
4455791.3 1 1
4455791.3 1 1
4455791.3 1 1
4455791.3 1 1
4455800.3 243 100
4455800.3 222 99
4455800.3 130 81
4455800.3 80 70
4455800.3 67 70
4455800.3 56 65
4455800.3 53 52
4455800.3 42 47
4455800.3 30 37
4455800.3 28 37
4455800.3 19 31
4455800.3 19 30
4455800.3 19 30
4455800.3 19 30
4455800.3 16 29
4455800.3 15 27
4455800.3 13 25
4455800.3 13 24
4455800.3 12 23
4455800.3 12 21
4455800.3 11 21
4455800.3 11 20
4455800.3 11 19
4455800.3 11 18
4455800.3 10 18
4455800.3 10 17
4455800.3 10 17
4455800.3 9 16
4455800.3 9 16
4455800.3 8 16
4455800.3 8 16
4455800.3 7 15
4455800.3 7 13
4455800.3 7 13
4455800.3 7 12
4455800.3 7 12
4455800.3 6 12
4455800.3 6 12
4455800.3 6 12
4455800.3 6 12
4455800.3 6 12
4455800.3 6 11
4455800.3 5 9
4455800.3 5 8
4455800.3 5 8
4455800.3 5 8
4455800.3 5 8
4455800.3 4 8
4455800.3 4 8
4455800.3 4 8
4455800.3 4 7
4455800.3 4 6
4455800.3 4 5
4455800.3 4 5
4455800.3 4 5
4455800.3 4 5
4455800.3 4 5
4455800.3 3 5
4455800.3 3 5
4455800.3 3 5
4455800.3 3 5
4455800.3 3 5
4455800.3 3 5
4455800.3 3 5
4455800.3 3 5
4455800.3 3 4
4455800.3 3 3
4455800.3 3 3
4455800.3 3 3
4455800.3 3 3
4455800.3 3 3
4455800.3 3 3
4455800.3 3 3
4455800.3 3 3
4455800.3 2 3
4455800.3 2 3
4455800.3 2 3
4455800.3 2 3
4455800.3 2 2
4455800.3 2 2
4455800.3 2 2
4455800.3 2 2
4455800.3 2 2
4455800.3 2 1
4455800.3 2 1
4455800.3 2 1
4455800.3 2 1
4455800.3 2 1
4455800.3 2 1
4455800.3 2 1
4455800.3 2 1
4455800.3 2 1
4455800.3 2 1
4455800.3 2 1
4455800.3 2 1
4455800.3 2 1
4455800.3 2 1
4455800.3 2 1
4455800.3 2 1
4455800.3 2 1
4455800.3 2 1
4455800.3 2 1
4455800.3 2 1
4455800.3 2 1
4455800.3 2 1
4455800.3 2 1
4455800.3 2 1
4455800.3 2 1
4455800.3 2 1
4455800.3 2 1
4455800.3 2 1
4455800.3 2 1
4455800.3 2 1
4455800.3 1 1
4455800.3 1 1
4455800.3 1 1
4455800.3 1 1
4455800.3 1 1
4455800.3 1 1
4455800.3 1 1
4455800.3 1 1
4455800.3 1 1
4455800.3 1 1
4455800.3 1 1
4455800.3 1 1
4455800.3 1 1
4455800.3 1 1
4455800.3 1 1
4455800.3 1 1
4455800.3 1 1
4455800.3 1 1
4455800.3 1 1
4455800.3 1 1
4455800.3 1 1
4455800.3 1 1
4455800.3 1 1
4455800.3 1 1
4455800.3 1 1
4455800.3 1 1
4455800.3 1 1
4455800.3 1 1
4455800.3 1 1
4455800.3 1 1
4455800.3 1 1
4455800.3 1 1
4455800.3 1 1
4455800.3 1 1
4455800.3 1 1
4455800.3 1 1
4455800.3 1 1
4455800.3 1 1
4455800.3 1 1
4455800.3 1 1
4455800.3 1 1
4455800.3 1 1
4455800.3 1 1
4455800.3 1 1
4455800.3 1 1
4455800.3 1 1
4455800.3 1 1
4455800.3 1 1
4455800.3 1 1
4455800.3 1 1
4455800.3 1 1
4455800.3 1 1
4455800.3 1 1
4455800.3 1 1
4455800.3 1 1
4455800.3 1 1
4455800.3 1 1
4455800.3 1 1
4455800.3 1 1
4455800.3 1 1
4455800.3 1 1
4455800.3 1 1
4455800.3 1 1
4455800.3 1 1
4455800.3 1 1
4455800.3 1 1
4455800.3 1 1
4455800.3 1 1
4455800.3 1 1
4455800.3 1 1
4455800.3 1 1
4455800.3 1 1
4455800.3 1 1
4455800.3 1 1
4455800.3 1 1
4455800.3 1 1
4455800.3 1 1
4455800.3 1 1
4455800.3 1 1
4455800.3 1 1
4455800.3 1 1
4455800.3 1 1
4455800.3 1 1
4455800.3 1 1
4455800.3 1 1
4455800.3 1 1
4455800.3 1 1
4455800.3 1 1
4455800.3 1 1
4455800.3 1 1
4455800.3 1 1
4455800.3 1 1
4455800.3 1 1
4455800.3 1 1
4455800.3 1 1
4455800.3 1 1
4455800.3 1 1
4455800.3 1 1
4455804.3 224 76
4455804.3 178 72
4455804.3 90 65
4455804.3 70 56
4455804.3 22 50
4455804.3 20 41
4455804.3 19 41
4455804.3 14 40
4455804.3 13 31
4455804.3 13 26
4455804.3 12 25
4455804.3 12 22
4455804.3 11 22
4455804.3 11 22
4455804.3 11 22
4455804.3 11 18
4455804.3 10 18
4455804.3 9 17
4455804.3 8 17
4455804.3 8 14
4455804.3 8 13
4455804.3 7 12
4455804.3 7 12
4455804.3 7 12
4455804.3 6 11
4455804.3 6 11
4455804.3 6 11
4455804.3 6 11
4455804.3 6 11
4455804.3 6 11
4455804.3 6 11
4455804.3 5 10
4455804.3 5 10
4455804.3 5 9
4455804.3 5 8
4455804.3 4 6
4455804.3 4 6
4455804.3 4 6
4455804.3 4 5
4455804.3 4 5
4455804.3 4 5
4455804.3 4 5
4455804.3 4 5
4455804.3 4 5
4455804.3 4 5
4455804.3 4 5
4455804.3 3 5
4455804.3 3 5
4455804.3 3 4
4455804.3 3 4
4455804.3 3 4
4455804.3 3 4
4455804.3 3 4
4455804.3 3 4
4455804.3 3 4
4455804.3 3 3
4455804.3 3 3
4455804.3 3 3
4455804.3 3 3
4455804.3 3 3
4455804.3 3 3
4455804.3 3 3
4455804.3 3 3
4455804.3 3 3
4455804.3 3 3
4455804.3 3 3
4455804.3 3 3
4455804.3 3 3
4455804.3 3 2
4455804.3 3 2
4455804.3 3 2
4455804.3 3 2
4455804.3 2 2
4455804.3 2 1
4455804.3 2 1
4455804.3 2 1
4455804.3 2 1
4455804.3 2 1
4455804.3 2 1
4455804.3 2 1
4455804.3 2 1
4455804.3 2 1
4455804.3 2 1
4455804.3 2 1
4455804.3 2 1
4455804.3 2 1
4455804.3 2 1
4455804.3 2 1
4455804.3 2 1
4455804.3 2 1
4455804.3 2 1
4455804.3 2 1
4455804.3 2 1
4455804.3 2 1
4455804.3 2 1
4455804.3 1 1
4455804.3 1 1
4455804.3 1 1
4455804.3 1 1
4455804.3 1 1
4455804.3 1 1
4455804.3 1 1
4455804.3 1 1
4455804.3 1 1
4455804.3 1 1
4455804.3 1 1
4455804.3 1 1
4455804.3 1 1
4455804.3 1 1
4455804.3 1 1
4455804.3 1 1
4455804.3 1 1
4455804.3 1 1
4455804.3 1 1
4455804.3 1 1
4455804.3 1 1
4455804.3 1 1
4455804.3 1 1
4455804.3 1 1
4455804.3 1 1
4455804.3 1 1
4455804.3 1 1
4455804.3 1 1
4455804.3 1 1
4455804.3 1 1
4455804.3 1 1
4455804.3 1 1
4455804.3 1 1
4455804.3 1 1
4455804.3 1 1
4455804.3 1 1
4455804.3 1 1
4455804.3 1 1
4455804.3 1 1
4455804.3 1 1
4455804.3 1 1
4455804.3 1 1
4455804.3 1 1
4455804.3 1 1
4455804.3 1 1
4455804.3 1 1
4455804.3 1 1
4455804.3 1 1
4455804.3 1 1
4455804.3 1 1
4455804.3 1 1
4455804.3 1 1
4455804.3 1 1
4455804.3 1 1
4455804.3 1 1
4455804.3 1 1
4455804.3 1 1
4455804.3 1 1
4455804.3 1 1
4455804.3 1 1
4455804.3 1 1
4455804.3 1 1
4455804.3 1 1
4455804.3 1 1
4455804.3 1 1
4455804.3 1 1
4455804.3 1 1
4455804.3 1 1
4455804.3 1 1
4455804.3 1 1
4455804.3 1 1
4455804.3 1 1
4455804.3 1 1
4455804.3 1 1
4455804.3 1 1
4455804.3 1 1
4455804.3 1 1
4455804.3 1 1
4455804.3 1 1
4455804.3 1 1
4455804.3 1 1
4455804.3 1 1
4455804.3 1 1
4455804.3 1 1
4455804.3 1 1
4455804.3 1 1
4455804.3 1 1
4455804.3 1 1
4455804.3 1 1
4455804.3 1 1
4455804.3 1 1
4455813.3 236 105
4455813.3 194 71
4455813.3 118 67
4455813.3 114 58
4455813.3 83 54
4455813.3 42 51
4455813.3 35 50
4455813.3 34 41
4455813.3 20 36
4455813.3 18 36
4455813.3 18 33
4455813.3 17 31
4455813.3 16 28
4455813.3 15 28
4455813.3 14 26
4455813.3 14 22
4455813.3 11 21
4455813.3 10 19
4455813.3 10 19
4455813.3 9 17
4455813.3 9 17
4455813.3 8 17
4455813.3 8 17
4455813.3 7 17
4455813.3 7 16
4455813.3 7 15
4455813.3 7 15
4455813.3 7 12
4455813.3 6 12
4455813.3 6 12
4455813.3 6 12
4455813.3 6 12
4455813.3 6 11
4455813.3 5 11
4455813.3 5 11
4455813.3 4 11
4455813.3 4 11
4455813.3 4 11
4455813.3 4 10
4455813.3 4 8
4455813.3 4 8
4455813.3 4 8
4455813.3 4 8
4455813.3 4 8
4455813.3 4 7
4455813.3 3 7
4455813.3 3 7
4455813.3 3 6
4455813.3 3 6
4455813.3 3 6
4455813.3 3 5
4455813.3 3 5
4455813.3 3 5
4455813.3 3 5
4455813.3 3 4
4455813.3 3 4
4455813.3 3 4
4455813.3 3 4
4455813.3 3 4
4455813.3 3 4
4455813.3 3 4
4455813.3 3 4
4455813.3 2 3
4455813.3 2 3
4455813.3 2 3
4455813.3 2 3
4455813.3 2 3
4455813.3 2 3
4455813.3 2 3
4455813.3 2 3
4455813.3 2 3
4455813.3 2 3
4455813.3 2 2
4455813.3 2 2
4455813.3 2 2
4455813.3 2 2
4455813.3 2 2
4455813.3 2 2
4455813.3 2 2
4455813.3 2 2
4455813.3 2 2
4455813.3 2 2
4455813.3 2 2
4455813.3 2 2
4455813.3 2 2
4455813.3 2 2
4455813.3 2 2
4455813.3 2 2
4455813.3 1 2
4455813.3 1 2
4455813.3 1 2
4455813.3 1 2
4455813.3 1 2
4455813.3 1 2
4455813.3 1 2
4455813.3 1 2
4455813.3 1 2
4455813.3 1 2
4455813.3 1 2
4455813.3 1 2
4455813.3 1 2
4455813.3 1 2
4455813.3 1 2
4455813.3 1 1
4455813.3 1 1
4455813.3 1 1
4455813.3 1 1
4455813.3 1 1
4455813.3 1 1
4455813.3 1 1
4455813.3 1 1
4455813.3 1 1
4455813.3 1 1
4455813.3 1 1
4455813.3 1 1
4455813.3 1 1
4455813.3 1 1
4455813.3 1 1
4455813.3 1 1
4455813.3 1 1
4455813.3 1 1
4455813.3 1 1
4455813.3 1 1
4455813.3 1 1
4455813.3 1 1
4455813.3 1 1
4455813.3 1 1
4455813.3 1 1
4455813.3 1 1
4455813.3 1 1
4455813.3 1 1
4455813.3 1 1
4455813.3 1 1
4455813.3 1 1
4455813.3 1 1
4455813.3 1 1
4455813.3 1 1
4455813.3 1 1
4455813.3 1 1
4455813.3 1 1
4455813.3 1 1
4455813.3 1 1
4455813.3 1 1
4455813.3 1 1
4455813.3 1 1
4455813.3 1 1
4455813.3 1 1
4455813.3 1 1
4455813.3 1 1
4455813.3 1 1
4455813.3 1 1
4455813.3 1 1
4455813.3 1 1
4455813.3 1 1
4455813.3 1 1
4455813.3 1 1
4455813.3 1 1
4455813.3 1 1
4455813.3 1 1
4455813.3 1 1
4455813.3 1 1
4455813.3 1 1
4455813.3 1 1
4455813.3 1 1
4455813.3 1 1
4455813.3 1 1
4455813.3 1 1
4455813.3 1 1
4455813.3 1 1
4455813.3 1 1
4455813.3 1 1
4455813.3 1 1
4455813.3 1 1
4455813.3 1 1
4455813.3 1 1
4455813.3 1 1
4455813.3 1 1
4455813.3 1 1
4455813.3 1 1
4455813.3 1 1
4455813.3 1 1
4455813.3 1 1
4455813.3 1 1
4455814.3 151 94
4455814.3 127 50
4455814.3 82 47
4455814.3 69 32
4455814.3 30 32
4455814.3 22 32
4455814.3 15 25
4455814.3 13 21
4455814.3 12 21
4455814.3 11 21
4455814.3 10 20
4455814.3 9 16
4455814.3 7 16
4455814.3 7 16
4455814.3 6 16
4455814.3 6 14
4455814.3 6 12
4455814.3 5 11
4455814.3 5 10
4455814.3 5 10
4455814.3 4 10
4455814.3 4 9
4455814.3 4 8
4455814.3 4 8
4455814.3 4 8
4455814.3 4 8
4455814.3 3 8
4455814.3 3 5
4455814.3 3 5
4455814.3 3 5
4455814.3 3 5
4455814.3 3 5
4455814.3 2 5
4455814.3 2 5
4455814.3 2 5
4455814.3 2 5
4455814.3 2 5
4455814.3 2 4
4455814.3 2 4
4455814.3 2 4
4455814.3 2 4
4455814.3 2 4
4455814.3 2 4
4455814.3 2 3
4455814.3 2 3
4455814.3 2 3
4455814.3 2 3
4455814.3 2 3
4455814.3 2 3
4455814.3 2 3
4455814.3 2 3
4455814.3 1 2
4455814.3 1 2
4455814.3 1 2
4455814.3 1 2
4455814.3 1 2
4455814.3 1 1
4455814.3 1 1
4455814.3 1 1
4455814.3 1 1
4455814.3 1 1
4455814.3 1 1
4455814.3 1 1
4455814.3 1 1
4455814.3 1 1
4455814.3 1 1
4455814.3 1 1
4455814.3 1 1
4455814.3 1 1
4455814.3 1 1
4455814.3 1 1
4455814.3 1 1
4455814.3 1 1
4455814.3 1 1
4455814.3 1 1
4455814.3 1 1
4455814.3 1 1
4455814.3 1 1
4455814.3 1 1
4455814.3 1 1
4455814.3 1 1
4455814.3 1 1
4455814.3 1 1
4455814.3 1 1
4455814.3 1 1
4455814.3 1 1
4455814.3 1 1
4455814.3 1 1
4455814.3 1 1
4455814.3 1 1
4455814.3 1 1
4455814.3 1 1
4455814.3 1 1
4455814.3 1 1
4455814.3 1 1
4455814.3 1 1
4455814.3 1 1
4455814.3 1 1
4455814.3 1 1
4455814.3 1 1
4455814.3 1 1
4455815.3 440 108
4455815.3 167 104
4455815.3 82 87
4455815.3 66 85
4455815.3 64 62
4455815.3 45 57
4455815.3 45 56
4455815.3 43 48
4455815.3 41 48
4455815.3 32 38
4455815.3 31 37
4455815.3 28 34
4455815.3 20 33
4455815.3 20 33
4455815.3 17 28
4455815.3 17 27
4455815.3 16 26
4455815.3 15 26
4455815.3 13 24
4455815.3 12 22
4455815.3 12 19
4455815.3 12 19
4455815.3 11 19
4455815.3 11 18
4455815.3 10 18
4455815.3 10 18
4455815.3 10 18
4455815.3 9 17
4455815.3 8 16
4455815.3 8 16
4455815.3 8 15
4455815.3 8 15
4455815.3 8 15
4455815.3 7 15
4455815.3 7 12
4455815.3 7 12
4455815.3 7 12
4455815.3 6 12
4455815.3 6 12
4455815.3 6 12
4455815.3 6 12
4455815.3 6 11
4455815.3 6 11
4455815.3 6 11
4455815.3 5 8
4455815.3 5 8
4455815.3 5 8
4455815.3 5 8
4455815.3 5 8
4455815.3 5 7
4455815.3 5 7
4455815.3 4 7
4455815.3 4 7
4455815.3 4 7
4455815.3 4 7
4455815.3 4 7
4455815.3 3 6
4455815.3 3 6
4455815.3 3 5
4455815.3 3 5
4455815.3 3 5
4455815.3 3 5
4455815.3 3 5
4455815.3 3 5
4455815.3 3 5
4455815.3 3 5
4455815.3 3 4
4455815.3 3 4
4455815.3 3 4
4455815.3 3 4
4455815.3 3 4
4455815.3 3 4
4455815.3 3 4
4455815.3 3 4
4455815.3 3 4
4455815.3 3 4
4455815.3 2 4
4455815.3 2 4
4455815.3 2 4
4455815.3 2 4
4455815.3 2 4
4455815.3 2 3
4455815.3 2 3
4455815.3 2 3
4455815.3 2 3
4455815.3 2 3
4455815.3 2 3
4455815.3 2 3
4455815.3 2 3
4455815.3 2 2
4455815.3 2 2
4455815.3 2 2
4455815.3 2 2
4455815.3 2 2
4455815.3 2 2
4455815.3 2 2
4455815.3 2 2
4455815.3 2 2
4455815.3 2 2
4455815.3 2 2
4455815.3 2 2
4455815.3 2 2
4455815.3 2 2
4455815.3 2 2
4455815.3 2 1
4455815.3 2 1
4455815.3 2 1
4455815.3 2 1
4455815.3 2 1
4455815.3 2 1
4455815.3 2 1
4455815.3 2 1
4455815.3 2 1
4455815.3 2 1
4455815.3 2 1
4455815.3 2 1
4455815.3 2 1
4455815.3 1 1
4455815.3 1 1
4455815.3 1 1
4455815.3 1 1
4455815.3 1 1
4455815.3 1 1
4455815.3 1 1
4455815.3 1 1
4455815.3 1 1
4455815.3 1 1
4455815.3 1 1
4455815.3 1 1
4455815.3 1 1
4455815.3 1 1
4455815.3 1 1
4455815.3 1 1
4455815.3 1 1
4455815.3 1 1
4455815.3 1 1
4455815.3 1 1
4455815.3 1 1
4455815.3 1 1
4455815.3 1 1
4455815.3 1 1
4455815.3 1 1
4455815.3 1 1
4455815.3 1 1
4455815.3 1 1
4455815.3 1 1
4455815.3 1 1
4455815.3 1 1
4455815.3 1 1
4455815.3 1 1
4455815.3 1 1
4455815.3 1 1
4455815.3 1 1
4455815.3 1 1
4455815.3 1 1
4455815.3 1 1
4455815.3 1 1
4455815.3 1 1
4455815.3 1 1
4455815.3 1 1
4455815.3 1 1
4455815.3 1 1
4455815.3 1 1
4455815.3 1 1
4455815.3 1 1
4455815.3 1 1
4455815.3 1 1
4455815.3 1 1
4455815.3 1 1
4455815.3 1 1
4455815.3 1 1
4455815.3 1 1
4455815.3 1 1
4455815.3 1 1
4455815.3 1 1
4455815.3 1 1
4455815.3 1 1
4455815.3 1 1
4455815.3 1 1
4455815.3 1 1
4455815.3 1 1
4455815.3 1 1
4455815.3 1 1
4455815.3 1 1
4455815.3 1 1
4455815.3 1 1
4455815.3 1 1
4455815.3 1 1
4455815.3 1 1
4455815.3 1 1
4455815.3 1 1
4455815.3 1 1
4455815.3 1 1
4455815.3 1 1
4455815.3 1 1
4455815.3 1 1
4455815.3 1 1
4455815.3 1 1
4455815.3 1 1
4455815.3 1 1
4455815.3 1 1
4455817.3 366 154
4455817.3 223 120
4455817.3 214 86
4455817.3 206 72
4455817.3 139 62
4455817.3 36 58
4455817.3 35 55
4455817.3 24 53
4455817.3 24 51
4455817.3 19 43
4455817.3 18 43
4455817.3 17 41
4455817.3 16 41
4455817.3 13 39
4455817.3 12 35
4455817.3 11 32
4455817.3 10 27
4455817.3 10 25
4455817.3 10 25
4455817.3 10 25
4455817.3 10 24
4455817.3 9 24
4455817.3 8 23
4455817.3 8 20
4455817.3 8 20
4455817.3 7 19
4455817.3 7 19
4455817.3 7 19
4455817.3 7 19
4455817.3 7 14
4455817.3 7 14
4455817.3 7 13
4455817.3 7 13
4455817.3 7 12
4455817.3 7 12
4455817.3 6 12
4455817.3 6 11
4455817.3 6 11
4455817.3 6 11
4455817.3 6 11
4455817.3 5 11
4455817.3 5 11
4455817.3 5 10
4455817.3 5 9
4455817.3 5 9
4455817.3 4 9
4455817.3 4 9
4455817.3 4 9
4455817.3 4 8
4455817.3 4 8
4455817.3 4 8
4455817.3 4 8
4455817.3 4 8
4455817.3 4 8
4455817.3 4 8
4455817.3 4 7
4455817.3 4 6
4455817.3 4 6
4455817.3 4 6
4455817.3 4 6
4455817.3 4 6
4455817.3 4 6
4455817.3 3 6
4455817.3 3 6
4455817.3 3 6
4455817.3 3 6
4455817.3 3 5
4455817.3 3 5
4455817.3 3 5
4455817.3 3 5
4455817.3 3 5
4455817.3 3 5
4455817.3 3 5
4455817.3 3 5
4455817.3 3 4
4455817.3 3 4
4455817.3 3 4
4455817.3 3 4
4455817.3 2 4
4455817.3 2 4
4455817.3 2 4
4455817.3 2 4
4455817.3 2 3
4455817.3 2 3
4455817.3 2 3
4455817.3 2 3
4455817.3 2 3
4455817.3 2 3
4455817.3 2 3
4455817.3 2 3
4455817.3 2 3
4455817.3 2 3
4455817.3 2 2
4455817.3 2 2
4455817.3 2 2
4455817.3 2 2
4455817.3 2 2
4455817.3 2 2
4455817.3 2 2
4455817.3 2 2
4455817.3 2 2
4455817.3 2 2
4455817.3 2 2
4455817.3 2 2
4455817.3 2 2
4455817.3 2 2
4455817.3 2 2
4455817.3 2 2
4455817.3 2 2
4455817.3 1 2
4455817.3 1 2
4455817.3 1 2
4455817.3 1 2
4455817.3 1 2
4455817.3 1 2
4455817.3 1 2
4455817.3 1 2
4455817.3 1 2
4455817.3 1 2
4455817.3 1 2
4455817.3 1 2
4455817.3 1 2
4455817.3 1 2
4455817.3 1 2
4455817.3 1 1
4455817.3 1 1
4455817.3 1 1
4455817.3 1 1
4455817.3 1 1
4455817.3 1 1
4455817.3 1 1
4455817.3 1 1
4455817.3 1 1
4455817.3 1 1
4455817.3 1 1
4455817.3 1 1
4455817.3 1 1
4455817.3 1 1
4455817.3 1 1
4455817.3 1 1
4455817.3 1 1
4455817.3 1 1
4455817.3 1 1
4455817.3 1 1
4455817.3 1 1
4455817.3 1 1
4455817.3 1 1
4455817.3 1 1
4455817.3 1 1
4455817.3 1 1
4455817.3 1 1
4455817.3 1 1
4455817.3 1 1
4455817.3 1 1
4455817.3 1 1
4455817.3 1 1
4455817.3 1 1
4455817.3 1 1
4455817.3 1 1
4455817.3 1 1
4455817.3 1 1
4455817.3 1 1
4455817.3 1 1
4455817.3 1 1
4455817.3 1 1
4455817.3 1 1
4455817.3 1 1
4455817.3 1 1
4455817.3 1 1
4455817.3 1 1
4455817.3 1 1
4455817.3 1 1
4455817.3 1 1
4455817.3 1 1
4455817.3 1 1
4455817.3 1 1
4455817.3 1 1
4455817.3 1 1
4455817.3 1 1
4455817.3 1 1
4455817.3 1 1
4455817.3 1 1
4455817.3 1 1
4455817.3 1 1
4455817.3 1 1
4455817.3 1 1
4455817.3 1 1
4455817.3 1 1
4455817.3 1 1
4455817.3 1 1
4455817.3 1 1
4455817.3 1 1
4455817.3 1 1
4455817.3 1 1
4455817.3 1 1
4455817.3 1 1
4455819.3 39 19
4455819.3 12 13
4455819.3 6 9
4455819.3 4 7
4455819.3 3 5
4455819.3 3 4
4455819.3 2 4
4455819.3 2 4
4455819.3 2 3
4455819.3 1 3
4455819.3 1 2
4455819.3 1 2
4455819.3 1 2
4455819.3 1 1
4455819.3 1 1
4455819.3 1 1
4455819.3 1 1
4455819.3 1 1
4455819.3 1 1
4455819.3 1 1
4455819.3 1 1
4455819.3 1 1
4455819.3 1 1
4455819.3 1 1
