LAUB micro 1624.0 104 1755.94772218 0.411779396488 0.123 0.182548940221 0.366521409625 -0.0326084792155 0.705060947034 0.246913454972 0.185344827586 0.92180788784 301.0 30.0492610837 4.64188998767 1.75992836427 104.0 104.0 104 72 13.9327622088 2.58071666832 0.164257576305 925.681486103
LAUB micro 1144.0 138 420.951867132 0.580543420932 0.1412 0.22825839849 0.520573629269 -0.0193367991142 0.807588462613 0.383020989937 0.185314685315 0.948687894274 212.0 24.4755244755 7.6948807463 1.69203304147 138.0 138.0 138 94 19.4539098036 4.08005553232 0.164230863415 927.173946585
LAUB micro 1646.0 87 3143.95856723 0.385217645442 0.1033 0.170608043513 0.351831678329 -0.0418587920289 0.659029451029 0.209021038936 0.213244228433 0.888709179734 351.0 39.4289185905 4.66865749509 1.6407305144 87.0 87.0 87 55 11.6120442253 2.14439278425 0.188982736552 270.86427132
LAUB micro 761.0 130 69.1955277281 0.643985716291 0.3329 0.246361451363 0.605630243607 -0.0188752874088 0.892515115712 0.589471282937 0.0932982917214 0.976894293248 71.0 14.9802890933 4.80962898647 1.26811812486 130.0 130.0 130 74 19.4434255884 4.71249631836 0.0826834582223 914939570.061
LAUB micro 1093.0 94 684.064172958 0.468705902801 0.1665 0.185130109255 0.496389013257 -0.0355455816262 0.782855816511 0.366117399208 0.170173833486 0.936109267241 186.0 31.0155535224 5.15264168314 1.1749224806 94.0 94.0 94 60 13.292015673 2.84326783889 0.150812633231 2310.16376566
LAUB micro 1429.0 209 290.002254325 0.637103576207 0.1394 0.248731430367 0.561007295897 -0.0116166799987 0.839440984792 0.421342362183 0.137858642407 0.965676007485 197.0 22.8131560532 8.70562623692 1.71523618711 209.0 209.0 209 132 28.6314831942 5.52879098367 0.122174040808 45326.9061083
LAUB micro 46.0 10 9.15555555556 0.800334232958 0.7197 0.309726257116 0.75652173913 -0.18906367561 0.92455970873 0.822825067415 0.217391304348 0.861058601134 10.0 43.4782608696 1.08872988981 0.53294675281 10.0 10.0 10 7 2.35070330908 1.47441956155 0.192657957585 233.987404183
LAUB micro 1276.0 175 164.897339901 0.61275725196 0.2449 0.229713097724 0.589758172862 -0.0151430539445 0.873456123621 0.517426774769 0.0932601880878 0.97666345653 119.0 15.8307210031 5.83068523677 1.25038736782 175.0 175.0 175 120 24.3306094766 4.89905947086 0.0826496897562 928551749.652
LAUB micro 962.0 176 249.438831169 0.723067908563 0.1075 0.298034485152 0.602816102816 -0.0112368270451 0.83261240268 0.417542226534 0.2079002079 0.947149692472 200.0 27.2349272349 11.0038683746 2.25447622138 176.0 176.0 176 101 25.4767261384 5.67446774593 0.184246742967 330.999541737
LAUB micro 1228.0 119 602.642928358 0.506166520964 0.1512 0.20121919519 0.481845181069 -0.0256953425515 0.784182018768 0.351046701771 0.167752442997 0.944439728803 206.0 25.9771986971 5.64614593713 1.4892673791 119.0 119.0 119 76 16.5890120283 3.39584436594 0.148666731788 2732.46670769
LAUB micro 1166.0 188 370.03379224 0.669096080657 0.0946 0.276809849876 0.547562132769 -0.0114523800801 0.806349082335 0.359342098588 0.210120068611 0.943784588498 245.0 28.3018867925 10.6981861473 2.23398624891 188.0 188.0 188 104 26.482246879 5.50564967898 0.186214036154 304.030955625
LAUB micro 898.0 125 213.909419355 0.592542980711 0.1956 0.234653795816 0.534369710468 -0.0207122022378 0.832073610814 0.440021923282 0.12583518931 0.959107345698 113.0 24.0534521158 5.5853047689 1.64950395272 125.0 125.0 125 74 18.2348380635 4.17130402666 0.111518532936 248735.084773
LAUB micro 1392.0 188 307.589714416 0.630205882603 0.152 0.249820358024 0.549232697481 -0.0128518177025 0.826560624932 0.400056123679 0.112068965517 0.964995995178 156.0 19.4683908046 6.24823719628 1.92456383521 188.0 188.0 188 127 25.8340929215 5.03892891374 0.099318534749 3465987.39981
LAUB micro 1171.0 155 232.300544617 0.57811898778 0.1983 0.228754456859 0.531720889232 -0.0171752493126 0.834529354144 0.430399785442 0.102476515798 0.967459403562 120.0 18.4457728437 5.0082702844 1.62446822663 155.0 155.0 155 93 21.7957015301 4.52953114945 0.0908174475272 41215255.7498
LAUB micro 1276.0 86 1309.50259918 0.399828064818 0.1454 0.177161032746 0.38000291609 -0.0407001026175 0.710595329467 0.266992843958 0.155172413793 0.920008647714 198.0 27.5862068966 3.64218103297 1.61355349091 86.0 86.0 86 49 11.8856425604 2.40753779711 0.137517971191 7389.40834913
LAUB micro 894.0 94 313.306337223 0.510107929741 0.2259 0.197084004678 0.508639154648 -0.0332589008766 0.828147105411 0.452221919155 0.15548098434 0.952905024298 139.0 25.1677852349 5.19286227087 1.14342726231 94.0 94.0 94 64 13.6851127869 3.14383029183 0.137791434718 7191.32707544
LAUB micro 668.0 132 191.248207263 0.713622437787 0.1189 0.306754580261 0.584422064961 -0.0144862150016 0.826492498728 0.424250448452 0.233532934132 0.936278640324 156.0 27.6946107784 10.0301484694 2.31894734566 132.0 132.0 132 60 20.1405590443 5.10723333473 0.206962723962 141.424577957
LAUB micro 67.0 10 19.3444444444 0.731160130006 0.7205 0.266077645425 0.764179104478 -0.225164115691 0.918177768397 0.809201257832 0.223880597015 0.861216306527 15.0 41.7910447761 0.748805125475 -0.181731397418 10.0 10.0 10 8 2.14046562131 1.22169444356 0.198408858632 188.854578368
LAUB micro 1281.0 154 887.786987522 0.606172140773 0.0727 0.238765365862 0.508445106806 -0.0164941110748 0.761276799016 0.295888809957 0.281030444965 0.910730968012 360.0 33.2552693208 10.868800058 1.87381265031 154.0 154.0 154 99 21.3824634646 4.30275042295 0.24903613052 49.364889927
LAUB micro 958.0 156 167.592886683 0.702398116953 0.1847 0.274573528018 0.629530003747 -0.0139294565648 0.866559342391 0.506576201533 0.151356993737 0.965285193143 145.0 20.5636743215 8.57994207045 1.75187573995 156.0 156.0 156 110 22.5787963569 5.04013122406 0.134136643205 10477.1262742
LAUB micro 1505.0 89 2729.78728294 0.389395283199 0.0958 0.179024777979 0.341475978947 -0.0388967158445 0.647995526612 0.196947904695 0.236544850498 0.882707254887 356.0 40.5315614618 4.97255117923 1.81476261368 89.0 89.0 89 50 12.0275296313 2.29414971691 0.209631802645 130.060555921
LAUB micro 1127.0 162 297.196879074 0.636950931241 0.1408 0.250182158428 0.560556267596 -0.0148905004158 0.824824051288 0.406489561821 0.150842945874 0.956154847264 170.0 26.0869565217 7.49339289978 1.80705655916 162.0 162.0 162 100 22.9106011519 4.82561929675 0.133681080148 11003.0585969
LAUB micro 1012.0 143 168.663055255 0.602170391354 0.2302 0.230647212558 0.566585588325 -0.0184497084785 0.858717470631 0.492458751136 0.108695652174 0.969621459482 110.0 19.8616600791 5.71032281923 1.38074486945 143.0 143.0 143 87 20.521168753 4.49516648625 0.0963290136362 7698954.20258
LAUB micro 1211.0 147 277.538812785 0.575315502805 0.1976 0.223422617763 0.53171326334 -0.0185812338305 0.834953863838 0.434982644503 0.109000825764 0.965566807431 132.0 19.9009083402 5.22570561409 1.52353025013 147.0 147.0 147 101 20.5656924925 4.22420769326 0.0965994666885 7141346.5828
LAUB micro 876.0 150 147.007785235 0.668075715481 0.1893 0.274221910773 0.572511415525 -0.0145077289403 0.84686947844 0.460678143909 0.110730593607 0.964789099477 97.0 21.9178082192 6.04822154755 2.06141673104 150.0 150.0 150 85 21.9914316068 5.068030338 0.0981324335262 4716865.19877
LAUB micro 1404.0 169 493.619047619 0.597324924069 0.1233 0.228631371784 0.551391628315 -0.0157617042861 0.810922193483 0.375406172526 0.155270655271 0.952013376515 218.0 28.2051282051 7.82205553682 1.52853458031 169.0 169.0 169 110 23.181748573 4.51027633218 0.137605035433 7325.63654375
LAUB micro 1271.0 88 1340.70937827 0.431589796376 0.136 0.182809316909 0.403780130177 -0.0384792739942 0.720550912079 0.277959717007 0.185680566483 0.916432107394 236.0 33.8316286389 4.48049770659 1.60577964513 88.0 88.0 88 62 12.1719872056 2.46836793919 0.164555117128 909.264232763
LAUB micro 1082.0 143 313.712104797 0.594315316236 0.1552 0.240737602202 0.51308765172 -0.0176027055938 0.806836911982 0.379072439499 0.135859519409 0.954956078461 147.0 23.5674676525 5.66019501707 1.93269557154 143.0 143.0 143 85 20.3247189911 4.34732798722 0.120402364179 58385.4876914
LAUB micro 948.0 166 112.740124133 0.662568022432 0.2254 0.262158529285 0.593589548066 -0.0137923730187 0.872025037976 0.516944459894 0.112869198312 0.973277074543 107.0 18.0379746835 6.74394362722 1.64972818025 166.0 166.0 166 91 24.0722886372 5.39142936043 0.100027722599 2897449.02599
LAUB micro 1606.0 117 1977.75213675 0.445196630592 0.0877 0.18439132377 0.413497461443 -0.0286791105832 0.714593384727 0.250471276046 0.27397260274 0.902504462562 440.0 37.795765878 8.03839995919 1.50459898797 117.0 117.0 117 76 15.71495905 2.91953100176 0.242788779934 56.0137776118
LAUB micro 1322.0 179 177.642709183 0.602528508367 0.2359 0.230422630719 0.564959981068 -0.0147548560507 0.865360336656 0.494542827111 0.0990922844175 0.976320662088 131.0 14.7503782148 5.77674231469 1.41752388246 179.0 179.0 179 122 24.7672814047 4.92308465102 0.0878182505555 117225626.484
LAUB micro 1226.0 123 574.654671465 0.503674498239 0.1484 0.210732074673 0.439243226037 -0.023657217648 0.767419023667 0.321013347474 0.128058727569 0.945226987857 157.0 25.1223491028 4.65186083609 1.81851319876 123.0 123.0 123 74 17.1552825899 3.51285218956 0.113489092411 175280.04219
LAUB micro 1152.0 188 177.951530322 0.66258572608 0.175 0.262729640922 0.582871601655 -0.0121486474985 0.857632382848 0.471686927902 0.135416666667 0.969605999228 156.0 19.0972222222 8.44305558638 1.80242676775 188.0 188.0 188 116 26.5276265664 5.53900311929 0.120009896155 61843.8896481
LAUB micro 904.0 151 52.6131567329 0.66238125025 0.4068 0.248859419588 0.623278438727 -0.0160695408272 0.910458533703 0.635690978507 0.0486725663717 0.983720338319 44.0 9.51327433628 3.2189146728 1.16891720314 151.0 151.0 151 103 22.0366916898 5.02218529454 -0.0431349388495 -4.46476407282e+29
LAUB micro 1877.0 172 1055.88123895 0.525634506179 0.1019 0.211765108245 0.453726877377 -0.0168287659187 0.761133496107 0.288282147767 0.183271177411 0.942937371865 344.0 26.8513585509 7.55075565466 1.78973688484 172.0 172.0 172 123 22.6867777439 3.97005305472 0.162419851823 1035.96998884
LAUB micro 1292.0 125 744.531354839 0.529628348649 0.1264 0.216704394153 0.449207430341 -0.0225870490156 0.756322857327 0.302762877981 0.148606811146 0.936693057539 192.0 28.2507739938 5.22878440455 1.89842155328 125.0 125.0 125 84 17.3088948681 3.47759302547 0.131699357343 13693.2699766
LAUB micro 1759.0 109 2502.74940537 0.44734346405 0.095 0.19329799259 0.359096859663 -0.0292809611573 0.671975357256 0.207349813539 0.208072768619 0.903466328128 366.0 33.4849346219 5.04896657971 1.98512951585 109.0 109.0 109 78 14.452992872 2.59892399128 0.184399670437 328.790572436
LAUB micro 907.0 150 76.3400894855 0.647201981655 0.3253 0.246337007896 0.606041896362 -0.0163603797839 0.892912685454 0.581960376823 0.0738699007718 0.979506448072 67.0 13.6714443219 4.43456987049 1.30672017451 150.0 150.0 150 92 21.879131177 4.98066825128 0.0654654950445 4.02010105661e+13
LAUB micro 964.0 150 327.776465324 0.660202041946 0.1126 0.258171896196 0.576113416321 -0.0155279426267 0.823354946996 0.408729475695 0.224066390041 0.940778826122 216.0 27.2821576763 10.5382208696 1.74108475552 150.0 150.0 150 88 21.6850560721 4.83117469801 0.198573510004 187.745996067
LAUB micro 1087.0 169 153.532544379 0.64665359473 0.2133 0.248902970765 0.593882516889 -0.0143552043864 0.866897261301 0.502253400064 0.11867525299 0.972252995805 129.0 17.8472861086 6.98456991739 1.53085266089 169.0 169.0 169 106 24.0302888501 5.12592128278 0.105173204585 876142.236693
LAUB micro 1209.0 128 495.634781004 0.526476823777 0.1536 0.214961270465 0.46964174938 -0.0222510727643 0.782536285986 0.343010773823 0.141439205955 0.949123645994 171.0 22.911497105 4.94066030845 1.7711864709 128.0 128.0 128 80 17.8935013584 3.68126277468 0.125347232632 29547.3630449
LAUB micro 1481.0 113 1167.72076485 0.447978244654 0.1292 0.185433119708 0.427210746147 -0.029517735461 0.743249830806 0.290802787756 0.164078325456 0.931522900243 243.0 31.3977042539 5.26126503487 1.51486733981 113.0 113.0 113 74 15.3414721004 2.93630330689 0.1454106299 3573.19785717
LAUB micro 1641.0 210 866.104101162 0.610648354334 0.0662 0.242103246665 0.514781927396 -0.0119120670885 0.774000277603 0.295305704274 0.24984765387 0.928017985199 410.0 30.7739183425 12.4079003505 1.85808430496 210.0 210.0 210 121 28.231564947 5.18400013542 0.221419603861 92.7603718926
LAUB micro 813.0 59 1393.48509643 0.46004060429 0.1217 0.193550279765 0.399357891884 -0.0540202925502 0.676674490775 0.254942493778 0.252152521525 0.860772592966 205.0 49.4464944649 4.49475483587 1.8030741917 59.0 59.0 59 41 8.65577189291 2.0692203403 0.223461782106 87.9056256711
LAUB micro 882.0 130 154.108288611 0.63561421436 0.2314 0.243131502542 0.58273155416 -0.0191527599972 0.862974834046 0.509485799503 0.131519274376 0.966752536237 116.0 19.7278911565 6.26487619466 1.47264498888 130.0 130.0 130 87 19.0203991475 4.37732769306 0.116555922168 105153.189684
LAUB micro 1196.0 191 342.67847892 0.679430122114 0.1032 0.26425004586 0.589062144321 -0.0118805231871 0.834406095201 0.416001033068 0.208193979933 0.949246932361 249.0 25.1672240803 12.0074619713 1.71779850287 191.0 191.0 191 119 26.8106428876 5.52290760028 0.184507090821 327.250740801
LAUB micro 1033.0 163 126.854578505 0.640258500647 0.2416 0.248392968848 0.587412919663 -0.0149175240283 0.872304539539 0.51885976642 0.111326234269 0.974606616693 115.0 15.7792836399 6.42534784193 1.54135085072 163.0 163.0 163 102 23.3421912224 5.07151183899 0.0986603063186 4106894.04749
LAUB micro 1165.0 155 286.653958944 0.594440354207 0.1655 0.236157249267 0.52958604458 -0.0165867362879 0.821653734431 0.402930683613 0.119313304721 0.961022674943 139.0 22.5751072961 5.85665641062 1.76612262983 155.0 155.0 155 96 21.8115594497 4.54118019865 0.105738663209 776143.969726
LAUB micro 1114.0 141 285.004356636 0.567412304556 0.1807 0.226982612158 0.513032074054 -0.019041417269 0.818940146604 0.403963109032 0.110412926391 0.96075571557 123.0 21.9928186715 5.19384510466 1.69669401023 141.0 141.0 141 85 19.9552079118 4.22451169987 0.0978509082861 5082948.48282
LAUB micro 1151.0 175 204.24545156 0.637644966695 0.1756 0.253583347127 0.559553183567 -0.0135788184675 0.841453816682 0.437722294459 0.100781928758 0.967460018524 116.0 19.5482189401 6.07951201473 1.84217368175 175.0 175.0 175 104 24.6865012657 5.15822624569 0.089315658864 68671764.3228
LAUB micro 640.0 43 1315.77187154 0.411786574847 0.147 0.184798721239 0.356904069767 -0.0778518066771 0.656766186281 0.257741789574 0.2953125 0.841826171875 189.0 50.46875 3.66246649632 1.82513541856 43.0 43.0 43 29 6.50007070432 1.69972424234 0.261666903656 39.1462792413
LAUB micro 1155.0 131 684.135408103 0.557302128291 0.1027 0.238241341621 0.442325104921 -0.0194369467471 0.738948673588 0.27454307805 0.207792207792 0.925697794269 240.0 32.1212121212 6.59911993388 2.26379992412 131.0 131.0 131 74 18.4348640912 3.8546087555 0.184151030661 332.392196895
LAUB micro 948.0 152 133.956779366 0.646884846774 0.2262 0.248524334515 0.596602265157 -0.0159877023248 0.869731831218 0.516546326368 0.120253164557 0.970913671242 114.0 19.0928270042 6.71582450017 1.4594040212 152.0 152.0 152 90 22.0297914195 4.93673049871 0.106571592301 651463.347726
LAUB micro 1503.0 97 1531.46091065 0.40213894977 0.1367 0.180265812878 0.354246832795 -0.0354295458617 0.706784946279 0.253793253862 0.159015302728 0.924608976768 239.0 26.879574185 3.87370241756 1.74270428824 97.0 97.0 97 60 13.1233265892 2.50202845186 0.140923642836 5324.43106122
LAUB micro 678.0 51 882.651764706 0.425102943103 0.1696 0.182219778262 0.405691480132 -0.0666226800397 0.708098898459 0.303711819178 0.222713864307 0.884385795459 151.0 41.0029498525 3.49835115116 1.5832184584 51.0 51.0 51 32 7.66971473286 1.95864320024 0.197374888651 196.0272962
LAUB micro 1025.0 95 933.253079507 0.540778896415 0.112 0.221461268416 0.455250320924 -0.0290287294916 0.727674820313 0.281784895531 0.218536585366 0.905975014872 224.0 39.2195121951 5.64242424856 2.01580908132 95.0 95.0 95 72 13.5594239539 2.96730147588 0.193672925548 225.018750871
LAUB micro 902.0 143 163.820151679 0.644509549487 0.1965 0.249352447593 0.584939450793 -0.0169313031778 0.859493722221 0.494386748154 0.152993348115 0.96441512087 138.0 19.955654102 8.0775469392 1.53684014849 143.0 143.0 143 86 20.8681916634 4.76137918122 0.135586824515 8992.61804658
LAUB micro 1418.0 124 1494.80068188 0.503623062321 0.081 0.218616408069 0.385208608217 -0.0225537322869 0.690020918174 0.218125677466 0.262341325811 0.900495542899 372.0 36.8829337094 7.31693628936 2.21910026313 124.0 124.0 124 74 16.9491462198 3.29293812071 0.232488174769 70.3520430778
LAUB micro 1039.0 160 122.553419811 0.628854878341 0.2572 0.236141898035 0.599350336862 -0.0160695477187 0.882634893335 0.548382485361 0.111645813282 0.975699407422 116.0 16.3618864293 6.96776533167 1.17707705316 160.0 160.0 160 97 22.8908263363 4.96377638846 0.0989435258446 3816211.45836
LAUB micro 1129.0 164 249.342323807 0.628825844488 0.1605 0.242248488442 0.571831320616 -0.0152431660331 0.84598347292 0.452570254661 0.162090345438 0.962016756091 183.0 21.5234720992 8.95895124936 1.550974811 164.0 164.0 164 104 23.1893540253 4.88086591513 0.143648828482 4161.38498857
LAUB micro 932.0 125 465.411354839 0.607272924301 0.1075 0.23970532094 0.524034334764 -0.0202330510928 0.791860663916 0.360946107886 0.25 0.925560426606 233.0 30.5793991416 9.36218747822 1.76166485108 125.0 125.0 125 76 18.1357268047 4.094511138 0.221554589211 92.4275999491
LAUB micro 1253.0 102 1665.33420695 0.514341714489 0.0838 0.208840944372 0.429244323428 -0.0288059413283 0.693080466414 0.234329662599 0.263367916999 0.88306372766 330.0 45.9696727853 6.59954096381 1.85039169836 102.0 102.0 102 67 14.1589526971 2.88153989159 0.233397508107 68.8772500394
LAUB micro 1214.0 103 1295.89510756 0.481339762731 0.0977 0.209467799392 0.384862686137 -0.0284344473492 0.694008054805 0.234722096194 0.242174629325 0.900603611355 294.0 36.9851729819 5.95213832867 2.06707140919 103.0 103.0 103 62 14.3628068089 2.95615962634 0.214620617342 112.04390759
LAUB micro 976.0 114 359.752833411 0.553773095301 0.1705 0.212357250702 0.530324273799 -0.0253144558946 0.820448944806 0.42217991938 0.184426229508 0.948552136522 180.0 26.3319672131 7.08330491061 1.32706016531 114.0 114.0 114 74 16.4161566336 3.64905107809 0.163443490022 972.584554628
LAUB micro 1107.0 180 177.17849162 0.681848812094 0.1767 0.262641431967 0.616079494128 -0.0126933740964 0.865088238627 0.493477919113 0.132791327913 0.968564175253 147.0 21.7705510388 8.3770540733 1.59629725422 180.0 180.0 180 115 25.5371033019 5.410017808 0.117683250263 87989.1915363
LAUB micro 1157.0 154 184.421398863 0.58104436268 0.2355 0.227188925199 0.541368743616 -0.0174167663326 0.850376829223 0.46718817875 0.0881590319793 0.972428171985 102.0 15.3846153846 4.37941956996 1.51889417854 154.0 154.0 154 96 21.6910952695 4.52745394669 0.0781289078619 7971567175.03
LAUB micro 1206.0 106 1008.59910153 0.459440285899 0.1147 0.194813519885 0.422822991958 -0.0298603319828 0.734038131231 0.282529702717 0.228026533997 0.917752310861 275.0 34.5771144279 6.39216456666 1.61405372779 106.0 106.0 106 60 14.7990200535 3.05233510372 0.202083005617 166.116219849
LAUB micro 1099.0 146 291.437175248 0.611215411996 0.1637 0.236425919899 0.550288556222 -0.0175872334579 0.830235353739 0.425173591238 0.139217470428 0.958162809933 153.0 25.2047315742 6.72439256784 1.60832339304 146.0 146.0 146 95 20.7079078136 4.40406793507 0.123378270786 38389.12949
LAUB micro 1195.0 175 120.775041051 0.643743678551 0.2797 0.244756571175 0.601936640765 -0.0141234129826 0.88424713418 0.547412810098 0.0786610878661 0.979569685405 94.0 14.2259414226 5.10468775677 1.40933431626 175.0 175.0 175 128 24.5558029384 5.06237247373 0.0697115740524 1.37836988346e+12
LAUB micro 1031.0 153 199.010147919 0.623172290928 0.1868 0.247051699625 0.554953310131 -0.015988202849 0.842591399781 0.449414521992 0.130940834142 0.965006241998 135.0 21.435499515 6.50359618426 1.751594766 153.0 153.0 153 94 21.9074326442 4.76499114796 0.116043292858 114218.562839
LAUB micro 1147.0 107 1068.4489508 0.497920833616 0.0979 0.209587970584 0.427649536784 -0.0273545903913 0.711842422713 0.253166568568 0.211857018309 0.904568150568 243.0 40.5405405405 6.09735554051 1.87790581804 107.0 107.0 107 58 15.0463346543 3.15938148516 0.187753360557 284.954978261
LAUB micro 945.0 176 101.708538961 0.694808461104 0.2218 0.272702272957 0.623544973545 -0.0124427394333 0.884618343012 0.548124857467 0.12380952381 0.974387055234 117.0 18.0952380952 8.53676282194 1.58537102302 176.0 176.0 176 99 25.5430267687 5.72528042796 0.109723333627 347665.709192
LAUB micro 1132.0 153 304.346577227 0.607192371485 0.1533 0.23792069234 0.542015981893 -0.0166667583825 0.822594208573 0.405775735133 0.143992932862 0.957363058597 163.0 25.0 6.80107273904 1.70536048804 153.0 153.0 153 95 21.6162674943 4.54745298182 0.127610414177 22183.4244044
LAUB micro 1414.0 185 484.622032902 0.617409293606 0.1081 0.253478518131 0.501219465576 -0.0128507467599 0.785928292868 0.323429405402 0.149222065064 0.949995898761 211.0 26.5205091938 7.13816222869 2.21002285651 185.0 185.0 185 114 25.3646938212 4.91979519128 0.132244611931 12881.4138623
LAUB micro 1069.0 90 853.816354557 0.501820150374 0.1432 0.198888588581 0.472217025257 -0.0344007175865 0.759974876111 0.332152114583 0.197380729654 0.922392346256 211.0 34.7053320861 5.30187183385 1.51854757678 90.0 90.0 90 69 12.7608099667 2.75266687593 0.174924113519 513.493370187
LAUB micro 1008.0 143 341.103220723 0.632799349916 0.1279 0.244210614942 0.558899433899 -0.0173266197525 0.825887657555 0.4173594191 0.210317460317 0.945336120559 212.0 26.1904761905 9.79422011993 1.61330219103 143.0 143.0 143 92 20.5329205332 4.50407663669 0.18638896926 301.77798034
LAUB micro 1075.0 163 141.242444899 0.636179788164 0.2366 0.243314115404 0.589784562705 -0.0152625468936 0.871321598491 0.516237573633 0.108837209302 0.974065116279 117.0 16.8372093023 6.27567997985 1.43586222866 163.0 163.0 163 102 23.2089165475 4.97145339284 0.0964544653749 7434516.37286
LAUB micro 1008.0 134 259.785209292 0.611778372534 0.18 0.237919383008 0.562514806918 -0.0190300706201 0.828790604904 0.428066118538 0.115079365079 0.958532139708 116.0 21.626984127 5.41992108532 1.65746229727 134.0 134.0 134 86 19.2315382458 4.22060328194 0.101986431897 1799939.15421
LAUB micro 1603.0 92 2809.45568562 0.406496531768 0.0985 0.178459982356 0.353406655998 -0.0377539394691 0.668177109685 0.214495483158 0.239550842171 0.889636516684 384.0 40.1122894573 5.30201255144 1.73761863998 92.0 92.0 92 64 12.3312379422 2.2978467775 0.212295581495 119.966569701
LAUB micro 1003.0 155 168.497528278 0.643371733654 0.2001 0.243729825286 0.600096484739 -0.0160200534865 0.868624776475 0.512373028155 0.148554336989 0.967754761637 149.0 18.9431704885 8.86380873999 1.34705024808 155.0 155.0 155 96 22.2841200218 4.89419457912 0.131652853332 13765.2983212
LAUB micro 945.0 179 64.2586152784 0.698016437728 0.3037 0.268364199471 0.643226626467 -0.0124581825765 0.90637700156 0.613130542077 0.0962962962963 0.981605218219 91.0 13.0158730159 7.47077082183 1.33382933488 179.0 179.0 179 104 25.9809072275 5.82287043526 0.0853403705992 301957699.826
