SED micro 7097.0 182 95076.3369862 0.28589715534 0.0158 0.140644225686 0.192747438556 -0.0244646880224 0.416830361901 0.0428241719302 0.579681555587 0.652839775816 4114.0 64.5484007327 12.8096231128 1.60053772613 224.98851342 224.694668708 232 254 20.4117824764 2.16039908848 0.490312942291 5.95780092516
SED micro 5467.0 179 65480.766493 0.293213371234 0.0141 0.145289880315 0.199218674158 -0.024052415031 0.396408570915 0.0382987780266 0.623010792025 0.604439447433 3406.0 66.9654289373 12.937959114 1.64472100688 274.581119649 274.474960714 252 298 20.6820779701 2.420909162 0.519467968352 5.32509874655
SED micro 6137.0 127 104360.807649 0.239871747113 0.0221 0.126952127498 0.184113656805 -0.0389605945203 0.404423908168 0.0483569565921 0.583183966107 0.642989101518 3579.0 66.3679322144 10.4403407858 1.45312941675 190.881376961 185.528741621 172 202 14.446076707 1.62115917787 0.492723369067 5.89981481618
SED micro 8419.0 176 143639.784123 0.254724591867 0.0158 0.134692037927 0.163561316935 -0.0264531143554 0.391291450067 0.0374984597239 0.589499940611 0.639674870447 4963.0 66.0292196223 12.5261460331 1.70033782839 258.295489258 251.493922154 240 280 19.3621631351 1.91814932385 0.497045658092 5.79861883537
SED micro 54681.0 257 3391183.93747 0.164201033932 0.0132 0.10773489212 0.115706826513 -0.0227728203616 0.352080130634 0.0236518710569 0.507964375194 0.705761232623 27776.0 63.0877269984 13.4646137088 1.65257572298 378.602223848 390.069485914 353 412 23.4662780323 1.09904354327 0.438711821178 7.54093335456
SED micro 20573.0 155 1008944.44558 0.190878761904 0.0173 0.112446579964 0.134682946486 -0.0361453616455 0.33323004303 0.0283694011333 0.577747533175 0.626441339122 11886.0 75.1567588587 10.7270447421 1.4916919201 207.467666596 204.789755351 203 230 15.5058509778 1.08064459377 0.488977724359 5.99041480833
SED micro 4599.0 109 59840.1569827 0.247941224761 0.0291 0.132294968557 0.199157774626 -0.0435105881729 0.431849070797 0.0609568861088 0.535986083931 0.685270501103 2465.0 67.6451402479 9.18238700204 1.64233674371 127.239260036 138.285429696 140 146 12.8059280367 1.60729203724 0.45939679436 6.81646178338
SED micro 8818.0 173 147278.493346 0.275060382613 0.0174 0.140096245941 0.156238487487 -0.0258414333243 0.394714357351 0.0386348917234 0.556815604445 0.668437273992 4910.0 65.9333182127 11.9305405357 1.77092824339 233.314532241 212.871932832 222 252 18.9332430414 1.84230298548 0.474332650144 6.37298709046
SED micro 18328.0 145 900822.241667 0.181907841064 0.0175 0.112990142977 0.131962025316 -0.0384483355857 0.334471458641 0.0297460374868 0.607485814055 0.606939754245 11134.0 72.1955477957 10.9564494891 1.62765155333 210.535490597 230.711233692 201 234 14.6696498397 1.0710517722 0.509184997091 5.53219545876
SED micro 38036.0 137 5066813.11582 0.182346278483 0.0151 0.107682852942 0.107481732634 -0.0427408606175 0.270431882631 0.0204633009022 0.676043748028 0.516396852466 25714.0 79.4089809654 10.7347680359 1.40336789989 147.266936593 152.132612839 159 159 12.8955320938 0.702462504552 0.553318182541 4.74223029502
SED micro 23527.0 184 1126131.85576 0.192304640439 0.0144 0.114048214935 0.137990625017 -0.0300118448675 0.334400711404 0.02578951867 0.591363114719 0.622253050713 13913.0 72.1171420071 12.16209351 1.54609539325 244.00255037 258.278147623 244 275 18.1801853487 1.19959472336 0.498314739636 5.7695642235
SED micro 22984.0 246 704289.887042 0.223027034505 0.0123 0.119724471267 0.161940154905 -0.0213599103804 0.375709234559 0.0282129974523 0.552166724678 0.669297257924 12691.0 68.1865645667 14.0361131894 1.34645247928 327.572176536 300.585406628 311 351 24.3961854467 1.62264045943 0.471030980666 6.46603835692
SED micro 18785.0 201 573550.419453 0.208121416931 0.0151 0.116809445921 0.160652950314 -0.0268098109057 0.378340643618 0.0321845630972 0.551770029279 0.669953148586 10365.0 67.4154910833 12.6667751962 1.42758906808 263.108569443 263.867054941 261 293 20.3235221043 1.4665283325 0.47074840543 6.47412734405
SED micro 18639.0 261 385057.428117 0.23745792903 0.0131 0.120808471188 0.198671306549 -0.0199473338717 0.427734764553 0.0377169345095 0.5223456194 0.707995350574 9736.0 62.3209399646 14.6914340971 1.09483680532 301.312021933 303.738213292 315 334 26.4415435312 1.91174165526 0.449413851267 7.1483113752
SED micro 34918.0 209 2981743.11502 0.208124766799 0.0093 0.122157498405 0.0909130646757 -0.0246284590101 0.241473760191 0.0126582134689 0.701958875079 0.486546817298 24511.0 80.250873475 13.5714496991 1.78711198046 359.12194633 356.623117907 297 360 19.8838368384 1.11846295896 0.569194405598 4.51153923279
SED micro 29095.0 168 2545869.63641 0.217153754738 0.0117 0.121916617051 0.0969212104845 -0.0307010222808 0.253743224049 0.0159875729638 0.697576903248 0.491802286428 20296.0 80.1202955834 12.1116921012 1.75285720763 193.574649497 202.326841653 208 218 16.2477889116 0.984918059946 0.56653872789 4.54850613132
SED micro 19419.0 177 694896.524461 0.208638481708 0.0171 0.118042073391 0.151072556059 -0.0301198364359 0.365389154373 0.0319774939424 0.540604562542 0.67002628532 10498.0 68.0519079252 11.3318085394 1.54307086962 206.187943739 210.802250461 219 232 17.8245767492 1.27016410539 0.46274035846 6.71197872994
SED micro 5007.0 115 76961.6366133 0.251822229635 0.0242 0.132633474058 0.189612802945 -0.0411321207118 0.413862344118 0.0537367587275 0.586978230477 0.641339871334 2939.0 65.5682045137 10.036260745 1.62495720944 142.371320269 146.73272326 149 163 13.3824929235 1.62520834878 0.495323703529 5.83851434381
SED micro 8326.0 137 176685.691069 0.231455899499 0.0206 0.124030645081 0.176016208132 -0.0369901802649 0.40145061872 0.0456437658482 0.581071342782 0.646069670303 4838.0 66.7787653135 10.8732272461 1.46730667478 177.058865352 172.729864789 176 197 15.0656823409 1.50142057802 0.491270587065 5.9346274458
SED micro 19298.0 259 294980.057077 0.235608105279 0.0185 0.120550208756 0.218478238688 -0.0201454821524 0.488953549906 0.0547880456886 0.42641724531 0.791782824954 8229.0 55.4098870349 13.5328872125 1.07013123326 295.640196525 282.373661218 301 320 26.1457600476 1.86441939898 0.374551687853 11.1403651661
SED micro 35587.0 135 4259409.35965 0.170688158409 0.0162 0.106583429298 0.101038144391 -0.0438300730387 0.272459190909 0.0209376977211 0.651923455194 0.541909337284 23200.0 78.3375951893 10.4128762554 1.58156229253 179.910352897 174.412245405 174 197 12.7865820352 0.715629243578 0.538158616762 4.98633684423
SED micro 10759.0 150 298845.354318 0.252753604456 0.017 0.128594935611 0.154880565108 -0.032553773137 0.351915087865 0.0324278927772 0.603401803142 0.608662762175 6492.0 72.097778604 11.0343053598 1.44207571701 184.157020893 182.744257754 187 205 16.0499847928 1.44612323925 0.506450190497 5.59004319338
SED micro 7138.0 163 109872.585852 0.2588368903 0.0173 0.134297239531 0.182502874961 -0.0286493945711 0.400402147822 0.041278628599 0.583216587279 0.644522651979 4163.0 67.7500700476 11.9312858922 1.61101990407 215.112563881 224.46236653 218 245 18.2572488886 1.92929808219 0.492745773852 5.89928113732
SED micro 7271.0 153 146410.751118 0.264157477005 0.0153 0.133621695982 0.186460133955 -0.0306808747986 0.371800338812 0.0361208118661 0.647366249484 0.572516229791 4707.0 71.1594003576 11.9281942149 1.5173634114 191.617556073 195.795139846 197 217 17.0946916679 1.79429711357 0.535251057534 5.03612538391
SED micro 7288.0 169 96731.4428008 0.268728474396 0.019 0.134564860999 0.192712832637 -0.0275756349401 0.43646372552 0.0499052419042 0.54541712404 0.688125963194 3975.0 60.8260153677 12.0994088211 1.50040729783 198.610620305 206.924026591 212 225 18.889171794 1.97962314435 0.466204988832 6.6069898322
SED micro 21166.0 195 754005.888554 0.210071803401 0.0155 0.116420222214 0.162931600511 -0.0277292215289 0.374336873242 0.0319512348751 0.545308513654 0.66835999275 11542.0 70.9534158556 12.1179324767 1.37887876184 214.803752541 223.663530258 233 236 19.4776155719 1.34034073131 0.466127016465 6.60931698823
SED micro 5689.0 133 80628.7669173 0.258440011417 0.0224 0.131921627274 0.210202514548 -0.0357629301487 0.433842827468 0.0556426962528 0.568817015293 0.663635567877 3236.0 63.2272807172 10.8344479228 1.4809398873 155.901984845 159.717017636 167 177 15.2666639208 1.76333031565 0.482773223632 6.14676499059
SED micro 27175.0 139 2232909.4547 0.179119528347 0.0169 0.110984811244 0.110635701191 -0.0408479753263 0.299429502577 0.0245079396963 0.627598896044 0.575541585807 17055.0 75.7056117755 10.571171181 1.68215066568 197.260208406 182.077709531 182 210 13.5160908462 0.843198885569 0.52247324592 5.26750448303
SED micro 4480.0 135 53664.3609729 0.287884306413 0.0203 0.142416261159 0.199379960317 -0.0325578892655 0.413922763268 0.0493818646052 0.59375 0.634302555006 2660.0 67.8794642857 10.9492617722 1.64602639099 181.156644286 180.519354636 179 203 15.9383811235 2.01694827825 0.49993659947 5.73285587222
SED micro 16992.0 221 446748.709872 0.23915125085 0.0131 0.125600000264 0.166102653578 -0.0226366219682 0.371614693362 0.0292445254828 0.56679613936 0.655069283463 9631.0 66.9373822976 13.441391864 1.4701795853 251.287496742 271.768836894 274 282 22.5861143563 1.69539158796 0.481360238003 6.18351575721
SED micro 22368.0 238 614862.573556 0.210334450144 0.0142 0.11757119419 0.159321990599 -0.0224918454003 0.386313113471 0.030723132864 0.507063662375 0.704544186648 11342.0 67.4445636624 12.9653358258 1.43458095152 302.171882999 306.569682756 306 339 23.6635896745 1.5913414681 0.438035437192 7.56715881945
SED micro 14070.0 210 247363.952153 0.232999793463 0.0179 0.12316666056 0.187917555082 -0.0243053123794 0.432606513919 0.04357248443 0.485856432125 0.734085406049 6836.0 62.1037668799 12.393522582 1.39029307105 241.776906374 247.126678016 258 271 21.8806923005 1.77040344504 0.421900389321 8.24943548529
SED micro 17292.0 260 343611.586813 0.234220383308 0.0128 0.121724709755 0.192033666079 -0.019869636277 0.413514078507 0.0346270289849 0.527006708304 0.698523567837 9113.0 65.3423548462 14.4387781492 1.24145058701 319.172253113 325.899982812 328 358 26.5423262983 1.97720060437 0.452843367603 7.03079980717
SED micro 18001.0 245 330162.504416 0.233672735981 0.0162 0.119691916703 0.206380144414 -0.0214530668295 0.45073535533 0.0448222419035 0.474973612577 0.747305093424 8550.0 60.9521693239 13.5053566614 1.06241282247 293.041884532 280.406185397 295 320 24.9025773644 1.82607145812 0.413463854932 8.65521958219
