SED micro 7047.0 132 130605.322866 0.317707349018 0.0215 0.153318204813 0.212892010785 -0.0308461243065 0.433069452974 0.05561990281 0.583794522492 0.647896951058 4114.0 65.006385696 10.8848443862 1.83703065835 132.0 132.0 132 104 14.7849568543 1.57243171776 0.493142570188 5.88984549676
SED micro 5394.0 106 109980.8823 0.318569199673 0.0232 0.150261284336 0.234659754724 -0.0392243532778 0.419054347793 0.0577001252859 0.631442343344 0.593662825076 3406.0 67.8717093066 9.91096474189 1.66298263252 106.0 106.0 106 79 12.2191877853 1.44327933768 0.524979165942 5.22043786226
SED micro 6092.0 82 160412.135501 0.274349318763 0.0337 0.137021220724 0.215912912576 -0.055782601091 0.431565747603 0.0703440344673 0.587491792515 0.637696543134 3579.0 66.8581746553 8.34571973997 1.56730955418 82.0 82.0 82 67 9.29460626651 1.05059155397 0.495674794215 5.83033539303
SED micro 8355.0 112 224471.665943 0.273053488597 0.0244 0.140209561019 0.192457467727 -0.0398824601597 0.415767649298 0.0550640680876 0.594015559545 0.634134403155 4963.0 66.5350089767 9.95556105668 1.75384729286 112.0 112.0 112 88 12.2915210735 1.22530666419 0.500116771169 5.72880689731
SED micro 54585.0 161 5382943.3111 0.165414743501 0.021 0.104182676043 0.140538575371 -0.037614677701 0.381038736704 0.0370777524407 0.508857744802 0.704725384621 27776.0 63.1986809563 10.6214483091 1.43247054625 161.0 161.0 161 124 14.6687865036 0.689111057557 0.439381977306 7.51512258721
SED micro 20525.0 107 1454442.22289 0.209565026735 0.0249 0.11779369046 0.15137318292 -0.0499319080446 0.355028783755 0.0401320282121 0.579098660171 0.624692192908 11886.0 75.3325213155 8.87025111904 1.53173372809 107.0 107.0 107 86 10.6753692445 0.746865149653 0.489910835145 5.96758532569
SED micro 4568.0 78 82977.002331 0.258568682955 0.0402 0.135831632501 0.22428038978 -0.0591729737278 0.453485983212 0.0806715857961 0.539623467601 0.680985769428 2465.0 68.1042031524 7.73147666707 1.62481726403 78.0 78.0 78 53 9.13748030216 1.15406841454 0.462031624358 6.73386184748
SED micro 8769.0 124 204562.529439 0.308529475015 0.0241 0.15694630103 0.172820125148 -0.0320466015476 0.412654062734 0.05129281996 0.559927015623 0.664722102026 4910.0 66.3017447828 10.0725299124 2.1570310587 124.0 124.0 124 105 13.5477802977 1.32417885959 0.476532323704 6.31245338732
SED micro 18272.0 89 1457769.3501 0.18748242722 0.0284 0.110790939574 0.15914077412 -0.063910204789 0.364594523866 0.0470150407085 0.609347635727 0.604526928985 11134.0 72.4168126095 8.53149621008 1.44408866396 89.0 89.0 89 66 8.96758157993 0.658410826242 0.510427585162 5.50630893183
SED micro 38014.0 115 6027025.54722 0.201846677776 0.018 0.115530715713 0.113925990653 -0.0473892966256 0.27916261427 0.0242167506953 0.676434997632 0.515836950402 25714.0 79.4549376545 9.81356781574 1.59462945211 115.0 115.0 115 93 10.810083176 0.589828909761 0.553560975537 4.73851968118
SED micro 23467.0 124 1663814.62805 0.205083974045 0.0212 0.116509645105 0.158744193975 -0.0435722102068 0.356835400691 0.0372747278339 0.592875101206 0.620319057185 13913.0 72.3015298078 9.94618353844 1.50113586704 124.0 124.0 124 95 12.2225694628 0.809455351242 0.499342629048 5.74624491717
SED micro 22919.0 181 954423.724739 0.26188437394 0.0166 0.133507849425 0.176747126983 -0.0259574403122 0.392989846617 0.0372965584588 0.553732710851 0.667418926245 12691.0 68.3799467691 12.0172640459 1.62003813355 181.0 181.0 181 156 17.9287841087 1.19558578429 0.472145177609 6.43433743873
SED micro 18725.0 141 814135.145998 0.232190070082 0.0214 0.124033205427 0.180561505175 -0.0359400524314 0.399727056688 0.0444955686684 0.553538050734 0.66783481099 10365.0 67.6315086782 10.5804249319 1.50155292484 141.0 141.0 141 113 14.2310918578 1.03040557429 0.472006789217 6.43825808982
SED micro 18585.0 207 484356.064162 0.281439950321 0.0164 0.13478765922 0.212349837995 -0.0224750943823 0.441722642036 0.0463314103357 0.523863330643 0.706296162394 9736.0 62.5020177563 13.0709927364 1.33713925964 207.0 207.0 207 172 20.9560216789 1.51841002607 0.450532636267 7.10955681373
SED micro 34830.0 121 5133420.27769 0.221063180894 0.016 0.123491782946 0.105007320088 -0.0420688928478 0.263635326485 0.0211729531698 0.703732414585 0.483949074167 24511.0 80.4536319265 10.2714632007 1.80221457489 121.0 121.0 121 96 11.4742121692 0.64834868314 0.570265993595 4.49679765197
SED micro 29055.0 128 3335462.48025 0.234705989472 0.0153 0.129748640649 0.104937564533 -0.0378002895984 0.265133377873 0.0206288138344 0.698537256927 0.490402099686 20296.0 80.2305971433 10.5417786413 1.95460701103 128.0 128.0 128 98 12.3577570296 0.750930129372 0.567121731816 4.54033732383
SED micro 19377.0 135 907843.250746 0.226231688626 0.0224 0.124838564115 0.169417350467 -0.0372889679266 0.381597615221 0.0410466670041 0.541776332766 0.66859439886 10498.0 68.1994116736 9.86950681964 1.65187881397 135.0 135.0 135 106 13.5739610689 0.969818577084 0.463585754099 6.68605850657
SED micro 4973.0 81 108578.441975 0.269518988525 0.034 0.139166485075 0.218210435115 -0.0555730703713 0.435121690136 0.0720927687935 0.590991353308 0.636420220366 2939.0 66.0164890408 8.38752752796 1.68554722764 81.0 81.0 81 61 9.39874075061 1.1486184534 0.498061734133 5.77533323394
SED micro 8287.0 98 245716.063223 0.259843030345 0.0286 0.13397819112 0.201232321093 -0.0477684524841 0.422521281053 0.061233146848 0.583805961144 0.642731089382 4838.0 67.0930372873 9.16512166686 1.6195138593 98.0 98.0 98 80 10.7509680876 1.0765331464 0.493150421025 5.8896591123
SED micro 19256.0 217 351083.213091 0.280143876296 0.022 0.135750445005 0.230903193259 -0.0212826630223 0.501729892588 0.0642067371791 0.427347320316 0.790873646729 8229.0 55.5307436643 12.3817083416 1.40234064288 217.0 217.0 217 194 21.894307708 1.56378374767 0.375315845238 11.0790285357
SED micro 35548.0 96 5968196.67193 0.186910889434 0.0227 0.112532920695 0.117375332883 -0.0583139766839 0.290372141361 0.0290898770851 0.652638685721 0.540903666782 23200.0 78.4235400023 8.73764903344 1.69060698748 96.0 96.0 96 80 9.06606272195 0.509170984746 0.538613668241 4.97863541266
SED micro 10722.0 113 395377.424147 0.296837553356 0.0225 0.145163717361 0.16492349697 -0.0381350197509 0.366782315191 0.0416323339473 0.605484051483 0.605957532625 6492.0 72.3465771311 9.54645506623 1.83514160402 113.0 113.0 113 94 12.0688966096 1.09129092084 0.507846111934 5.56036445986
SED micro 7083.0 108 164928.600467 0.278430247776 0.0256 0.139560387865 0.207150924749 -0.0415583249106 0.422617318815 0.0582588165591 0.587745305661 0.638981700392 4163.0 68.276154172 9.67638790469 1.64180988798 108.0 108.0 108 80 12.0693214552 1.28326141044 0.495848029265 5.82630819807
SED micro 7227.0 109 204821.842678 0.293679516643 0.0212 0.143729629031 0.207558810424 -0.0399428745594 0.388268131224 0.0479734129057 0.651307596513 0.56729594479 4707.0 71.5926387159 10.034685606 1.67520732746 109.0 109.0 109 85 12.1545254912 1.28217548972 0.537766512337 4.99299248232
SED micro 7245.0 126 129188.332 0.300224044432 0.0251 0.146355673859 0.210973084886 -0.033911981734 0.45357137314 0.0637394328979 0.548654244306 0.68441377195 3975.0 61.1870255349 10.4268437259 1.70765321203 126.0 126.0 126 96 14.063800604 1.48030549139 0.468524350032 6.5384987401
SED micro 21128.0 157 934174.835946 0.229600757327 0.0191 0.123422976033 0.178146487168 -0.0324410590904 0.387187944628 0.0389944921146 0.546289284362 0.667166055414 11542.0 71.0810299129 10.8537065283 1.48310633616 157.0 157.0 157 122 15.6652387421 1.08011614645 0.466830757039 6.58837163034
SED micro 5655.0 99 107788.638219 0.285299029927 0.0297 0.141729435002 0.231669479945 -0.0446196032305 0.451875019265 0.0711822767165 0.572236958444 0.659579771428 3236.0 63.6074270557 9.32244168393 1.62059718452 99.0 99.0 99 75 11.3422048197 1.31649401771 0.485156854516 6.08574511058
SED micro 27132.0 96 3218800.95263 0.191842980432 0.0245 0.115844338332 0.128952896948 -0.0566113088599 0.320331343952 0.0348950305312 0.62859354268 0.574195176957 17055.0 75.8255933953 8.7409136497 1.7538863486 96.0 96.0 96 81 9.30599866288 0.582814474074 0.523122762995 5.25522259909
SED micro 4436.0 91 79148.9687424 0.316942045704 0.0295 0.153226615768 0.227112833064 -0.0447716361631 0.43390460175 0.0675562470403 0.599639314698 0.627014219262 2660.0 68.5527502254 8.95156348633 1.82354544349 91.0 91.0 91 71 10.7174647842 1.3662986008 0.503919517868 5.64467005044
SED micro 16939.0 168 586127.005952 0.264038614642 0.0171 0.13430660977 0.181146846247 -0.0277947359548 0.386168294511 0.037325888954 0.568569573174 0.652907601719 9631.0 67.1468209457 11.6976966331 1.61539746726 168.0 168.0 168 123 17.1504145904 1.29081914389 0.482600392504 6.15123683777
SED micro 22300.0 170 857392.56039 0.231617129326 0.0198 0.123868692607 0.180991822738 -0.0298497116786 0.406338250131 0.0417731350423 0.508609865471 0.702739693137 11342.0 67.6502242152 10.9306923986 1.48483470886 170.0 170.0 170 135 16.8791678029 1.13840420131 0.439196103239 7.52226425895
SED micro 14022.0 162 319428.732919 0.259445480289 0.0231 0.132424894123 0.206199781296 -0.0292460752333 0.449130966842 0.0548177474895 0.487519612038 0.732261980638 6836.0 62.3163600057 10.8678330706 1.53481670538 162.0 162.0 162 127 16.8614940675 1.36807539823 0.423180353455 8.19103061311
SED micro 17224.0 192 463875.642234 0.271624093316 0.0171 0.133142326618 0.211717661403 -0.0245394830175 0.431010101874 0.0452412807914 0.529087320019 0.69613865249 9113.0 65.6003251277 12.3887061047 1.39630962567 192.0 192.0 192 154 19.5815915441 1.46296595707 0.45436809994 6.97976070368
SED micro 17951.0 195 413555.115358 0.284110922121 0.0202 0.136249386846 0.218075701804 -0.0235943636406 0.465853486758 0.0549653479027 0.476296585148 0.745895595479 8550.0 61.1219430672 12.0365409913 1.38936523548 195.0 195.0 195 170 19.8052124631 1.45542653262 0.414495111453 8.60359079899
