4483538.3 20 29
4483538.3 19 15
4483538.3 16 15
4483538.3 10 14
4483538.3 9 10
4483538.3 7 7
4483538.3 6 6
4483538.3 6 6
4483538.3 6 5
4483538.3 5 3
4483538.3 5 3
4483538.3 5 3
4483538.3 4 3
4483538.3 3 2
4483538.3 3 2
4483538.3 1 2
4483538.3 1 1
4483538.3 1 1
4483538.3 1 1
4483604.3 193 177
4483604.3 130 122
4483604.3 126 105
4483604.3 120 88
4483604.3 99 78
4483604.3 96 78
4483604.3 77 78
4483604.3 65 75
4483604.3 65 73
4483604.3 62 70
4483604.3 59 68
4483604.3 57 54
4483604.3 54 53
4483604.3 48 49
4483604.3 47 47
4483604.3 46 45
4483604.3 46 45
4483604.3 42 43
4483604.3 40 43
4483604.3 37 42
4483604.3 37 40
4483604.3 36 36
4483604.3 33 30
4483604.3 29 30
4483604.3 28 29
4483604.3 28 29
4483604.3 25 29
4483604.3 24 29
4483604.3 24 23
4483604.3 24 23
4483604.3 22 23
4483604.3 21 23
4483604.3 20 22
4483604.3 20 19
4483604.3 18 17
4483604.3 17 17
4483604.3 17 17
4483604.3 16 17
4483604.3 14 17
4483604.3 14 15
4483604.3 13 15
4483604.3 12 15
4483604.3 12 15
4483604.3 11 15
4483604.3 11 14
4483604.3 10 12
4483604.3 10 12
4483604.3 9 12
4483604.3 9 11
4483604.3 9 11
4483604.3 9 11
4483604.3 8 11
4483604.3 8 10
4483604.3 8 10
4483604.3 8 10
4483604.3 8 10
4483604.3 8 8
4483604.3 8 7
4483604.3 7 7
4483604.3 6 7
4483604.3 6 7
4483604.3 6 7
4483604.3 6 7
4483604.3 6 7
4483604.3 6 7
4483604.3 5 5
4483604.3 5 5
4483604.3 4 5
4483604.3 4 5
4483604.3 4 5
4483604.3 4 5
4483604.3 4 5
4483604.3 3 5
4483604.3 3 4
4483604.3 3 4
4483604.3 3 4
4483604.3 3 4
4483604.3 2 4
4483604.3 2 3
4483604.3 2 3
4483604.3 2 3
4483604.3 2 2
4483604.3 2 1
4483604.3 2 1
4483604.3 1 1
4483604.3 1 1
4483604.3 1 1
4483604.3 1 1
4483604.3 1 1
4483604.3 1 1
4483604.3 1 1
4483604.3 1 1
4483604.3 1 1
4483604.3 1 1
4483604.3 1 1
4483606.3 650 222
4483606.3 317 177
4483606.3 141 170
4483606.3 140 131
4483606.3 132 108
4483606.3 124 102
4483606.3 123 97
4483606.3 115 96
4483606.3 115 92
4483606.3 111 92
4483606.3 110 89
4483606.3 106 80
4483606.3 100 77
4483606.3 79 75
4483606.3 51 64
4483606.3 50 61
4483606.3 46 61
4483606.3 46 61
4483606.3 45 58
4483606.3 45 57
4483606.3 40 57
4483606.3 38 50
4483606.3 37 50
4483606.3 37 48
4483606.3 37 42
4483606.3 36 41
4483606.3 31 38
4483606.3 30 33
4483606.3 28 33
4483606.3 22 33
4483606.3 20 32
4483606.3 20 30
4483606.3 18 29
4483606.3 18 29
4483606.3 11 29
4483606.3 11 29
4483606.3 9 29
4483606.3 9 29
4483606.3 9 26
4483606.3 9 24
4483606.3 8 21
4483606.3 8 21
4483606.3 8 21
4483606.3 8 21
4483606.3 7 21
4483606.3 6 18
4483606.3 6 17
4483606.3 6 17
4483606.3 5 17
4483606.3 5 17
4483606.3 5 17
4483606.3 5 17
4483606.3 5 16
4483606.3 5 16
4483606.3 5 16
4483606.3 5 16
4483606.3 5 16
4483606.3 5 15
4483606.3 5 15
4483606.3 5 15
4483606.3 5 13
4483606.3 4 12
4483606.3 4 12
4483606.3 4 12
4483606.3 4 12
4483606.3 3 11
4483606.3 3 11
4483606.3 3 11
4483606.3 3 10
4483606.3 3 8
4483606.3 3 8
4483606.3 3 8
4483606.3 3 8
4483606.3 3 7
4483606.3 2 7
4483606.3 2 7
4483606.3 2 7
4483606.3 2 7
4483606.3 2 7
4483606.3 2 7
4483606.3 2 7
4483606.3 2 7
4483606.3 2 7
4483606.3 2 5
4483606.3 2 5
4483606.3 1 5
4483606.3 1 5
4483606.3 1 5
4483606.3 1 5
4483606.3 1 4
4483606.3 1 4
4483606.3 1 4
4483606.3 1 4
4483606.3 1 3
4483606.3 1 3
4483606.3 1 3
4483606.3 1 3
4483606.3 1 3
4483606.3 1 3
4483606.3 1 3
4483606.3 1 3
4483606.3 1 3
4483606.3 1 3
4483606.3 1 3
4483606.3 1 3
4483606.3 1 3
4483606.3 1 3
4483606.3 1 1
4483606.3 1 1
4483606.3 1 1
4483606.3 1 1
4483606.3 1 1
4483606.3 1 1
4483606.3 1 1
4483606.3 1 1
4483606.3 1 1
4483606.3 1 1
4483614.3 481 226
4483614.3 222 180
4483614.3 159 123
4483614.3 155 118
4483614.3 140 105
4483614.3 126 94
4483614.3 123 88
4483614.3 111 76
4483614.3 109 72
4483614.3 97 69
4483614.3 82 65
4483614.3 65 61
4483614.3 64 54
4483614.3 41 50
4483614.3 33 47
4483614.3 32 42
4483614.3 30 41
4483614.3 27 41
4483614.3 27 40
4483614.3 24 35
4483614.3 19 34
4483614.3 19 34
4483614.3 16 33
4483614.3 12 32
4483614.3 12 30
4483614.3 12 29
4483614.3 10 27
4483614.3 10 27
4483614.3 10 26
4483614.3 8 26
4483614.3 8 24
4483614.3 7 24
4483614.3 7 22
4483614.3 7 21
4483614.3 6 21
4483614.3 6 21
4483614.3 6 21
4483614.3 6 21
4483614.3 5 18
4483614.3 5 18
4483614.3 5 15
4483614.3 5 15
4483614.3 5 15
4483614.3 5 15
4483614.3 4 13
4483614.3 4 13
4483614.3 3 13
4483614.3 3 11
4483614.3 3 11
4483614.3 3 11
4483614.3 3 11
4483614.3 3 10
4483614.3 3 8
4483614.3 2 8
4483614.3 2 8
4483614.3 2 8
4483614.3 2 8
4483614.3 2 8
4483614.3 2 8
4483614.3 2 7
4483614.3 2 5
4483614.3 2 5
4483614.3 2 5
4483614.3 2 5
4483614.3 2 5
4483614.3 2 5
4483614.3 2 5
4483614.3 2 5
4483614.3 2 4
4483614.3 2 4
4483614.3 2 4
4483614.3 1 4
4483614.3 1 3
4483614.3 1 3
4483614.3 1 3
4483614.3 1 3
4483614.3 1 3
4483614.3 1 3
4483614.3 1 2
4483614.3 1 2
4483614.3 1 2
4483614.3 1 2
4483614.3 1 2
4483614.3 1 1
4483614.3 1 1
4483614.3 1 1
4483614.3 1 1
4483615.3 305 216
4483615.3 295 115
4483615.3 267 93
4483615.3 112 84
4483615.3 96 82
4483615.3 81 81
4483615.3 77 75
4483615.3 66 71
4483615.3 61 69
4483615.3 61 67
4483615.3 50 56
4483615.3 44 49
4483615.3 40 48
4483615.3 36 47
4483615.3 33 46
4483615.3 33 41
4483615.3 29 37
4483615.3 28 37
4483615.3 27 36
4483615.3 23 35
4483615.3 23 34
4483615.3 22 34
4483615.3 18 30
4483615.3 16 28
4483615.3 16 28
4483615.3 12 27
4483615.3 8 24
4483615.3 7 24
4483615.3 7 23
4483615.3 6 22
4483615.3 6 20
4483615.3 6 17
4483615.3 6 17
4483615.3 6 17
4483615.3 6 17
4483615.3 5 17
4483615.3 4 16
4483615.3 4 16
4483615.3 4 16
4483615.3 3 13
4483615.3 3 13
4483615.3 3 13
4483615.3 3 13
4483615.3 3 12
4483615.3 2 12
4483615.3 2 10
4483615.3 2 10
4483615.3 2 7
4483615.3 2 6
4483615.3 2 6
4483615.3 2 6
4483615.3 2 6
4483615.3 2 6
4483615.3 2 6
4483615.3 2 6
4483615.3 2 6
4483615.3 2 6
4483615.3 1 5
4483615.3 1 5
4483615.3 1 3
4483615.3 1 2
4483615.3 1 2
4483615.3 1 2
4483615.3 1 2
4483615.3 1 2
4483615.3 1 2
4483615.3 1 2
4483615.3 1 2
4483615.3 1 1
4483615.3 1 1
4483615.3 1 1
4483615.3 1 1
4483615.3 1 1
4483619.3 1567 336
4483619.3 478 215
4483619.3 212 170
4483619.3 170 137
4483619.3 143 136
4483619.3 132 136
4483619.3 127 136
4483619.3 123 128
4483619.3 105 98
4483619.3 102 96
4483619.3 92 91
4483619.3 68 91
4483619.3 56 90
4483619.3 55 90
4483619.3 53 90
4483619.3 50 85
4483619.3 49 79
4483619.3 46 74
4483619.3 45 74
4483619.3 41 72
4483619.3 36 72
4483619.3 36 62
4483619.3 35 60
4483619.3 34 59
4483619.3 34 59
4483619.3 31 59
4483619.3 29 52
4483619.3 28 51
4483619.3 28 50
4483619.3 27 49
4483619.3 26 45
4483619.3 25 45
4483619.3 25 45
4483619.3 23 43
4483619.3 23 43
4483619.3 20 43
4483619.3 19 42
4483619.3 18 42
4483619.3 18 42
4483619.3 17 36
4483619.3 16 36
4483619.3 15 36
4483619.3 15 36
4483619.3 14 36
4483619.3 14 36
4483619.3 12 36
4483619.3 12 36
4483619.3 11 35
4483619.3 11 31
4483619.3 11 30
4483619.3 10 30
4483619.3 10 30
4483619.3 10 30
4483619.3 9 30
4483619.3 9 26
4483619.3 9 26
4483619.3 9 26
4483619.3 9 24
4483619.3 9 22
4483619.3 9 20
4483619.3 9 20
4483619.3 9 20
4483619.3 8 20
4483619.3 8 19
4483619.3 8 19
4483619.3 8 18
4483619.3 7 18
4483619.3 7 18
4483619.3 7 17
4483619.3 7 17
4483619.3 7 17
4483619.3 7 17
4483619.3 7 17
4483619.3 7 17
4483619.3 7 16
4483619.3 7 16
4483619.3 7 16
4483619.3 7 16
4483619.3 7 14
4483619.3 7 14
4483619.3 7 14
4483619.3 7 14
4483619.3 6 14
4483619.3 6 14
4483619.3 6 14
4483619.3 6 14
4483619.3 6 12
4483619.3 5 11
4483619.3 5 11
4483619.3 5 10
4483619.3 5 10
4483619.3 5 10
4483619.3 4 10
4483619.3 4 10
4483619.3 4 10
4483619.3 4 10
4483619.3 4 10
4483619.3 4 9
4483619.3 4 9
4483619.3 3 7
4483619.3 3 7
4483619.3 3 7
4483619.3 3 7
4483619.3 3 7
4483619.3 3 7
4483619.3 2 6
4483619.3 2 6
4483619.3 2 6
4483619.3 2 6
4483619.3 2 6
4483619.3 2 6
4483619.3 2 6
4483619.3 2 6
4483619.3 2 6
4483619.3 2 6
4483619.3 2 6
4483619.3 2 6
4483619.3 1 6
4483619.3 1 4
4483619.3 1 3
4483619.3 1 3
4483619.3 1 3
4483619.3 1 3
4483619.3 1 3
4483619.3 1 3
4483619.3 1 3
4483619.3 1 3
4483619.3 1 3
4483619.3 1 3
4483619.3 1 3
4483619.3 1 3
4483619.3 1 3
4483619.3 1 3
4483619.3 1 3
4483619.3 1 3
4483619.3 1 3
4483619.3 1 2
4483619.3 1 2
4483619.3 1 2
4483619.3 1 2
4483619.3 1 1
4483619.3 1 1
4483619.3 1 1
4483619.3 1 1
4483619.3 1 1
4483619.3 1 1
4483619.3 1 1
