HYDRO micro 10433.0 42 915067.563879 0.181469413544 0.0646 0.104635984739 0.215472424952 -0.143553614634 0.433836614833 0.0990455516527 0.581903575194 0.631508476966 6071.0 68.8584299818 5.59375436063 1.01239973533 42.0 42.0 42 39 4.43112506445 0.411192028509 0.491843308711 5.9208544819
HYDRO micro 7240.0 19 794586.608187 0.10943322349 0.1617 0.0776145138093 0.326141320151 -0.429560512826 0.516329869311 0.19853362613 0.518232044199 0.674510469766 3752.0 71.7403314917 3.13397658504 0.429822398464 19.0 19.0 19 16 2.02534460306 0.223297734993 0.446371336264 7.25581959434
HYDRO micro 2855.0 48 31421.829344 0.234850224694 0.1031 0.117695133867 0.33461033275 -0.111401912807 0.604155514185 0.199337524808 0.410858143608 0.797983811852 1173.0 53.0647985989 5.42915364215 0.770685429891 48.0 48.0 48 36 5.90687711054 0.89833471153 0.361666569824 12.2763610551
HYDRO micro 4911.0 12 478460.568182 0.187672934959 0.2763 0.102953203268 0.401496640195 -0.510798627381 0.608042239053 0.320994042804 0.436978212177 0.698444447181 2146.0 74.5265729994 1.78530224346 0.00770850902469 12.0 12.0 12 12 1.29423445308 0.171236474971 0.38318693382 10.4816684498
HYDRO micro 124.0 15 31.3523809524 0.790254616379 0.7002 0.300988718205 0.736559139785 -0.130339875118 0.930743976042 0.816773576246 0.161290322581 0.904786680541 20.0 31.4516129032 1.18285869206 0.561655356798 15.0 15.0 15 15 2.90439465194 1.3470397652 0.142939826685 4431.25822699
HYDRO micro 6801.0 50 179584.46898 0.193954955322 0.0951 0.105473839328 0.341582120276 -0.119609600597 0.580199602694 0.177082078503 0.405528598735 0.789752348147 2758.0 55.8741361564 5.18107453794 0.538262525248 50.0 50.0 50 46 5.55251807687 0.606294483753 0.357210379134 12.7193855463
HYDRO micro 10264.0 39 1215571.67746 0.208646340177 0.0552 0.114129173793 0.204376261566 -0.141491720998 0.377699901406 0.0786774531154 0.662314886984 0.535898062772 6798.0 80.5339049104 5.57718442014 1.12986093004 39.0 39.0 39 37 4.11415796347 0.384951738531 0.544736370794 4.87732768657
HYDRO micro 7307.0 107 53134.339799 0.227876271897 0.0814 0.118536752056 0.306077004639 -0.0496116210587 0.620131694682 0.161638196564 0.242370329821 0.885166234522 1771.0 42.5208703982 5.72700402013 1.03987893745 107.0 107.0 107 87 11.9146800037 1.25174026936 0.214794032723 111.483238111
HYDRO micro 5931.0 58 138715.458258 0.235122905083 0.0712 0.118170666139 0.299286623759 -0.0918150765796 0.542046092257 0.140939765695 0.441240937447 0.757985762248 2617.0 63.4800202327 5.83993985159 0.760085465227 58.0 58.0 58 50 6.56081266442 0.753119740894 0.386646046913 10.2376251122
HYDRO micro 3315.0 22 56830.3225108 0.150497400045 0.2951 0.0920854123185 0.349348690525 -0.312049027629 0.6654873446 0.324897878334 0.211463046757 0.845944823225 701.0 38.8536953243 1.28750612989 0.449882964839 22.0 22.0 22 19 2.59060553335 0.382103410861 0.18740421413 289.13698023
HYDRO micro 2270.0 18 80335.5163399 0.164975692842 0.1733 0.10197420029 0.309006363191 -0.343859126524 0.522549332528 0.207551118268 0.511013215859 0.679408488424 1160.0 69.0748898678 2.95258107582 0.95214898082 18.0 18.0 18 17 2.1999253005 0.377797932145 0.44099596904 7.4536583887
HYDRO micro 3246.0 20 68082.3263158 0.233937123507 0.2894 0.118195814241 0.455268022181 -0.266205747405 0.72174113581 0.404723246765 0.34011090573 0.82723036723 1104.0 47.9359211337 2.56560521771 -0.270161474295 20.0 20.0 20 18 2.3499789667 0.351039298416 0.301074698004 22.1501169545
HYDRO micro 5342.0 73 26669.2039574 0.24998475022 0.1691 0.122320144942 0.347153341573 -0.0704155145383 0.702343428606 0.26883341404 0.147697491576 0.919013809598 789.0 29.4084612505 3.25186005826 0.784780322944 73.0 73.0 73 66 8.38832795542 0.998782486086 0.130893493857 15007.8720963
HYDRO micro 1808.0 26 19974.7384615 0.188644738535 0.2011 0.106047468967 0.315648400272 -0.22875112525 0.609194735682 0.251108110936 0.309734513274 0.808773323087 560.0 53.3738938053 2.36276475737 0.825090838467 26.0 26.0 26 19 3.33334375961 0.611468564449 0.274397968191 31.8421913148
HYDRO micro 6068.0 125 19764.975871 0.253541143581 0.1073 0.121918521158 0.376051417271 -0.041261513488 0.709452145939 0.239812136889 0.222478576137 0.925437928483 1350.0 30.7514831905 6.94914449757 0.687747166426 125.0 125.0 125 97 14.2352278685 1.60467551863 0.197166373674 197.51919597
HYDRO micro 6785.0 21 612956.690476 0.190981053215 0.1517 0.104884621854 0.37985051058 -0.28641419049 0.572599284146 0.235806318633 0.523949889462 0.686087749376 3555.0 69.1672807664 3.62883023183 -0.0168108766768 21.0 21.0 21 20 2.26693896036 0.254943749485 0.450596382434 7.107361015
HYDRO micro 700.0 11 11081.6545455 0.28267229789 0.2867 0.126560837039 0.493636363636 -0.451245989631 0.653371274541 0.379088852768 0.521428571429 0.682934693878 365.0 65.0 2.37243226366 0.244772121493 11.0 11.0 11 11 1.5264657871 0.41576092031 0.448736866623 7.17196303731
HYDRO micro 14218.0 106 419129.334771 0.203603947139 0.0415 0.113759054308 0.230777090958 -0.0522313264741 0.485943988408 0.0823085854603 0.422422281615 0.772865081146 6006.0 60.9931073287 7.75625747535 1.23225845686 106.0 106.0 106 91 10.9806631034 0.888968987185 0.371261466116 11.4117209938
HYDRO micro 2943.0 72 15884.5334507 0.330674084594 0.0964 0.141970018016 0.41292898403 -0.0612444676697 0.682393248021 0.246634567682 0.34794427455 0.85589872777 1024.0 45.5997281685 6.88610717963 0.687774477934 72.0 72.0 72 65 8.88923973065 1.32720303266 0.30790905483 20.4345373159
HYDRO micro 3116.0 79 4319.12171373 0.277791869394 0.2673 0.125895000315 0.460981297021 -0.0631729221952 0.802727297741 0.414922047282 0.117137355584 0.952644514791 365.0 20.892169448 2.95279273721 0.247565479514 79.0 79.0 79 65 9.69630018425 1.4152343687 0.103810278495 1182721.70284
HYDRO micro 4757.0 117 23336.1579723 0.34846516294 0.0667 0.148775618509 0.390196004449 -0.0359049229756 0.67218404746 0.203090374062 0.32940929157 0.871828241655 1567.0 42.9892789573 8.8578973656 0.933232007872 117.0 117.0 117 105 13.6996453208 1.69636493232 0.291704217474 24.9272091812
HYDRO micro 3606.0 47 18120.4218316 0.207182084196 0.2492 0.10786094663 0.386489420705 -0.124375374225 0.727185599348 0.335671652878 0.141708264004 0.914620945125 511.0 27.3987798114 2.12097146506 0.504217875423 47.0 47.0 47 43 5.61636258119 0.782681370396 0.12558567912 28648.2368999
HYDRO micro 5802.0 28 173698.100529 0.132822356873 0.204 0.0850716838593 0.406879401192 -0.265669172947 0.663985772944 0.301439508407 0.360392967942 0.824968948291 2091.0 48.5694588073 3.52588081236 0.0999796059636 28.0 28.0 28 24 3.11563939152 0.367594639084 0.31871902103 18.1421693476
HYDRO micro 3987.0 16 189487.895833 0.144099324529 0.259 0.0882302279319 0.383888261851 -0.448073866888 0.620055969731 0.305322698913 0.366942563331 0.758694752176 1463.0 63.2304991221 1.90294763074 0.0706743150799 16.0 16.0 16 14 1.80923556556 0.253394313678 0.32437768891 17.1114189845
HYDRO micro 4759.0 22 87180.0367965 0.151722933937 0.3599 0.0925940085508 0.46141282546 -0.31031080811 0.735130794589 0.414375614013 0.212859844505 0.8737094326 1013.0 39.9873923093 1.43323799414 0.121454656869 22.0 22.0 22 21 2.47998509104 0.318907570063 0.188642087217 274.672459685
HYDRO micro 2424.0 71 5080.4084507 0.265867660406 0.1888 0.126673924175 0.382414121694 -0.0698472616545 0.734463394849 0.312741166115 0.198432343234 0.925390961126 481.0 29.001650165 4.06198652752 0.795309882159 71.0 71.0 71 53 8.98221916789 1.44208892307 0.175856081082 490.010494865
HYDRO micro 4541.0 60 38053.5420904 0.219887412336 0.1328 0.11357396739 0.35121852749 -0.0924289676592 0.65237584496 0.22805357135 0.258533362695 0.874454340281 1174.0 42.413565294 4.1817990012 0.75840096324 60.0 60.0 60 50 7.00637488465 0.890380211698 0.229114915263 76.2521054026
HYDRO micro 5284.0 21 786992.947619 0.169259110048 0.0779 0.100259868548 0.221846725064 -0.299862566997 0.319812916779 0.0823831813605 0.774034822104 0.388645667924 4090.0 87.3391370174 4.13564556807 0.920834510496 21.0 21.0 21 18 2.33305839564 0.288893579677 0.611321324037 3.99843054028
HYDRO micro 5712.0 119 36551.1864407 0.306076323424 0.0598 0.139130331541 0.336484593838 -0.0378371976315 0.613929163143 0.150877160707 0.269257703081 0.85940405574 1538.0 51.2429971989 6.99161384657 1.08778549442 119.0 119.0 119 104 13.6411067521 1.57453696897 0.238613908455 61.2442548271
HYDRO micro 4224.0 23 209560.146245 0.157156881969 0.144 0.096535188737 0.253221755599 -0.284524694453 0.496626614178 0.170244192372 0.471590909091 0.698127067012 1992.0 69.8863636364 3.08710461718 0.915216860916 23.0 23.0 23 20 2.63519198932 0.353888036566 0.410819921767 8.79031422013
HYDRO micro 1279.0 21 8515.69047619 0.254982313217 0.3138 0.12007275756 0.504784243643 -0.249472884364 0.749384689821 0.439576880104 0.304925723221 0.848267038178 390.0 45.191555903 2.44688844666 -0.108856066041 21.0 21.0 21 18 2.79570375196 0.587197262842 0.270156345418 34.0168826585
HYDRO micro 11347.0 77 231231.497608 0.175087505271 0.0869 0.101697421396 0.270179542851 -0.0806052039564 0.584207829403 0.153294121239 0.29223583326 0.850523728473 3316.0 50.8504450516 5.29510684117 0.904474696113 77.0 77.0 77 68 8.13991339772 0.722853349468 0.258947542952 41.0499927029
HYDRO micro 2601.0 24 44550.4184783 0.225475307989 0.2157 0.113454924079 0.359669357939 -0.231320092476 0.641781837154 0.290768086763 0.327950788158 0.806872996087 853.0 54.3252595156 2.4572559421 0.562121874774 24.0 24.0 24 23 2.92484994866 0.470588235294 0.290424484232 25.3511510531
HYDRO micro 1312.0 10 60352.1777778 0.17862979941 0.2406 0.0988077322449 0.364634146341 -0.639119683941 0.528081964351 0.263723300959 0.590701219512 0.584450290006 775.0 83.5365853659 2.07741530315 0.27885936584 10.0 10.0 10 9 1.25360272024 0.276078815187 0.497864206313 5.77984530461
HYDRO micro 2789.0 33 26348.1325758 0.184638212899 0.2185 0.103758893326 0.366483044862 -0.184277084053 0.671232252992 0.295432262521 0.255288633919 0.861303582005 712.0 45.5718895662 2.65279157931 0.626082730537 33.0 33.0 33 30 4.03356003242 0.624870011581 0.226240330542 81.8743862434
HYDRO micro 9641.0 40 666762.794231 0.148722909106 0.082 0.0927639580282 0.269388548906 -0.170353806633 0.484430676921 0.127475617421 0.50876465097 0.695236019033 4905.0 69.7956643502 5.01370919532 0.810230959981 40.0 40.0 40 36 4.25124643321 0.40737929278 0.43931217665 7.5178029324
HYDRO micro 7347.0 33 172778.613636 0.252612640436 0.2283 0.120409300967 0.428263855377 -0.15830103542 0.720241815239 0.35649593919 0.290867020553 0.867268688857 2137.0 39.9482782088 3.28717444396 0.149750132306 33.0 33.0 33 33 3.59467870228 0.384998395843 0.257737383216 41.9440211772
HYDRO micro 1677.0 15 49774.7428571 0.194734623506 0.212 0.10492588466 0.336553369112 -0.400819288083 0.562324638075 0.256075765852 0.487775790101 0.685550659258 818.0 71.4370900417 2.42035446996 0.564964651283 15.0 15.0 15 13 1.88558238622 0.366289717879 0.423377284471 8.18211489743
HYDRO micro 3320.0 27 115659.11396 0.203934301879 0.1195 0.111304724277 0.290919232485 -0.20967456643 0.512268518869 0.169637104178 0.50421686747 0.690142437219 1674.0 70.9638554217 3.86684868587 1.03464119409 27.0 27.0 27 27 3.20682014197 0.468591840788 0.43589290187 7.65140997561
HYDRO micro 3479.0 12 191804.083333 0.185877527835 0.3234 0.101148953087 0.476789307272 -0.520069427948 0.665492393791 0.38420096835 0.389767174475 0.7423488907 1356.0 68.1805116413 1.67100984942 -0.128270262216 12.0 12.0 12 12 1.34894840441 0.203448284262 0.343913451902 14.2286826344
HYDRO micro 6510.0 47 112923.603145 0.224164800651 0.1479 0.112195225661 0.416913422885 -0.119475471982 0.675585901859 0.271274556873 0.289093701997 0.856154421533 1882.0 50.2150537634 4.18745527281 0.215224808494 47.0 47.0 47 46 5.23852678819 0.582515336059 0.256169335762 43.1482593273
HYDRO micro 5554.0 28 329528.830688 0.218435718289 0.1102 0.118940564674 0.234978651165 -0.188928455234 0.471763161253 0.141345396154 0.47245228664 0.675852393153 2624.0 77.1876125315 3.45512904241 1.07206889269 28.0 28.0 28 26 3.1314246149 0.375712023586 0.411494147857 8.75548511766
HYDRO micro 12113.0 32 1367100.57964 0.132398204393 0.0976 0.086255284334 0.24305498225 -0.229232127666 0.468322619354 0.131248083224 0.512011888054 0.679909075202 6202.0 69.7762734252 4.21177880596 0.634666335436 32.0 32.0 32 28 3.29715870374 0.290752943241 0.441742363851 7.42556299176
HYDRO micro 4156.0 23 97394.4031621 0.149762312799 0.2595 0.0899459369078 0.445589404528 -0.305680273668 0.691568760199 0.352016731856 0.324350336862 0.832469215513 1348.0 49.7112608277 2.62719061932 -0.0498056222478 23.0 23.0 23 20 2.64032475396 0.356771427921 0.287262909023 26.4508448183
HYDRO micro 12745.0 64 441443.551339 0.142145901717 0.0836 0.0894898384157 0.288526137701 -0.110421236879 0.577367111799 0.159308534478 0.393879952923 0.813162272115 5020.0 48.8034523342 6.22429368861 0.545010532078 64.0 64.0 64 49 6.66462544577 0.566904695429 0.347399544771 13.8031283935
HYDRO micro 7301.0 27 635483.404558 0.143883163208 0.1067 0.0936178237122 0.208687800251 -0.250041088147 0.417925769323 0.114024630827 0.430078071497 0.652997815329 3140.0 82.3174907547 3.15947969645 1.11524999992 27.0 27.0 27 22 2.92273855163 0.315989455057 0.3775553854 10.9027901698
HYDRO micro 4557.0 100 7233.50010101 0.280785536916 0.2248 0.127473945368 0.421009436032 -0.0492719250941 0.779900073507 0.356475770193 0.104893570331 0.955515365341 478.0 18.2137371077 2.93390009507 0.522148970056 100.0 100.0 100 87 11.7515511398 1.4813595639 0.0929595063345 20740286.9176
HYDRO micro 5242.0 55 85258.2915825 0.20268227556 0.0979 0.110537354122 0.289483542021 -0.103660438332 0.570201692262 0.163436480087 0.350247996948 0.814271298893 1836.0 51.8504387638 4.64534907992 0.929700591944 55.0 55.0 55 49 6.30512725727 0.759651117737 0.309914502218 19.9731974173
HYDRO micro 10547.0 17 1811170.13235 0.139628523949 0.1842 0.0894618420455 0.26161328284 -0.415835300502 0.493440812759 0.190449446347 0.392813122215 0.680668306442 4143.0 77.1119749692 2.11841943107 0.659696545217 17.0 17.0 17 17 1.72719090134 0.165532947557 0.34649634992 13.9111937759
HYDRO micro 9138.0 21 1251283.32857 0.136975235201 0.1371 0.0894950662356 0.221211268486 -0.336501945603 0.446065429943 0.144431363829 0.474830378639 0.652683296192 4339.0 80.1378857518 2.7524780101 0.715087084229 21.0 21.0 21 18 2.19293512959 0.219681617647 0.413352110181 8.6608493677
HYDRO micro 3269.0 45 32349.3252525 0.210423971028 0.143 0.110971461056 0.348472179736 -0.126190348277 0.630215245468 0.227553250193 0.312633832976 0.844582734946 1022.0 46.0385438972 3.89174280441 0.777634367086 45.0 45.0 45 37 5.43730823923 0.787054947876 0.276953421268 30.6373341717
HYDRO micro 2249.0 84 1186.80364314 0.398732147043 0.3794 0.154349635662 0.553632302187 -0.0481356508985 0.866128022216 0.547186518436 0.0858159181859 0.968620211819 193.0 14.3619386394 2.42326888954 0.167444294718 84.0 84.0 84 77 10.7537456419 1.77126914881 0.0760523773288 24337769734.3
HYDRO micro 18363.0 40 2342534.37885 0.10336692213 0.0845 0.0798465174982 0.240625170179 -0.198279805979 0.46931679844 0.119172477319 0.504547187279 0.704066122892 9265.0 64.3522300278 5.02286576697 0.93506196002 40.0 40.0 40 31 3.97225813641 0.29518084675 0.436141875658 7.64152643769
HYDRO micro 6166.0 41 149381.093902 0.149449318869 0.1343 0.0932931097795 0.274364532487 -0.165242652561 0.576128139136 0.187378315033 0.318520921181 0.81844738008 1964.0 54.9464807006 3.55290079002 0.772292169418 41.0 41.0 41 31 4.58357866495 0.522134147003 0.282137289837 28.4076763897
HYDRO micro 2275.0 25 54111.25 0.187592436978 0.1375 0.105238210952 0.34021978022 -0.239764730286 0.549185436785 0.202404823404 0.498461538462 0.709079579761 1134.0 64.6153846154 3.86153231769 0.789749918419 25.0 25.0 25 21 3.10489285481 0.524142418361 0.431539256709 7.82831880089
HYDRO micro 3122.0 43 9949.76854928 0.23171442638 0.3517 0.114337001213 0.523665509587 -0.128091360332 0.817293578988 0.491151061596 0.182575272261 0.933869942435 570.0 25.6566303652 3.01990589061 -0.1305127446 43.0 43.0 43 39 5.21983645661 0.769576869855 0.161803121977 1076.71891907
HYDRO micro 9962.0 39 459281.51552 0.166746454838 0.1272 0.0955355126206 0.387565054901 -0.169579490404 0.616502477766 0.225516651993 0.38988154989 0.798497994447 3884.0 58.3015458743 4.46543833492 0.147727998514 39.0 39.0 39 36 4.12750374635 0.39074311856 0.344010549762 14.2165154407
HYDRO micro 4493.0 58 34196.3233515 0.216875239144 0.1515 0.110243112568 0.396509512882 -0.0985663942022 0.691856537184 0.273638009503 0.271088359671 0.886202138807 1218.0 40.7745381705 4.65750732616 0.466451922243 58.0 58.0 58 50 6.77742331123 0.865286213614 0.240235003108 59.1291693748
HYDRO micro 8496.0 41 840978.52561 0.168130939829 0.0497 0.100634120774 0.215851936062 -0.15300738609 0.363056532053 0.0712657331332 0.68879472693 0.509577593399 5852.0 78.9783427495 5.90466566597 1.05255396746 41.0 41.0 41 34 4.42118374031 0.444812112518 0.561181381285 4.62501368858
HYDRO micro 7841.0 79 25821.935086 0.257671480808 0.2787 0.120930620292 0.465127316814 -0.0658337590047 0.807348893674 0.423647609295 0.11325086086 0.95458202961 888.0 19.4873102921 2.74772589206 -0.0341758779315 79.0 79.0 79 74 8.69844337907 0.892157158155 0.100365962224 2663599.25063
HYDRO micro 7595.0 60 235720.823446 0.188123637797 0.0647 0.119303518426 0.163122668422 -0.0878920308498 0.430765205924 0.0819320359864 0.391441737986 0.742234890856 2973.0 67.1757735352 4.74994575769 1.78892958565 60.0 60.0 60 39 6.60306429869 0.688473710488 0.345334202057 14.0524724972
HYDRO micro 7319.0 63 99275.952893 0.176951912018 0.1214 0.101394130924 0.288802572994 -0.0988172233805 0.618089792972 0.192686278192 0.273261374505 0.869223748217 2000.0 42.6970897664 4.27860460325 0.771436079423 63.0 63.0 63 52 6.96767863586 0.736401519352 0.242159077481 56.7585232962
HYDRO micro 1987.0 57 4340.26566416 0.270447173796 0.2218 0.125226596107 0.444909455319 -0.0880351627089 0.751975026407 0.35555291706 0.153497735279 0.920894723605 305.0 30.1962757927 3.13629070656 0.518258944925 57.0 57.0 57 44 7.37387263181 1.2787213669 0.136033826 8586.95842524
HYDRO micro 3154.0 23 63387.3913043 0.166751391472 0.2367 0.095466999527 0.396528907392 -0.287757323811 0.656712264244 0.310865856539 0.297400126823 0.816336533934 938.0 54.8509828789 2.30068660904 0.141839434475 23.0 23.0 23 18 2.73073915209 0.409540627633 0.263511488447 37.9324536934
HYDRO micro 4958.0 87 43703.3138198 0.23756179961 0.0699 0.12554122787 0.268028450478 -0.0575298546947 0.557573744777 0.128629744132 0.297498991529 0.835608461622 1475.0 53.4489713594 5.56561000106 1.31512387603 87.0 87.0 87 59 10.1072333829 1.23556612068 0.263598830607 37.8764490997
HYDRO micro 6469.0 108 29210.6343891 0.25115219647 0.1103 0.12200213326 0.352923916342 -0.0477228378875 0.684032721771 0.220557189667 0.19384758077 0.916052803624 1254.0 34.0701808626 5.17452260808 0.811361083838 108.0 108.0 108 93 12.1940423378 1.34278097666 0.171792943526 604.074756077
HYDRO micro 3550.0 27 81557.1054131 0.186687809019 0.1804 0.101914676458 0.378142931664 -0.229375623471 0.628817477088 0.267096140899 0.370704225352 0.794703907955 1316.0 58.8732394366 3.21141402722 0.372499190625 27.0 27.0 27 26 3.18054373031 0.45315793348 0.327617764556 16.5657868038
HYDRO micro 4700.0 63 25759.0819252 0.239683171613 0.18 0.115638796699 0.425413711584 -0.0864216173787 0.735121591919 0.322982375395 0.226808510638 0.911828972386 1066.0 34.8936170213 4.43621216444 0.310986052145 63.0 63.0 63 57 7.33266348548 0.918949446437 0.201003592347 172.382857406
HYDRO micro 6483.0 54 110433.525157 0.160890257826 0.1174 0.0960621783794 0.32139613005 -0.12179238983 0.613308216881 0.19901111804 0.337806571032 0.842222003803 2190.0 46.4908221502 4.89709380325 0.647388904216 54.0 54.0 54 42 6.03855195332 0.670665164648 0.299060072467 22.7023791258
HYDRO micro 4657.0 33 164982.297348 0.176218239503 0.1107 0.105619415615 0.232871988079 -0.180972247647 0.483120654569 0.137979265808 0.398110371484 0.726266549223 1854.0 70.8181232553 3.4304621854 1.22373371646 33.0 33.0 33 29 3.78871889728 0.483571637797 0.3509734895 13.3898123228
HYDRO micro 6430.0 47 290605.462535 0.211947387887 0.0617 0.119336355728 0.196303894643 -0.112170983256 0.42242106231 0.0888141214584 0.542146189736 0.655398126492 3486.0 73.7947122862 5.46808689748 1.51222465129 47.0 47.0 47 42 5.24591371371 0.586127868893 0.463852350444 6.67792539772
HYDRO micro 5181.0 44 153381.587209 0.185763014637 0.0847 0.103600652057 0.301003667246 -0.13842269622 0.532700057175 0.151325950768 0.483883420189 0.731567441963 2507.0 62.7099015634 5.43086855459 0.743958858832 44.0 44.0 44 35 5.02762071532 0.611288014027 0.420378762361 8.31991284313
HYDRO micro 5612.0 46 183758.622222 0.207038493688 0.0765 0.111135407292 0.27102637206 -0.123261226792 0.507542990669 0.132912341569 0.494654312188 0.715703075428 2776.0 65.9479686386 5.4760551907 0.970370914931 46.0 46.0 46 41 5.21276029341 0.614043304929 0.428642969514 7.95044222098
HYDRO micro 3303.0 85 7003.52745098 0.279404408111 0.1791 0.12815917802 0.433858702427 -0.0576485719068 0.760259385935 0.336897716079 0.196790796246 0.934311682267 650.0 29.27641538 5.19039374164 0.6039264046 85.0 85.0 85 74 10.367060046 1.47898796109 0.174401298998 527.31651418
HYDRO micro 4723.0 29 81717.7660099 0.178903567721 0.2516 0.0987975782922 0.399358969679 -0.220409116025 0.690184891193 0.329179923879 0.21300021173 0.862942926325 1006.0 41.9225068812 2.06622874672 0.242632357744 29.0 29.0 29 27 3.30961463729 0.421977237927 0.188766483693 273.273451426
HYDRO micro 930.0 29 3738.35221675 0.301013117193 0.2217 0.134765584269 0.425176121617 -0.160452753827 0.695245323222 0.335450988516 0.275268817204 0.844493004972 256.0 48.8172043011 2.68938681101 0.693973411478 29.0 29.0 29 25 4.09645118535 0.950947461887 0.243936349383 54.6940736028
HYDRO micro 1662.0 12 90314.0909091 0.212826290961 0.1881 0.112582567346 0.417569193742 -0.466301741466 0.539873178159 0.256809830612 0.650421179302 0.55701161809 1081.0 74.9097472924 2.88651518868 -0.0413748080587 12.0 12.0 12 11 1.48332400455 0.294351149612 0.537201699203 5.00261165193
HYDRO micro 11371.0 28 895902.099206 0.128550241924 0.1603 0.0855640194032 0.273813711572 -0.264122107566 0.545759425352 0.191226410053 0.360390466977 0.7772058702 4098.0 58.4117491865 2.77595392346 0.719086615252 28.0 28.0 28 27 2.89115708045 0.262578220984 0.318716856263 18.1425839841
HYDRO micro 3476.0 77 9738.30827068 0.250468518381 0.1749 0.121959815358 0.369225710998 -0.0669597325052 0.72347509778 0.291642461025 0.186421173763 0.925758546853 648.0 29.8906789413 3.98063880362 0.778423284891 77.0 77.0 77 63 9.32099325324 1.30602304824 0.165211463173 874.34987671
HYDRO micro 4503.0 23 124146.086957 0.209846691737 0.244 0.108044685206 0.430090084871 -0.253717766156 0.679611072583 0.337390150283 0.290473017988 0.821826631334 1308.0 55.3852986898 2.43363276059 0.203450145817 23.0 23.0 23 22 2.6151562913 0.342749525743 0.257389013988 42.2070114773
HYDRO micro 6246.0 38 175402.5633 0.171614974309 0.1366 0.0984329589571 0.320356607176 -0.168840135004 0.603980860151 0.216169479155 0.382965097663 0.807330037365 2392.0 52.9618956132 4.28303377994 0.625246762371 38.0 38.0 38 35 4.2335566046 0.480820091401 0.338123886396 14.9889354599
HYDRO micro 6625.0 61 92067.142623 0.181773854013 0.1152 0.101412121832 0.337853386947 -0.102038717135 0.622660375346 0.19886093429 0.273509433962 0.857747594162 1812.0 45.9622641509 4.29221917572 0.552013319632 61.0 61.0 61 48 6.81926232189 0.749440042537 0.242378705449 56.4970786315
HYDRO micro 1111.0 23 5171.40316206 0.278873570608 0.3205 0.124999594276 0.488866277932 -0.218580705955 0.758879911215 0.445414016726 0.282628262826 0.864348901137 314.0 42.4842484248 2.45123499085 0.120897659155 23.0 23.0 23 20 3.13702416477 0.690034502588 0.250450037341 48.0274330514
HYDRO micro 660.0 16 2198.73333333 0.329204229789 0.4522 0.137770854774 0.524621212121 -0.284281042545 0.794345429987 0.536442523542 0.218181818182 0.861786042241 144.0 39.5454545455 0.991278980939 0.12325152746 16.0 16.0 16 16 2.310450689 0.622799155329 0.19335852485 227.745900858
HYDRO micro 5558.0 17 280598.433824 0.206399408512 0.2881 0.109658740187 0.446341256906 -0.33811364979 0.690406323951 0.379466888591 0.300647715005 0.79584216482 1671.0 59.9856063332 1.99533310869 -0.396388385108 17.0 17.0 17 16 1.85550410021 0.228028772892 0.266379938442 36.159055496
HYDRO micro 5001.0 17 470958.529412 0.132013315711 0.1633 0.0871569232367 0.267852311891 -0.426976552785 0.457906125441 0.166223145757 0.4475104979 0.639883540988 2238.0 83.8632273545 2.32415598134 0.749327649604 17.0 17.0 17 15 1.87850903181 0.240392267579 0.391705574527 9.89913023447
HYDRO micro 8068.0 22 492114.017316 0.108617478637 0.2226 0.0779697580273 0.467717582368 -0.369276904455 0.664070754865 0.323270289932 0.406296479921 0.79578100892 3278.0 50.6321269212 3.42970489156 -0.0902033549372 22.0 22.0 22 20 2.33445882805 0.244928733071 0.357853719136 12.653657424
HYDRO micro 3337.0 27 102201.096866 0.177038655285 0.1344 0.101020189051 0.289892229658 -0.231441604171 0.525787683152 0.17911902111 0.423434222355 0.724337660698 1413.0 71.1417440815 3.24678628212 0.791741964395 27.0 27.0 27 22 3.20480129377 0.467396720502 0.372096102412 11.3417481489
HYDRO micro 971.0 10 33710.1 0.27860506846 0.2371 0.127953992296 0.423480947477 -0.490820261772 0.564447964996 0.296461935301 0.622039134912 0.5782162634 604.0 77.6519052523 2.39903926847 0.681139365669 10.0 10.0 10 10 1.30845781187 0.320915271903 0.518829570648 5.33749810425
HYDRO micro 3611.0 15 172691.066667 0.260010398841 0.2645 0.122148972369 0.440856641743 -0.343181079495 0.646660198096 0.340103201198 0.38687344226 0.747919159288 1397.0 67.9867072833 2.06595555972 0.574560201704 15.0 15.0 15 15 1.70903861251 0.249618928622 0.341454038403 14.5431299113
HYDRO micro 4234.0 37 69106.5855856 0.185924576642 0.163 0.103366324056 0.304242362343 -0.164990604103 0.611330402131 0.224795203098 0.242560226736 0.834195099214 1027.0 47.5436939065 2.74835534673 0.602017495774 37.0 37.0 37 31 4.31091133063 0.568625454837 0.214962305093 110.94302768
HYDRO micro 9360.0 36 447589.942857 0.168225839871 0.1345 0.0973279847867 0.325641025641 -0.180275920373 0.586443591349 0.205105364274 0.320512820513 0.793410219885 3000.0 61.4102564103 3.48013739795 0.322420933035 36.0 36.0 36 34 3.82756258834 0.372104203768 0.283889592953 27.7128876724
HYDRO micro 3528.0 18 129187.647059 0.169028832549 0.2395 0.0973947265578 0.40589569161 -0.36030087137 0.622070867237 0.29633278008 0.348639455782 0.767998062793 1230.0 64.6258503401 2.17026191202 0.382827794678 18.0 18.0 18 17 2.0811689133 0.303045763366 0.308514451705 20.293385989
HYDRO micro 1413.0 17 29542.8602941 0.210156547054 0.199 0.108388173674 0.45759960035 -0.342156178439 0.623520761242 0.303170954566 0.512384996461 0.704427445282 724.0 63.3404104742 3.29889023946 0.0632361290004 17.0 17.0 17 14 2.20584067431 0.452249234532 0.442020993147 7.41512764189
HYDRO micro 3456.0 28 26378.5502646 0.187956056999 0.3746 0.10114603827 0.482845568783 -0.22289343021 0.776605804559 0.455577884964 0.175925925926 0.904655383284 608.0 31.1631944444 1.46382784316 -0.089605813122 28.0 28.0 28 25 3.31375065026 0.476289672208 0.15591029239 1591.03652561
HYDRO micro 2864.0 22 49817.1082251 0.19227393053 0.2627 0.102590223853 0.485017775521 -0.279620591598 0.70887652296 0.378364305328 0.340782122905 0.827003877844 976.0 52.094972067 2.82844237664 -0.111196236383 22.0 22.0 22 20 2.63819939699 0.411089301014 0.301661185915 21.9935508992
HYDRO micro 9417.0 32 317427.886089 0.123253046912 0.2197 0.0833697183385 0.303520229372 -0.237262528757 0.627204366047 0.251321508409 0.202930869704 0.857786121045 1911.0 40.1083147499 1.9166766564 0.595565993607 32.0 32.0 32 28 3.3878774886 0.329756749204 0.179842791711 404.123445523
HYDRO micro 6283.0 29 306386.448276 0.164015753279 0.1369 0.0956368957901 0.332314345772 -0.227809748977 0.572695176263 0.209954651947 0.459653031991 0.74820035997 2888.0 58.2683431482 4.11007724194 0.537106789693 29.0 29.0 29 29 3.20160890822 0.3658596108 0.401407810968 9.30538862065
HYDRO micro 6246.0 32 351676.866935 0.193496488231 0.1006 0.107199512428 0.272324287544 -0.183825261459 0.496129549326 0.147789680541 0.492795389049 0.689301658986 3078.0 73.679154659 4.11318401684 0.702863681168 32.0 32.0 32 29 3.54703391196 0.404901129601 0.427224102131 8.01161728674
HYDRO micro 6852.0 91 80605.2554335 0.238410307279 0.0664 0.116610440701 0.389846872334 -0.0593206361034 0.643904765653 0.191747561407 0.388499708114 0.834495806424 2662.0 44.6584938704 8.47819868229 0.48821464801 91.0 91.0 91 78 10.1898760449 1.09934173373 0.342836881366 14.3648321214
HYDRO micro 7051.0 58 140890.775862 0.181619426471 0.0964 0.104374861552 0.265511372806 -0.104217421855 0.562332983266 0.154547421888 0.341937313856 0.821227581507 2411.0 53.4534108637 4.74201816003 0.976792616249 58.0 58.0 58 47 6.43273718473 0.690720962078 0.3026701847 21.7284899075
HYDRO micro 2035.0 40 10127.7019231 0.255603064762 0.2077 0.121209209608 0.397542997543 -0.129715509618 0.701732998891 0.315672701319 0.220147420147 0.879622333971 448.0 40.8845208845 2.8190666547 0.549906705574 40.0 40.0 40 34 5.1192851875 0.886702197043 0.195100472764 213.182774187
HYDRO micro 3579.0 22 134482.417749 0.158736549752 0.1709 0.0931622591584 0.400137163758 -0.308390999726 0.592862336885 0.24999440141 0.469963677005 0.734069411295 1682.0 62.5873148924 3.49001372272 0.285101140085 22.0 22.0 22 19 2.56634656288 0.367740812792 0.409544431188 8.85692730009
HYDRO micro 4113.0 60 37424.6584746 0.211446697732 0.1132 0.112734104132 0.330889861415 -0.0931323339368 0.625273963047 0.202321075152 0.322149282762 0.852808713059 1325.0 45.8302941892 5.07084847541 0.89074931417 60.0 60.0 60 50 7.08972031717 0.93556053945 0.28532853384 27.1627759362
HYDRO micro 1101.0 14 29149.0164835 0.193288564907 0.186 0.104489987151 0.414687946023 -0.431273548136 0.544208493599 0.246513594916 0.594005449591 0.615968803853 654.0 70.5722070845 3.00405948925 0.477887795439 14.0 14.0 14 11 1.8560890926 0.421924142275 0.500109912961 5.72896091568
HYDRO micro 3964.0 18 115622.535948 0.19617095512 0.3075 0.103870833561 0.417479538065 -0.337470701525 0.6879918948 0.370879472714 0.275479313824 0.819354004405 1092.0 49.0161453078 1.58294341362 0.191902046628 18.0 18.0 18 18 2.05189882287 0.285894422095 0.244122698958 54.4842253418
HYDRO micro 14600.0 20 1803003.15789 0.200944933783 0.2373 0.113161579725 0.530753424658 -0.278319126082 0.717357175826 0.398755998118 0.424383561644 0.789289453931 6196.0 50.4931506849 3.59654440356 -1.07566742117 20.0 20.0 20 19 1.98148318404 0.16552117772 0.372878361817 11.2768756202
HYDRO micro 2661.0 20 49876.6815789 0.208914266233 0.272 0.107431971846 0.440548665915 -0.293471801095 0.691119932596 0.364635538771 0.347237880496 0.816167557864 924.0 49.0792934987 2.46335966413 0.110570556868 20.0 20.0 20 19 2.40919329772 0.3877104961 0.307293697795 20.5797183891
HYDRO micro 2632.0 28 138109.259259 0.279087792885 0.0622 0.134113103697 0.268237082067 -0.16701632428 0.367605349346 0.089035144975 0.753799392097 0.425997600262 1984.0 80.1671732523 4.95169118029 1.30579274659 28.0 28.0 28 26 3.42835406333 0.54577682291 0.599776722149 4.12662198651
HYDRO micro 4078.0 23 150382.312253 0.251500684541 0.1794 0.11921410371 0.428449580997 -0.229459621126 0.645431090255 0.298482377102 0.456105934282 0.757580418716 1860.0 55.6400196175 3.78070881608 0.315179862366 23.0 23.0 23 23 2.64634213322 0.360167254483 0.398586902806 9.47100345147
HYDRO micro 6806.0 44 194001.291755 0.167944314585 0.1121 0.0987287832692 0.280748270243 -0.145372512891 0.555167638787 0.166818436384 0.367322950338 0.797182897426 2500.0 55.7890096973 4.11034748252 0.83226458218 44.0 44.0 44 37 4.87221215494 0.533343128522 0.324705669481 17.0547795646
