HYDRO micro 10438.0 47 821549.079556 0.155793860054 0.0578 0.0954070571613 0.203240614286 -0.140907226573 0.42223642359 0.0887355585914 0.581624832343 0.63186137538 6071.0 68.8254454876 5.93908406522 0.799453672301 49.8574166085 49.8563533256 52 54 4.97124874387 0.46003323855 0.49165154607 5.92545891159
HYDRO micro 7242.0 21 728196.328571 0.100283014578 0.1464 0.0744167742343 0.301337436383 -0.405513739724 0.500115394409 0.179209296613 0.518088925711 0.674690185614 3752.0 71.7205191936 3.32792230899 0.485511194095 21.2857537436 21.9599682917 23 22 2.25031295628 0.246768678011 0.446265213496 7.25962640432
HYDRO micro 2869.0 62 24817.907192 0.198892176854 0.0806 0.10817357841 0.296433510608 -0.0940067735391 0.574518161054 0.15916905163 0.408853258975 0.7999488772 1173.0 52.8058556988 6.1873808333 0.808489996495 69.2825383543 78.1659494295 76 78 7.66166218751 1.1575144342 0.359992696733 12.4394624844
HYDRO micro 4915.0 16 384204.695833 0.0974704300126 0.2076 0.0731833868568 0.339687182096 -0.541288323191 0.547297075061 0.237365885725 0.436622583927 0.698934914917 2146.0 74.4659206511 2.23551815385 -0.0453367028001 28.0024420024 28.8888888889 20 24 1.76469611786 0.228222375537 0.382897657072 10.5025656885
HYDRO micro 128.0 19 33.649122807 0.537417906373 0.5874 0.195916360764 0.682976973684 -0.165590082085 0.891211622382 0.710689290252 0.15625 0.910400390625 20.0 30.46875 1.20521526454 -0.36725802605 31.094488189 20.8475110271 23 27 3.709787248 1.67937860532 0.138472957102 6724.94189601
HYDRO micro 6811.0 60 151721.338701 0.155797487227 0.0795 0.0935586755172 0.321487299956 -0.112590659979 0.557072735863 0.148897828439 0.4049331963 0.790369056111 2758.0 55.7921010131 5.69957391364 0.48460167663 70.0014684288 66.8151010702 70 76 6.68457208136 0.727019082583 0.356711248093 12.7708049933
HYDRO micro 10267.0 42 1131297.76597 0.179897941544 0.0513 0.104061753855 0.197312703205 -0.144360177073 0.37090320769 0.0731726136365 0.662121359696 0.536169214286 6798.0 80.5103730398 5.80427186924 0.811748597178 43.2001168907 43.3137152065 45 46 4.43881946305 0.414502838937 0.544614522663 4.87930268611
HYDRO micro 7358.0 158 36870.2212368 0.199868291926 0.0559 0.112591017906 0.250625341917 -0.0354126077852 0.581975016663 0.11487557452 0.240690405001 0.886751654465 1771.0 42.2261484099 7.00703814725 1.15351695859 220.203575821 220.304897973 209 240 17.6334288853 1.84194727785 0.213305397013 116.430424054
HYDRO micro 594.0 10 5616.04444444 0.223985997252 0.4111 0.113502732629 0.546464646465 -0.554929352475 0.734908321607 0.492372961018 0.407407407407 0.756748177624 242.0 61.1111111111 1.58458829316 -0.674214103832 10.0 11.0 11 11 1.40913888457 0.410304969931 0.358783702964 12.5597187428
HYDRO micro 5948.0 75 108669.972252 0.179877297502 0.0554 0.101701049397 0.270419188523 -0.0827516731101 0.514732160052 0.111202613206 0.439979825151 0.759366708289 2617.0 63.2985877606 6.67851882563 0.639796747822 91.0026904322 94.2608314694 92 101 8.51474113242 0.97246903924 0.385624280028 10.3086073448
HYDRO micro 3316.0 23 55221.2411067 0.141930218857 0.2824 0.0891595943417 0.33776944459 -0.308412274672 0.656730754758 0.310886515491 0.211399276236 0.846037634542 701.0 38.8419782871 1.35472449223 0.435147764005 23.0 23.2848657025 24 22 2.71386672483 0.399411509197 0.187347699256 289.821682793
HYDRO micro 2276.0 24 62440.9275362 0.143876950618 0.1307 0.0945211137432 0.255858230814 -0.278568680064 0.481235163245 0.157189842628 0.509666080844 0.681095391353 1160.0 68.8927943761 3.51385511682 1.01996343215 34.0043956044 27.6283636364 30 35 2.97535315943 0.50306616978 0.439987734026 7.49193915271
HYDRO micro 3246.0 20 68082.3263158 0.233937123507 0.2894 0.118195814241 0.455268022181 -0.266205747405 0.72174113581 0.404723246765 0.34011090573 0.82723036723 1104.0 47.9359211337 2.56560521771 -0.270161474295 20.0 20.0 20 18 2.3499789667 0.351039298416 0.301074698004 22.1501169545
HYDRO micro 5354.0 85 23498.4879552 0.200406698067 0.1459 0.107276832688 0.320288294623 -0.0691539687826 0.681598380702 0.234024116655 0.147366454987 0.919376015251 789.0 29.3425476279 3.55268258354 0.556518447524 93.801643938 92.0200616728 97 102 9.78382496173 1.16166189096 0.130600120318 15523.4311111
HYDRO micro 1820.0 38 14538.8534851 0.172740799077 0.1394 0.104639663538 0.26009253904 -0.158658841551 0.557455991458 0.178305667856 0.307692307692 0.811283057602 560.0 53.021978022 3.04620220389 1.10285023369 46.804837823 56.1925314318 50 55 4.9290012144 0.890733738783 0.27259708898 32.7375953189
HYDRO micro 6088.0 145 17290.4859195 0.22052825386 0.0931 0.112685394216 0.355401241561 -0.0385545292376 0.692444357457 0.210959245932 0.221747700394 0.925926479527 1350.0 30.6504599212 7.4530884957 0.645958702708 151.667761897 159.823321256 165 157 16.5249899341 1.85836355746 0.196518662928 202.25455968
HYDRO micro 6788.0 24 544846.318841 0.130397654855 0.1329 0.0854764793739 0.360808289138 -0.308461871206 0.549664103823 0.205937985667 0.523718326458 0.686365094004 3555.0 69.1367118444 3.90987076995 -0.192365758698 26.000294681 26.6801470588 27 29 2.60684918698 0.291299892856 0.450425833343 7.11323871743
HYDRO micro 701.0 12 10401.1742424 0.226823782494 0.2636 0.112083639967 0.464574417499 -0.468421248308 0.633928765776 0.348360712985 0.520684736091 0.683836622229 365.0 64.907275321 2.50053854526 0.0284226070004 12.0 12.5546971316 13 14 1.67874654859 0.45323374476 0.44818720827 7.19127898941
HYDRO micro 14252.0 140 319891.010072 0.178920152691 0.0316 0.105722277922 0.207858546169 -0.04261546844 0.462592041035 0.0635623541079 0.42141453831 0.773947340872 6006.0 60.8476003368 8.94605826809 1.17722959855 176.196088107 166.514958124 174 193 14.5326763948 1.17270865076 0.37042948198 11.4822608544
HYDRO micro 2957.0 86 13487.5098495 0.255386875259 0.0815 0.121302071806 0.382867614097 -0.06028547188 0.661626073339 0.212363073615 0.346296922557 0.85725839959 1024.0 45.3838349679 7.50524516319 0.447618692076 98.1374379793 96.3052445369 100 107 10.6357280996 1.58151308311 0.306473704234 20.7759021509
HYDRO micro 3134.0 97 3734.96585052 0.218020404245 0.2202 0.110369517522 0.420828426503 -0.0588677380662 0.773664652937 0.348359703113 0.116464582004 0.953185088591 365.0 20.7721761327 3.2866203944 0.309741545943 107.555092068 112.941849401 115 119 11.9253689202 1.73269546295 0.103214048433 1353535.99791
HYDRO micro 4787.0 147 18798.2749045 0.259920435919 0.0537 0.123585245185 0.357659420568 -0.0346012795965 0.649312026947 0.168100044043 0.327344892417 0.873428396462 1567.0 42.7198663046 9.89862096471 0.589072638045 181.807271208 166.894665728 177 195 17.229864541 2.1246413084 0.289892682894 25.5308235121
HYDRO micro 3629.0 70 13363.6126294 0.161454786953 0.1695 0.0973637544791 0.3055387159 -0.0926787325786 0.668541295376 0.233634885315 0.140810140535 0.915698005739 511.0 27.2251308901 2.79083326992 0.743805687762 126.237718976 100.525176744 93 112 8.41800914465 1.16199579358 0.124789737919 31782.30629
HYDRO micro 5816.0 42 124066.889663 0.106480933335 0.1367 0.078997898207 0.31160345844 -0.190887781097 0.596757081466 0.202544845125 0.359525447043 0.825810173141 2091.0 48.4525447043 4.35379381641 0.612137300439 62.2256998185 62.4385272847 56 66 4.72984071617 0.550727916456 0.317967941215 18.2870114389
HYDRO micro 3987.0 16 189487.895833 0.144099324529 0.259 0.0882302279319 0.383888261851 -0.448073866888 0.620055969731 0.305322698913 0.366942563331 0.758694752176 1463.0 63.2304991221 1.90294763074 0.0706743150799 16.0 16.0 16 14 1.80923556556 0.253394313678 0.32437768891 17.1114189845
HYDRO micro 4762.0 25 81382.3433333 0.120943234193 0.3171 0.0818238536903 0.412918941621 -0.309499153769 0.707344387969 0.364415369585 0.212725745485 0.873868373116 1013.0 39.962200756 1.60975342098 0.110927103744 27.0004200798 26.5257613249 28 30 2.83405776062 0.362280795865 0.188523245748 276.018065701
HYDRO micro 2440.0 87 4301.97460572 0.233928936156 0.1561 0.118122939589 0.347041643113 -0.0612353596843 0.709359503814 0.264632065007 0.197131147541 0.926363544746 481.0 28.8114754098 4.49461371108 0.814735256685 93.4891459725 98.969920314 103 101 11.0259897321 1.76126351814 0.174702927282 519.282744711
HYDRO micro 4565.0 84 28202.1082903 0.177564935149 0.0958 0.102508133258 0.288032650081 -0.0732936390706 0.610847188214 0.168404139229 0.25717415115 0.875769804299 1174.0 42.1905805038 5.00789494962 0.829502739465 110.291473645 109.344694946 108 122 9.85025968354 1.24325122301 0.227910783132 78.5359523083
HYDRO micro 5284.0 21 786992.947619 0.169259110048 0.0779 0.100259868548 0.221846725064 -0.299862566997 0.319812916779 0.0823831813605 0.774034822104 0.388645667924 4090.0 87.3391370174 4.13564556807 0.920834510496 21.0 21.0 21 18 2.33305839564 0.288893579677 0.611321324037 3.99843054028
HYDRO micro 5740.0 147 29884.3196347 0.249807601641 0.0489 0.12230221443 0.309573585532 -0.0349735037245 0.594501081621 0.126232784514 0.267944250871 0.860771528123 1538.0 50.9930313589 7.78952798859 0.844883133533 171.391346138 165.556634663 175 188 16.8684438936 1.94026651426 0.237450730024 62.832691297
HYDRO micro 4231.0 30 165150.516092 0.134623575517 0.1108 0.0894154463574 0.214165287954 -0.235763896189 0.461620288233 0.13127396029 0.470810683054 0.699124720182 1992.0 69.7707397778 3.62879645967 0.941808193761 36.0014184397 38.6348760331 37 41 3.47297334805 0.461211090559 0.410208643709 8.82211951055
HYDRO micro 1281.0 23 8039.40316206 0.20958096638 0.2874 0.107732694264 0.488273427689 -0.254466806201 0.730566824513 0.403715204356 0.304449648712 0.848739244869 390.0 45.1209992194 2.57046266532 -0.120913248822 23.2859375 23.9584487535 25 24 3.07460258968 0.642618569661 0.269736222042 34.2451123685
HYDRO micro 11360.0 90 200133.230961 0.154706307805 0.0745 0.0949614342936 0.246821205008 -0.073935407485 0.565937432383 0.132177197066 0.291901408451 0.850865543171 3316.0 50.7922535211 5.7477226646 0.850397407132 98.211249137 98.0887860299 103 107 9.53109814449 0.844409953171 0.258651896921 41.2656473576
HYDRO micro 2606.0 29 38298.8374384 0.165075967079 0.1792 0.0956085161106 0.331661682589 -0.227878398273 0.609602512032 0.242464150736 0.327321565618 0.807612634872 853.0 54.221028396 2.78258001817 0.352203345033 35.6692258477 33.4775525138 34 38 3.55981750121 0.568081690752 0.289872206732 25.5377833317
HYDRO micro 1312.0 10 60352.1777778 0.17862979941 0.2406 0.0988077322449 0.364634146341 -0.639119683941 0.528081964351 0.263723300959 0.590701219512 0.584450290006 775.0 83.5365853659 2.07741530315 0.27885936584 10.0 10.0 10 9 1.25360272024 0.276078815187 0.497864206313 5.77984530461
HYDRO micro 2799.0 43 21349.2292359 0.156647849301 0.1689 0.0958445034905 0.313234793157 -0.15330127127 0.630252707339 0.231019344821 0.254376563058 0.862291577876 712.0 45.4090746695 3.12204469594 0.748063006921 55.8617379761 49.5061856661 53 60 5.29166025594 0.812768767211 0.225432267173 83.5644097414
HYDRO micro 9665.0 64 426475.063244 0.129136117107 0.0515 0.0902722659507 0.201978789446 -0.10945138884 0.434692524054 0.0809084915817 0.507501293326 0.696747454629 4905.0 69.6223486808 6.43877149525 1.10785111012 125.339679912 102.602971429 88 108 6.86553738865 0.650997086334 0.438364163341 7.55439106376
HYDRO micro 7347.0 33 172778.613636 0.252612640436 0.2283 0.120409300967 0.428263855377 -0.15830103542 0.720241815239 0.35649593919 0.290867020553 0.867268688857 2137.0 39.9482782088 3.28717444396 0.149750132306 33.0 33.0 33 33 3.59467870228 0.384998395843 0.257737383216 41.9440211772
HYDRO micro 1679.0 17 44906.9411765 0.163183819419 0.1875 0.0952076303379 0.31405248222 -0.390395379824 0.540384850783 0.226432219761 0.487194758785 0.686298638438 818.0 71.3519952353 2.63306398293 0.466650087637 17.400238379 18.3746097815 19 19 2.15460542024 0.414881025879 0.42293054525 8.2023670757
HYDRO micro 3323.0 30 105079.288506 0.177769550467 0.1078 0.102280826669 0.274099709098 -0.205686241351 0.498369215802 0.153342399646 0.50376166115 0.690701390984 1674.0 70.899789347 4.10495651748 0.835701695187 36.0018061409 31.3137234012 33 36 3.57643943247 0.52042252331 0.435549637077 7.66507721817
HYDRO micro 3480.0 13 182241.397436 0.140945595613 0.2987 0.0879086613027 0.457780725022 -0.553518822693 0.645565152165 0.353123968649 0.389655172414 0.742496862201 1356.0 68.1609195402 1.7839671812 -0.316641031537 13.0 13.5111758989 14 15 1.47152821492 0.220370638677 0.343818360632 14.2406162818
HYDRO micro 6512.0 49 108974.176871 0.198302371345 0.142 0.105102597478 0.407997166926 -0.122489695297 0.668918512154 0.260591365321 0.289004914005 0.856242718036 1882.0 50.1996314496 4.27972037281 0.078434583884 49.6667690575 49.759522807 51 52 5.46609761227 0.607209956443 0.256090817852 43.2099670458
HYDRO micro 5558.0 32 291406.544355 0.169051030501 0.0965 0.101008057834 0.222213476071 -0.195302705153 0.455258356865 0.124010064397 0.472112270601 0.676318663041 2624.0 77.1320618928 3.74338004801 0.617458468577 34.4004318877 36.658137969 36 38 3.59503919416 0.429230631326 0.411228086236 8.76919796624
HYDRO micro 12123.0 42 1060147.79617 0.109613798282 0.0745 0.0791984109674 0.214020574822 -0.190399492283 0.436187408244 0.100134897681 0.511589540543 0.680436861497 6202.0 69.7187164893 4.89910541025 0.734233401325 52.0008249464 53.7678571429 52 58 4.36037557443 0.381455813287 0.44142681478 7.43741558299
HYDRO micro 4157.0 24 94505.3025362 0.13834408377 0.2488 0.0863074654604 0.433114826397 -0.305455764797 0.682849733227 0.337367426588 0.324272311763 0.832549749723 1348.0 49.6993023815 2.69237324953 -0.0367053124916 24.0 24.4374811185 25 23 2.76025981578 0.372238448569 0.287194357829 26.4755512008
HYDRO micro 12759.0 78 367038.013487 0.126078959013 0.0688 0.0849153905296 0.262116635618 -0.0955460592656 0.55317852298 0.131615344186 0.393447762364 0.813571982043 5020.0 48.7499020299 6.87866786396 0.668409112515 83.8714279213 88.0442308978 92 91 8.14470738943 0.69053593515 0.347033737588 13.8467159682
HYDRO micro 7303.0 29 594918.504926 0.136411745116 0.0994 0.0906416761559 0.19872796725 -0.240550115777 0.409749573893 0.106210721561 0.429960290292 0.653187811881 3140.0 82.2949472819 3.30510081324 1.06664112723 29.1818430816 30.0623818526 31 28 3.14746768463 0.33934960466 0.377458916615 10.9102753063
HYDRO micro 4583.0 126 6056.85974603 0.214251091122 0.1804 0.109845104832 0.375533805056 -0.0455395576072 0.749476425858 0.292101520699 0.104298494436 0.956017430867 478.0 18.1104080297 3.34787547962 0.459748901714 150.079328128 151.658964787 152 165 14.8278033827 1.86121102524 0.0924321340533 24454854.1436
HYDRO micro 5253.0 66 72084.2762238 0.177288320552 0.0819 0.102443236814 0.267033556582 -0.0933429403844 0.549027071112 0.138100237069 0.349514563107 0.81504793305 1836.0 51.7418617933 5.12627616326 0.878503067187 74.4631495694 73.1238262911 77 82 7.587647879 0.910626396519 0.309276262091 20.118093549
HYDRO micro 10548.0 18 1725945.76471 0.121581110543 0.174 0.0828921909485 0.251896094046 -0.424257892261 0.483973590578 0.179446720356 0.392775881684 0.680728842876 4143.0 77.1046643914 2.21411406074 0.451176673067 18.0 18.6032592593 19 20 1.83512155094 0.175261871351 0.346464807789 13.9149949044
HYDRO micro 9145.0 28 963525.43254 0.106838911078 0.103 0.078582783447 0.18620245255 -0.28785982122 0.409567732429 0.107955439946 0.474466921815 0.65321471308 4339.0 80.0765445599 3.31507349999 0.717185117735 34.000656168 40.1144258065 35 39 2.96021388312 0.292796699184 0.413068474958 8.67517043771
HYDRO micro 3276.0 52 28518.9019608 0.185943248604 0.1243 0.103632443202 0.325091575092 -0.117090323592 0.610774973969 0.19943129474 0.311965811966 0.845245549458 1022.0 45.9401709402 4.21267464242 0.741774473315 54.4713426134 56.1965933338 59 58 6.30066908123 0.908513525159 0.276364765009 30.9083107991
HYDRO micro 2260.0 95 1116.65733483 0.305142084928 0.3387 0.131564476008 0.520656730321 -0.0502079844088 0.847941574339 0.495030566853 0.0853982300885 0.968922781737 193.0 14.2920353982 2.55890176405 -0.0245251009391 102.336579607 100.794398372 106 110 12.1712467082 1.99834001908 0.0756822108904 29980490156.1
HYDRO micro 18373.0 50 1898724.53918 0.0999787056889 0.0677 0.0796855536984 0.201147335764 -0.158947644625 0.443811040563 0.095423039366 0.504272573886 0.704388145565 9265.0 64.3172045937 5.65865127196 1.10793428296 54.7370999347 55.9603718945 60 61 4.99050913395 0.368875632192 0.435934896604 7.64974117257
HYDRO micro 1244.0 11 73295.0909091 0.136318460545 0.161 0.0871540671704 0.340178310436 -0.659894751129 0.413934437942 0.169816370397 0.740353697749 0.435466444722 921.0 84.1639871383 2.74403374863 0.305432481565 11.4003218021 12.9259259259 13 13 1.4032946295 0.311876387418 0.591987561847 4.21806025309
HYDRO micro 6175.0 50 125305.030612 0.136463316867 0.1105 0.0897843694101 0.244858299595 -0.1408693556 0.549729092934 0.154889916729 0.318056680162 0.818975980593 1964.0 54.8663967611 3.98342760575 0.871596394529 53.4291267527 56.722861291 59 58 5.6139455788 0.636284762976 0.281728764022 28.573728298
HYDRO micro 2284.0 34 40977.9679144 0.162012355265 0.1019 0.0987164460561 0.288271350572 -0.188153027238 0.509080353899 0.152141937518 0.49649737303 0.711366055189 1134.0 64.3607705779 4.57394248728 0.923871072533 42.0035041612 42.852317508 43 48 4.26704812758 0.711427858042 0.430046670818 7.89079951883
HYDRO micro 3130.0 51 9049.47843137 0.171293147269 0.298 0.0970356622603 0.460289419282 -0.127642975818 0.78570942245 0.419221886066 0.182108626198 0.934206738866 570.0 25.5910543131 3.20961313867 -0.0324012667991 57.224210788 56.7385349338 59 63 6.21211519531 0.911586756889 0.161389567692 1105.19355055
HYDRO micro 9972.0 49 374332.421769 0.117846337149 0.1015 0.080018574619 0.340213823195 -0.161509349168 0.582392149902 0.180129475151 0.389490573606 0.79890182684 3884.0 58.2430806258 5.03428601726 0.200417134334 61.8584323108 60.6239845929 59 66 5.21312082646 0.49068744397 0.343678599221 14.2581881055
HYDRO micro 4528.0 93 22574.1082281 0.167122182869 0.096 0.100288176634 0.294917645047 -0.0676914698751 0.631050228669 0.178986199072 0.268992932862 0.887952875083 1218.0 40.4593639576 5.89690531359 0.804588560362 163.015462779 158.10385101 128 155 10.9289155041 1.3820690435 0.238379436266 61.5595654507
HYDRO micro 8507.0 52 666823.069005 0.149988383925 0.0393 0.0951671972678 0.193955656428 -0.127684300671 0.344065297749 0.0567488348102 0.687904078994 0.510844905534 5852.0 78.8762195839 6.70033609886 1.06301244246 59.3341954699 62.2483153673 63 67 5.63620321812 0.563787090478 0.560635429665 4.63295945357
HYDRO micro 7850.0 88 24047.2220481 0.189582392133 0.2508 0.102586412811 0.439910248987 -0.0699077903556 0.789543540268 0.382721958968 0.113121019108 0.954685966976 888.0 19.4649681529 2.90869266301 -0.192098130951 94.5462884676 95.55578125 97 101 9.70086890075 0.99322546045 0.100250892968 2740701.6509
HYDRO micro 7610.0 75 190497.063063 0.187184630129 0.0519 0.117720897962 0.148269820412 -0.0712812589249 0.41223274539 0.0666044557276 0.390670170828 0.743249787177 2973.0 67.0433639947 5.37315058394 1.82168217387 79.884362765 83.6870812544 90 84 8.2799811157 0.859743567184 0.344679809383 14.1331506887
HYDRO micro 7340.0 84 76675.1302352 0.153069101371 0.0916 0.0952948506742 0.25160892695 -0.0789351846323 0.582697516855 0.147244065532 0.272479564033 0.869970598935 2000.0 42.5749318801 4.99588141044 0.886473568906 102.263357761 107.039355634 105 115 9.32469636497 0.980463105837 0.241466855799 57.5946142627
HYDRO micro 2003.0 73 3574.69406393 0.225058773554 0.176 0.114064440649 0.390858917104 -0.0756352994508 0.718960757734 0.289726317383 0.152271592611 0.922149476733 305.0 29.9550673989 3.59342848375 0.616033457736 81.8933288933 85.6028446687 89 92 9.47069180132 1.63110675192 0.134947185353 9613.97276155
HYDRO micro 3154.0 23 63387.3913043 0.166751391472 0.2367 0.095466999527 0.396528907392 -0.287757323811 0.656712264244 0.310865856539 0.297400126823 0.816336533934 938.0 54.8509828789 2.30068660904 0.141839434475 23.0 23.0 23 18 2.73073915209 0.409540627633 0.263511488447 37.9324536934
HYDRO micro 4979.0 108 35621.6250433 0.222832359234 0.0568 0.120756108821 0.245335966615 -0.0482274702877 0.538149128692 0.106772712971 0.296244225748 0.836991403259 1475.0 53.2235388632 6.24098604731 1.31630941276 115.36990125 124.062728018 129 122 12.5690352106 1.53056822264 0.26249022003 38.5970743613
HYDRO micro 6495.0 134 24046.8524857 0.205705114956 0.0896 0.109063628577 0.319601760252 -0.0431337561084 0.659279917939 0.18237283892 0.193071593533 0.916722936635 1254.0 33.9337952271 5.78000430388 0.716233850011 154.970970722 152.743695482 160 171 15.1501552463 1.66270506847 0.171105243001 626.713669159
HYDRO micro 3553.0 30 74705.2885057 0.157464823963 0.1626 0.0929727946624 0.360305844826 -0.226620905448 0.611101549638 0.241113355561 0.370391218688 0.795050210281 1316.0 58.8235294118 3.41229322277 0.303578655382 32.0005630631 31.2868738404 33 35 3.54716300766 0.503296199521 0.327348445564 16.6099856171
HYDRO micro 4712.0 75 22319.874955 0.183343631041 0.152 0.10018118501 0.39188737974 -0.0840285658764 0.709216620548 0.275283629661 0.22623089983 0.912276948498 1066.0 34.80475382 4.82130290454 0.253667645068 85.1560015022 85.5265068991 87 93 8.74925009508 1.09259352515 0.20049171188 175.469922396
HYDRO micro 6493.0 64 94802.7279266 0.145858070857 0.0993 0.0918453492425 0.290926286 -0.107551168798 0.590968205337 0.169503360377 0.337286308332 0.842707386497 2190.0 46.4192206992 5.34561475061 0.7329305117 67.6005545287 71.733056474 74 72 7.17664109741 0.794250089701 0.29860497315 22.8303192447
HYDRO micro 4664.0 40 138277.425641 0.159006732279 0.0916 0.0992360333932 0.208619210978 -0.159079088459 0.461082602596 0.114839907477 0.397512864494 0.7270872807 1854.0 70.7118353345 3.84924979402 1.1587093337 44.667667453 44.5406906009 47 50 4.61668016619 0.585707412657 0.350469447229 13.4467580002
HYDRO micro 6436.0 53 258961.288824 0.191858534066 0.0549 0.110908377347 0.186011468509 -0.10720494225 0.41155024923 0.0793115592794 0.541640770665 0.656040196517 3486.0 73.7259167185 5.83259267212 1.30509124964 55.7276965459 56.3452988437 59 60 5.92953263046 0.660644542801 0.463488010382 6.68904528658
HYDRO micro 5205.0 68 101598.251756 0.158444413091 0.0553 0.0990390764662 0.236972368198 -0.0937650728754 0.485981111591 0.101083154735 0.481652257445 0.734036307733 2507.0 62.4207492795 6.814184701 1.01292802153 97.0582143291 110.322302368 92 107 7.82950380793 0.942537299527 0.418653835478 8.40121124347
HYDRO micro 5623.0 57 149984.088972 0.171118331812 0.062 0.0998032131227 0.243383222417 -0.110989607105 0.484348184094 0.108694203772 0.49368664414 0.716813951894 2776.0 65.8189578517 6.13146920208 0.836472982178 67.0017787264 65.9872248428 68 74 6.48551946176 0.760135147151 0.427904760559 7.98215783942
HYDRO micro 3335.0 117 5358.76937813 0.219327810225 0.1326 0.113216996292 0.360155819526 -0.0475521339221 0.720793992582 0.258235914678 0.194902548726 0.935563342766 650.0 28.9955022489 5.99723464542 0.677060705245 160.143371326 145.824276714 149 170 14.2994009285 2.0259930099 0.172727884127 574.977543009
HYDRO micro 4727.0 33 74381.0018939 0.14187486272 0.2215 0.0875256790003 0.374963940227 -0.219019204773 0.666406591816 0.289966407766 0.212819970383 0.863174605292 1006.0 41.8870319442 2.27046290249 0.175876898233 35.400507829 35.3414462081 37 39 3.78203828268 0.479977786666 0.188606749904 275.071644033
HYDRO micro 935.0 34 3296.68181818 0.254570074153 0.1912 0.121824956413 0.398930481283 -0.151816144875 0.672220313254 0.294019632802 0.273796791444 0.846146015042 256.0 48.5561497326 2.96677966258 0.605517083391 36.2246014751 37.8671875 39 40 4.82417594248 1.11191889829 0.242633123587 56.1964901724
HYDRO micro 1664.0 14 78912.7472527 0.153963850146 0.1616 0.0934784492284 0.394660027473 -0.482951545087 0.511560644602 0.219813200698 0.649639423077 0.558075131749 1081.0 74.8197115385 3.17056546823 -0.0581622236709 14.6670675486 15.4363636364 16 17 1.75273503011 0.343203236492 0.536703133404 5.01113407561
HYDRO micro 11376.0 33 777674.642045 0.108150172623 0.1361 0.0780335042781 0.247155095256 -0.245981466513 0.52118490071 0.162069898596 0.360232067511 0.777401634279 4098.0 58.3860759494 3.08506780872 0.655191307321 39.6672527473 36.3408453526 38 42 3.42639524466 0.309399172755 0.318579743967 18.1688794369
HYDRO micro 3507.0 108 7319.42912773 0.209044337196 0.1269 0.112187120505 0.311084180845 -0.051997790714 0.68255421224 0.218971164891 0.184773310522 0.927062734688 648.0 29.626461363 4.74054169251 0.882854725942 140.078112398 139.672333979 139 156 13.1087028462 1.82371039077 0.163751082538 954.512605212
HYDRO micro 4505.0 25 116709.333333 0.162247553013 0.2247 0.0945229072589 0.409589345172 -0.267420783266 0.663010774228 0.310410650114 0.290344062153 0.82198469822 1308.0 55.3607103219 2.5669743341 -0.0553659667619 25.6668146832 25.9791256083 27 28 2.85274719143 0.372471125295 0.257274990601 42.2936471706
HYDRO micro 6256.0 48 142578.397163 0.136594894086 0.1085 0.0876109062749 0.277919863598 -0.150427361127 0.570647294852 0.172498475915 0.382352941176 0.807945242133 2392.0 52.8772378517 4.84446481 0.610378584766 60.8591983556 57.4774277834 58 65 5.37677690843 0.606866084909 0.337601434976 15.0610637607
HYDRO micro 6634.0 70 81374.5267081 0.160478838744 0.1007 0.0950642647411 0.313725827986 -0.0949554419063 0.604802338529 0.174772337714 0.273138378052 0.85813310061 1812.0 45.8999095568 4.6264846713 0.571864192374 72.6670686969 76.9236991938 79 75 7.84094186292 0.859429598192 0.242050177262 56.8888367019
HYDRO micro 1113.0 25 4912.01 0.234531034984 0.2959 0.113603262571 0.465983827493 -0.221771086416 0.74236736775 0.412875107547 0.282120395328 0.864834363792 314.0 42.4079065588 2.56222417277 0.0419082691083 25.285971223 26.0520014964 27 26 3.42133074351 0.749363311663 0.250000645047 48.4464402165
HYDRO micro 660.0 16 2198.73333333 0.329204229789 0.4522 0.137770854774 0.524621212121 -0.284281042545 0.794345429987 0.536442523542 0.218181818182 0.861786042241 144.0 39.5454545455 0.991278980939 0.12325152746 16.0 16.0 16 16 2.310450689 0.622799155329 0.19335852485 227.745900858
HYDRO micro 5559.0 18 269994.735294 0.158863149815 0.2722 0.0960176390431 0.431222641962 -0.365549255291 0.677230398515 0.35771941011 0.300593631948 0.795915577134 1671.0 59.9748156143 2.07891011102 -0.583736903504 18.0 18.9375 19 19 1.97143197577 0.241420512808 0.266332180392 36.1875032052
HYDRO micro 5003.0 19 427174.783626 0.119098041439 0.1463 0.0824196453585 0.24963968987 -0.404259128594 0.441724851965 0.148423107045 0.447331601039 0.64017132395 2238.0 83.8297021787 2.51906033566 0.723064057615 19.400079968 20.7879985627 21 21 2.11322345773 0.268620002934 0.391561672543 9.90846895855
HYDRO micro 8069.0 23 475560.695652 0.101526919035 0.213 0.0751519977731 0.45004768653 -0.366596073746 0.654970204062 0.308924862142 0.406246127153 0.795831608591 3278.0 50.6258520263 3.50646835972 -0.0453468143503 23.0 23.3333333333 24 23 2.44558983975 0.256045989796 0.357811546189 12.6579473615
HYDRO micro 3341.0 31 90319.5806452 0.157463899853 0.1173 0.094895498518 0.271803883326 -0.214802562802 0.507208274815 0.156910127183 0.422927267285 0.724996978664 1413.0 71.0565698893 3.53010238579 0.76133206463 32.0912357104 33.8908520946 35 34 3.69730169238 0.536319337342 0.371678074179 11.3766957244
HYDRO micro 971.0 10 33710.1 0.27860506846 0.2371 0.127953992296 0.423480947477 -0.490820261772 0.564447964996 0.296461935301 0.622039134912 0.5782162634 604.0 77.6519052523 2.39903926847 0.681139365669 10.0 10.0 10 10 1.30845781187 0.320915271903 0.518829570648 5.33749810425
HYDRO micro 3613.0 17 157443.514706 0.15728010656 0.2336 0.0943775034241 0.409941225314 -0.393880737659 0.619546425257 0.299076542874 0.386659285912 0.748198010858 1397.0 67.9490727927 2.25967926647 -0.229395270649 19.0005537099 19.0005537099 19 21 1.95305497155 0.282823140616 0.341271811872 14.5669172398
HYDRO micro 4240.0 43 60815.8637874 0.159072033377 0.1407 0.0949215160826 0.286562088635 -0.154814580346 0.589592011337 0.194881350963 0.242216981132 0.834663692595 1027.0 47.4764150943 3.02903042879 0.575708532731 45.3082367031 47.7546838407 49 49 5.02854384175 0.660367250596 0.214658146424 111.922230673
HYDRO micro 9361.0 37 436969.888889 0.157414439922 0.1309 0.093875651653 0.321974148061 -0.181953977312 0.582231704016 0.199603268893 0.320478581348 0.793454344515 3000.0 61.4036961863 3.53672070037 0.255616306086 37.0 37.2519720721 38 37 3.93687552483 0.382420003777 0.283859479819 27.7245934353
HYDRO micro 3530.0 20 119191.315789 0.138896992147 0.2158 0.08752764789 0.378611898017 -0.361373455429 0.601586512395 0.266469664603 0.348441926346 0.768260719531 1230.0 64.5892351275 2.33931637729 0.26458805102 20.6668555776 21.2189349112 22 23 2.32585094641 0.336622113938 0.308342453215 20.3333203877
HYDRO micro 1413.0 17 29542.8602941 0.210156547054 0.199 0.108388173674 0.45759960035 -0.342156178439 0.623520761242 0.303170954566 0.512384996461 0.704427445282 724.0 63.3404104742 3.29889023946 0.0632361290004 17.0 17.0 17 14 2.20584067431 0.452249234532 0.442020993147 7.41512764189
HYDRO micro 3456.0 28 26378.5502646 0.187956056999 0.3746 0.10114603827 0.482845568783 -0.22289343021 0.776605804559 0.455577884964 0.175925925926 0.904655383284 608.0 31.1631944444 1.46382784316 -0.089605813122 28.0 28.0 28 25 3.31375065026 0.476289672208 0.15591029239 1591.03652561
HYDRO micro 2866.0 24 46815.384058 0.158576824991 0.2412 0.0926935997196 0.462840195394 -0.284141600303 0.690954687848 0.347304675298 0.340544312631 0.827244996199 976.0 52.0586182833 2.96289858991 -0.118395491363 24.4001396161 25.1541193182 26 26 2.88920310273 0.44830455205 0.301453412885 22.0488047117
HYDRO micro 9421.0 36 289888.33254 0.110665619699 0.1955 0.0788654581947 0.276144311172 -0.223080262643 0.607534528681 0.223451156498 0.20284470863 0.857906813638 1911.0 40.0912854262 2.10736723076 0.606476319198 37.3334748762 38.5773855816 40 40 3.82484545599 0.370897579299 0.179766433568 405.572887036
HYDRO micro 6287.0 33 273196.882576 0.135406284399 0.1205 0.0863030959255 0.305647536282 -0.222161033589 0.552953995382 0.184782142002 0.459360585335 0.748520563576 2888.0 58.2312708764 4.40554894098 0.432808765751 45.0019090041 35.4871639929 37 41 3.65871535695 0.416190545 0.401175655003 9.31881238733
HYDRO micro 6251.0 37 307362.441441 0.154122890371 0.0871 0.0938744424341 0.251916450125 -0.181956355428 0.477958657873 0.128261197839 0.492401215805 0.689798370063 3078.0 73.6202207647 4.46347763098 0.496137794696 39.8576 40.6605602018 42 44 4.1187590491 0.46797965683 0.426922841715 8.02472291296
HYDRO micro 6873.0 112 66204.1260457 0.187970627334 0.0543 0.102600589165 0.347269855127 -0.0549198272091 0.620056488391 0.158990476724 0.387312672778 0.835505191156 2662.0 44.5220427761 9.3842124899 0.461655167753 127.55781917 127.439218441 133 141 12.5631610501 1.35096734234 0.341827690377 14.494568521
HYDRO micro 7070.0 77 108405.545455 0.159695284856 0.073 0.0984086227669 0.226732673267 -0.0833446407897 0.530338853935 0.11856635598 0.341018387553 0.822186780408 2411.0 53.3097595474 5.51940202733 1.03130461532 91.8716687066 98.4306656302 96 104 8.57437890669 0.91575862616 0.301867588969 21.9388904252
HYDRO micro 2040.0 45 9228.09090909 0.218683736859 0.1855 0.110946883737 0.377287581699 -0.126218876708 0.683903548941 0.284305849401 0.219607843137 0.880210495963 448.0 40.7843137255 3.02791978933 0.46593885635 46.5392160561 48.5220308172 50 49 5.77374396445 0.996316746233 0.194622291461 217.050286175
HYDRO micro 3579.0 22 134482.417749 0.158736549752 0.1709 0.0931622591584 0.400137163758 -0.308390999726 0.592862336885 0.24999440141 0.469963677005 0.734069411295 1682.0 62.5873148924 3.49001372272 0.285101140085 22.0 22.0 22 19 2.56634656288 0.367740812792 0.409544431188 8.85692730009
HYDRO micro 4126.0 73 31344.5863775 0.187902780892 0.0937 0.105828115135 0.29720980883 -0.0816450372146 0.601659770066 0.169660907529 0.32113427048 0.85373401451 1325.0 45.6858943286 5.60847910523 0.896863490725 80.4303722944 81.7307637296 86 89 8.64858247932 1.1364707128 0.284436107406 27.5018332735
HYDRO micro 1102.0 15 27468.8380952 0.178518190188 0.1739 0.100029172927 0.396430732002 -0.420791966634 0.532544668206 0.23070090192 0.593466424682 0.616664635492 654.0 70.5081669691 3.13091975749 0.471463759813 15.0 15.5772260994 16 14 1.99860611793 0.451856424847 0.49974414456 5.73718724369
HYDRO micro 3965.0 19 111728.450292 0.163874583445 0.2915 0.0947632193329 0.405986593217 -0.350963871131 0.67598364385 0.351022574068 0.275409836066 0.819445049607 1092.0 49.0037831021 1.66174203839 -0.0223983048157 19.0 19.515625 20 21 2.17253261047 0.301739387982 0.244061191571 54.5533535691
HYDRO micro 14600.0 20 1803003.15789 0.200944933783 0.2373 0.113161579725 0.530753424658 -0.278319126082 0.717357175826 0.398755998118 0.424383561644 0.789289453931 6196.0 50.4931506849 3.59654440356 -1.07566742117 20.0 20.0 20 19 1.98148318404 0.16552117772 0.372878361817 11.2768756202
HYDRO micro 2663.0 22 46636.2359307 0.165813721044 0.2476 0.0950676872315 0.411309869252 -0.302119911242 0.671465913013 0.331845997308 0.346977093504 0.816443300488 924.0 49.0424333459 2.60774682215 -0.0149821011416 22.6669171049 23.9742647059 24 25 2.66253894157 0.426321364842 0.307066470545 20.6337687208
HYDRO micro 2633.0 29 133475.027094 0.260679592403 0.0601 0.128130503893 0.26486111293 -0.169008806837 0.364637377325 0.0862090789572 0.753513102924 0.426433379602 1984.0 80.1367261679 5.04865850887 1.10870435975 29.0 29.3234166667 30 29 3.55515866013 0.565161498989 0.599611872877 4.12851450995
HYDRO micro 4080.0 25 140233.5 0.18443089258 0.1652 0.101598438592 0.413725490196 -0.248510063052 0.629822031723 0.274737485991 0.455882352941 0.757817906574 1860.0 55.612745098 3.94811943152 -0.123621032873 27.0004903163 26.2531229454 27 29 2.88674843239 0.391390181928 0.398408724555 9.48165025346
HYDRO micro 6823.0 61 143861.127869 0.142925184925 0.0812 0.0923589419527 0.234327960154 -0.112204265872 0.515732044956 0.122200813918 0.366407738531 0.798191940258 2500.0 55.6500073282 4.92220896916 0.943698491321 79.1359914004 82.2091346154 78 88 6.79651442453 0.738485800832 0.323916421417 17.1916279072
