MCDB macro 567.0 10 2541.12222222 0.515156365358 0.5843 1.54435171891 0.606349206349 -0.33080227221 0.845959507728 0.668210999944 0.234567901235 0.828861951731 133.0 46.0317460317 0.569816940251 -0.0145846564681 10.0 10.0 10 10 1.41947791424 0.419960525566 0.20787988869 137.366878902
MCDB macro 548.0 10 4047.28888889 0.339722457009 0.4519 1.68239392763 0.549635036496 -0.444104990524 0.763442671676 0.533355114379 0.372262773723 0.778704246364 204.0 54.9270072993 1.34185982766 -0.0293190296986 10.0 10.0 10 10 1.42714987698 0.427178828858 0.328957989149 16.3488431422
MCDB macro 1207.0 11 69447.6181818 0.172020032109 0.1602 0.1990810522 0.329291255555 -0.574898134134 0.415189634453 0.170629695114 0.741507870754 0.43239347386 895.0 85.2526926263 2.73171857835 0.278651807801 13.0016583748 12.9649122807 13 15 1.40926585116 0.316620514377 0.592659980719 4.21000086775
MCDB macro 4915.0 13 107988.24359 0.695344399769 0.5892 0.471740636179 0.73580092339 -0.182962070858 0.895377151799 0.745024874829 0.277924720244 0.869434216885 1366.0 38.982706002 2.19984662248 0.0804727224463 13.0 13.0 13 13 1.41175689429 0.185430680124 0.246287406129 52.1335915048
MCDB macro 606.0 11 2427.69090909 0.70762639175 0.579 0.844600151402 0.746324632463 -0.202530419832 0.886878368028 0.738665243515 0.321782178218 0.842983803331 195.0 42.904290429 2.25892606455 0.15046720215 11.0 11.0 11 11 1.56082211962 0.446844455036 0.285005793574 27.2846034276
MCDB macro 336.0 13 208.307692308 0.753048062517 0.7765 0.881128894303 0.759157509158 -0.167414575104 0.940433449391 0.846506920149 0.139880952381 0.90093537415 47.0 27.6785714286 0.1483381735 -0.480924621475 13.0 13.0 13 13 2.06287960983 0.709208143267 0.123966266358 35457.8099823
MCDB macro 304.0 10 1007.6 0.510886382627 0.5047 0.652501622558 0.625657894737 -0.332532486616 0.820956059496 0.62461056242 0.335526315789 0.801874134349 102.0 56.9078947368 1.40908110437 -0.0279082832931 10.0 10.0 10 10 1.57424460228 0.573539334676 0.297064768767 23.2723425847
MCDB macro 1435.0 13 45176.7564103 0.119779687218 0.2261 1.07271926949 0.364567140177 -0.601496300084 0.544131073533 0.253139454185 0.523344947735 0.659812308029 751.0 71.9860627178 2.34336361429 0.256553457076 25.0083682008 21.4444444444 17 21 1.65086419831 0.343176390276 0.450150736142 7.12273954814
MCDB macro 2313.0 11 24758.4181818 0.256637521896 0.6627 0.218611775034 0.69634084031 -0.431190903901 0.868827569431 0.703138925922 0.201037613489 0.862813223778 465.0 36.9649805447 0.1054682846 -1.33345965335 11.0 11.0 11 11 1.2909387895 0.228720382569 0.178164939411 437.628180278
MCDB macro 64.0 10 25.8222222222 0.601452377432 0.638 0.922396887721 0.696875 -0.292641445472 0.881634399736 0.734930824746 0.265625 0.84326171875 17.0 45.3125 0.905501770812 -0.282602381849 10.0 10.4454508447 11 10 2.16404256133 1.25 0.235396674609 65.792362714
MCDB macro 160.0 10 456.888888889 0.365311742577 0.3837 0.289734408128 0.525 -0.426739235648 0.725465981474 0.47939374307 0.425 0.739375 68.0 66.25 1.6740739878 0.233576805069 10.0 10.367768595 11 11 1.77333827917 0.790569415042 0.373385922444 11.2351460916
MCDB macro 1233.0 16 14251.6625 0.197845338308 0.3077 0.942713395546 0.45600162206 -0.380897035896 0.695049432107 0.391297661389 0.353609083536 0.796885329039 436.0 56.1232765612 2.01784611218 -0.0884840176642 16.0 16.4883381924 17 17 2.10756876324 0.455657417449 0.312836489445 19.3318654749
MCDB macro 1004.0 13 18876.3589744 0.235060955667 0.255 1.7338534915 0.400091939933 -0.411499285701 0.619151027495 0.3245330624 0.473107569721 0.698361930763 475.0 72.1115537849 2.19409288292 0.0940530956095 13.0 13.8587528174 14 15 1.73617458491 0.410276362014 0.412006613771 8.7291869747
MCDB macro 303.0 14 2293.63186813 0.30509481039 0.1803 1.46775552366 0.363979255068 -0.323069568498 0.545521554708 0.247636325899 0.597359735974 0.603797013365 181.0 77.8877887789 2.92475034802 0.986921054117 14.6688741722 14.8275862069 16 17 2.27522014811 0.80427898547 0.502381008342 5.67840879539
MCDB macro 466.0 12 3913.60606061 0.214955352255 0.296 0.137289960094 0.432761087268 -0.462918215735 0.649395758042 0.365572258549 0.394849785408 0.718423621728 184.0 73.3905579399 1.74673054811 -0.148446756705 18.0129032258 20.9696969697 15 18 1.79031049109 0.555889265534 0.34821995589 13.7062556236
MCDB macro 139.0 10 444.1 0.259547217971 0.3259 1.67821778682 0.40071942446 -0.493696907513 0.623287565849 0.35559668586 0.446043165468 0.693131825475 62.0 71.2230215827 1.41642227182 0.789667554695 10.8633540373 12.9504132231 13 13 1.82390263318 0.84818892968 0.39052445974 9.97626929934
MCDB macro 1322.0 14 17425.956044 0.168270774912 0.3553 0.332523381165 0.449103090555 -0.469271852677 0.701494511133 0.412922480657 0.299546142209 0.798949924586 396.0 54.084720121 1.33306975805 -0.31392047569 16.0015140045 15.9806094183 16 18 1.80884639472 0.385045726895 0.265407118578 36.7455772312
MCDB macro 910.0 14 7071.84615385 0.1877823461 0.3915 0.341414589318 0.505494505495 -0.442837123926 0.740779713263 0.466433646493 0.31978021978 0.817553435575 291.0 47.8021978022 1.52522287867 -0.409538833792 14.6674000733 16.0053825452 16 17 1.90799232461 0.464095480892 0.283245216834 27.9651404083
MCDB macro 406.0 10 1521.6 0.26089826949 0.5462 0.320806575522 0.593596059113 -0.511204844944 0.802197056623 0.59350820926 0.270935960591 0.816921060933 110.0 48.275862069 0.521739089644 -0.684955467547 10.0 10.62109375 11 12 1.4984133901 0.496291666985 0.240100055022 59.3010142767
MCDB macro 1065.0 10 23267.8333333 0.291178950248 0.3513 0.310534714779 0.484976525822 -0.481843701416 0.684590581563 0.426351270341 0.438497652582 0.715371288765 467.0 71.0798122066 1.61833464537 0.0170848499699 10.0 10.0 10 10 1.29111296795 0.306425706518 0.384421687076 10.3933291659
MCDB macro 1169.0 24 3652.04166667 0.203451526282 0.404 1.66016432385 0.538886512689 -0.244964657423 0.80037337866 0.509816424658 0.20872540633 0.896867391942 244.0 33.7895637297 1.7144021837 -0.463092384252 28.0034246575 28.8230452675 28 31 3.25598990664 0.701946456689 0.184978053615 320.612696301
MCDB macro 519.0 12 7289.29545455 0.179530538256 0.2187 1.06203742355 0.377167630058 -0.514972283156 0.530522026863 0.248823128932 0.57225433526 0.618990870987 297.0 75.1445086705 2.4331587999 0.688893023765 12.2862658577 13.5463137996 14 13 1.75946402977 0.526741537567 0.485168941575 6.08543876522
MCDB macro 152.0 10 112.177777778 0.501265940192 0.6959 0.485260392126 0.696052631579 -0.320085362575 0.894955145738 0.761282821188 0.203947368421 0.856301939058 31.0 37.5 0.203084574711 -1.28697060653 10.0 10.431 11 12 1.79144387743 0.811107105654 0.180743638705 387.531532877
MCDB macro 438.0 10 6287.06666667 0.231129669931 0.2532 1.11933314621 0.389497716895 -0.554674491152 0.560331913196 0.292617384752 0.575342465753 0.605054106462 252.0 81.0502283105 2.08260698749 0.445292530803 10.0 10.5125 11 11 1.47972312944 0.477818482567 0.487313126861 6.03157724171
MCDB macro 801.0 14 5174.48901099 0.253224527767 0.4052 1.71896522478 0.549135009809 -0.373797344657 0.7650003618 0.50229887078 0.277153558052 0.823726895688 222.0 53.1835205993 1.49283862617 -0.457441875808 14.0 14.4032771962 15 16 1.94440179102 0.494665677336 0.245604798632 52.857904666
MCDB macro 291.0 14 1180.48901099 0.311913318549 0.2827 1.39559196616 0.530436917035 -0.329661041684 0.702968141328 0.414831196456 0.45704467354 0.747345921753 133.0 61.1683848797 2.73597617421 0.0275386869813 14.4013793103 15.5925925926 16 16 2.2914259223 0.820694534465 0.399334531975 9.42657352943
MCDB macro 398.0 10 5706.4 0.206235652717 0.2357 1.69202477993 0.390452261307 -0.587638913373 0.531013123464 0.266261706117 0.613065326633 0.575780914623 244.0 79.648241206 2.24093784233 0.504910936851 12.0050377834 11.2285714286 12 14 1.50339466383 0.501254707117 0.512901056103 5.45550112812
MCDB macro 39.0 10 26.3222222222 0.530494276524 0.391 1.42327852499 0.507692307692 -0.28673924729 0.744916304367 0.506441261969 0.384615384615 0.744247205786 15.0 69.2307692308 1.53859957748 1.3380400881 11.3684210526 14.0 14 14 2.45662578368 1.60128153805 0.339531194067 14.7976393757
MCDB macro 161.0 11 227.854545455 0.449294465995 0.5084 0.424177615315 0.597402597403 -0.336729311236 0.817344655115 0.60986660403 0.316770186335 0.821187454188 51.0 47.2049689441 1.28196073853 0.0896084235982 11.0 11.0 11 9 1.96795989489 0.866921446863 0.280596425165 29.0423048975
MCDB macro 1355.0 16 50959.2958333 0.169975297522 0.1305 1.51827663342 0.299677121771 -0.402631294296 0.438922763586 0.158458688724 0.671586715867 0.521171552675 910.0 81.5498154982 3.34039592816 0.560336026758 18.0014771049 18.3458823529 19 21 2.07999472995 0.434660659939 0.550545449383 4.78503298786
MCDB macro 443.0 13 2779.24358974 0.191678155936 0.3116 0.544465082781 0.445389824622 -0.471465304022 0.662059242539 0.371985113795 0.390519187359 0.753135047822 173.0 65.0112866817 1.77506880109 0.0933393233983 25.0271493213 20.6553846154 17 21 1.96928901331 0.617648639589 0.344551709397 14.1490399921
MCDB macro 369.0 19 926.257309942 0.371216002268 0.3006 0.752265536049 0.504350306661 -0.219858700362 0.744439736442 0.441817768273 0.344173441734 0.824920498527 127.0 50.406504065 2.61001599398 0.432417239316 19.0 19.372277819 20 19 3.04527478849 0.989100491961 0.304621963773 21.2307090895
MCDB macro 1056.0 10 27396.4888889 0.11542765196 0.3114 0.144975333925 0.374810606061 -0.78515502142 0.571557753038 0.303189184904 0.457386363636 0.67888939107 483.0 70.2651515152 1.37481928152 0.29447038231 10.4003791469 11.4285714286 12 12 1.29268676773 0.307728727448 0.39960646821 9.41050993165
MCDB macro 646.0 10 9274.48888889 0.136118373073 0.3333 0.199569800444 0.382043343653 -0.726873272858 0.593689741941 0.324849479737 0.393188854489 0.699982746887 254.0 70.5882352941 1.09617174889 0.285085208622 12.0031007752 14.2643450732 13 15 1.3908636784 0.393444737682 0.346814537353 13.8729521427
MCDB macro 7219.0 23 135393.573123 0.23054171708 0.432 1.22994102919 0.552563585225 -0.228481326941 0.820439997709 0.549924166027 0.203075218174 0.899365104871 1466.0 32.3452001662 1.62443964205 -1.12592560051 23.0 23.0 24 25 2.47623051746 0.270700660298 0.179970717007 401.710525006
MCDB macro 99.0 10 140.988888889 0.304756058765 0.4358 0.259196564754 0.50101010101 -0.461401471955 0.729769719128 0.48527457268 0.333333333333 0.770533619018 33.0 57.5757575758 0.911015828135 0.329409859097 22.1224489796 16.2222222222 14 18 1.95859962167 1.00503781526 0.295144276557 23.8437551542
MCDB macro 216.0 14 373.340659341 0.239464868421 0.4071 0.562099882995 0.458994708995 -0.377115741779 0.731595082627 0.453421683609 0.268518518519 0.824545610425 58.0 44.4444444444 0.955359347992 0.311271314058 18.0186046512 23.2263964409 19 22 2.41847938172 0.952579344416 0.237959303039 62.1306721276
MCDB macro 209.0 10 2020.32222222 0.244912916462 0.1937 0.255891918122 0.314832535885 -0.489999728891 0.445769171672 0.199006665926 0.688995215311 0.483734346741 144.0 88.5167464115 2.35333044538 1.32018483187 10.2232905983 12.3399209486 12 10 1.68465685139 0.691714463866 0.561304209796 4.62322990895
MCDB macro 78.0 10 118.844444444 0.383641785451 0.3626 1.59123358608 0.494871794872 -0.403252836037 0.701526185725 0.447723989258 0.423076923077 0.72419460881 33.0 70.5128205128 1.57439004418 0.711435589849 11.2155844156 12.8936363636 13 14 2.06577955012 1.13227703414 0.371801499645 11.3663567611
MCDB macro 900.0 14 36839.1428571 0.203019340817 0.1078 0.81837850933 0.262857142857 -0.386492574121 0.307975186814 0.096471553183 0.807777777778 0.337325925926 727.0 88.0 3.25894734055 1.46504073496 14.0 14.5133968932 15 12 1.91109167467 0.466666666667 0.63012147378 3.80653543574
MCDB macro 2012.0 20 57364.2526316 0.131941974832 0.1566 0.856610750385 0.334691848907 -0.368837503777 0.53498833082 0.208754386142 0.519383697813 0.680760368208 1045.0 68.6381709742 3.33175871126 0.305087421642 30.0049726504 32.1764705882 26 31 2.49773740117 0.445877962068 0.447224633215 7.22535119855
MCDB macro 2070.0 17 92811.0661765 0.138050281575 0.1451 1.688094478 0.335777209434 -0.426859063815 0.483068947474 0.183124499466 0.609178743961 0.594615977036 1261.0 75.4106280193 3.34255720797 0.454215732974 18.2005799903 19.3313502794 20 21 2.09552890603 0.373648934924 0.510314972951 5.50864487203
MCDB macro 632.0 14 1469.36263736 0.678831157556 0.599 0.731821872644 0.689421338156 -0.181634471794 0.894256696352 0.737761169595 0.242088607595 0.88074827752 153.0 36.3924050633 1.66405832866 0.318990905171 14.0 14.0 14 14 2.01585097921 0.556890098923 0.214544391114 112.291631852
MCDB macro 445.0 12 3073.53787879 0.194869503076 0.328 1.63865478714 0.405243445693 -0.500826873394 0.63903396741 0.353968764046 0.343820224719 0.745936119177 153.0 64.9438202247 1.28023575875 0.425293315776 12.4009009009 13.1324099723 14 14 1.80384814796 0.568854555768 0.304313783805 21.3080276103
MCDB macro 1822.0 15 74939.8380952 0.178048432983 0.1742 0.692258194483 0.367398463227 -0.418586129721 0.537880896234 0.235098605049 0.589462129528 0.617291886818 1074.0 73.2711306257 3.07966604626 0.0250641482099 17.0010982976 17.4017094017 17 19 1.86475465221 0.351412392488 0.497019875449 5.79921215279
MCDB macro 2043.0 14 116836.532967 0.197663718189 0.1641 0.845786685171 0.345500314663 -0.421689376628 0.496662363862 0.208372676417 0.632892804699 0.564668726636 1293.0 79.7356828194 2.98795644102 0.282440869337 14.0 14.4408805948 15 16 1.70555001572 0.309737545413 0.525922137785 5.20294726044
MCDB macro 1823.0 12 104414.083333 0.275763057328 0.1943 0.681558533812 0.417352349607 -0.406829440843 0.542060563126 0.258704984376 0.635216675809 0.571062931175 1158.0 74.931431706 2.81683184366 0.806061528552 12.0 12.0 12 12 1.46505729641 0.281052797019 0.527429834548 5.17522807204
MCDB macro 2007.0 18 64070.3823529 0.195340682559 0.1704 0.71004845893 0.330592924763 -0.331193329641 0.547554426099 0.227515860141 0.521674140508 0.674041452822 1047.0 69.6063776781 3.07732525831 0.431457965584 18.0 18.517888 19 19 2.23554891411 0.401789718109 0.448918223479 7.16561204328
MCDB macro 190.0 16 379.316666667 0.382131771501 0.2839 1.22319993263 0.524342105263 -0.255062044447 0.724010011602 0.429586925618 0.415789473684 0.779889196676 79.0 57.8947368421 2.81399392349 0.428002206825 18.0105820106 18.1493722038 19 21 2.85876332826 1.16076200018 0.365770800903 11.8923981501
MCDB macro 123.0 10 223.566666667 0.286341121897 0.4292 1.74892020809 0.50325203252 -0.48583740849 0.723595873995 0.476856447802 0.341463414634 0.767003767599 42.0 57.7235772358 0.955380549825 0.266106038622 11.2098360656 14.53 13 14 1.87025253718 0.901669634667 0.302256315599 21.8365616289
MCDB macro 361.0 17 652.316176471 0.344846776732 0.4235 1.58028625677 0.526804627668 -0.260233292299 0.794480191486 0.531036336843 0.224376731302 0.861089156774 81.0 42.9362880886 1.35674771221 0.00495690261169 17.0 17.5078125 18 17 2.71698617516 0.894736842105 0.198848536938 185.914250578
MCDB macro 3541.0 13 90339.0897436 0.279578092755 0.4708 1.58731570173 0.559707166598 -0.385334149587 0.785431377281 0.541472125665 0.249082180175 0.836618939424 882.0 47.1335780853 0.956850792754 -0.18338516822 13.0 13.0 13 13 1.46839923136 0.218464255418 0.220741355889 94.4590092982
MCDB macro 19.0 11 2.61818181818 0.765852299187 0.5562 1.0 0.655502392344 -0.131681283745 0.874669722847 0.714469173079 0.263157894737 0.836565096953 5.0 52.6315789474 1.64991582277 1.92271812628 87.0 45.6 20 29 3.39623271895 2.52357307258 0.233211477175 69.1752024605
MCDB macro 720.0 18 3380.35294118 0.228276533888 0.3339 1.49631603356 0.45 -0.312484282924 0.720260015761 0.412884938874 0.248611111111 0.833591820988 179.0 48.6111111111 1.54349864489 0.0887863215629 18.4005563282 19.0321230769 20 20 2.58388066547 0.67082039325 0.220323961339 95.5268452847
MCDB macro 746.0 13 21139.5897436 0.177982945828 0.1444 0.893644473394 0.333470818726 -0.484608343754 0.424425953493 0.16418377542 0.717158176944 0.467249818514 535.0 82.0375335121 3.03753696742 0.661644354512 15.0026845638 16.2090251171 16 18 1.81413420983 0.47596381686 0.578318011655 4.38913037087
MCDB macro 395.0 12 2741.53787879 0.206704587298 0.3013 0.899073858742 0.399367088608 -0.487861006353 0.62762839255 0.341537129353 0.382278481013 0.723384073065 151.0 70.6329113924 1.54116596161 0.375136573053 12.2864394489 14.2671174979 14 13 1.83980768868 0.603785526512 0.337537870568 15.0698809532
MCDB macro 1647.0 13 82072.3974359 0.137861286506 0.1748 1.8424215667 0.237027696044 -0.526656119277 0.403537986618 0.151271638471 0.552519732848 0.560006252283 910.0 91.6818457802 2.09933446265 1.0943429821 13.0 13.6039183673 14 11 1.62015237764 0.320329217414 0.471282325249 6.4588601692
MCDB macro 463.0 15 745.838095238 0.417973495191 0.5778 0.551828921041 0.611663066955 -0.259323478697 0.860479864967 0.662873599369 0.170626349892 0.88462417607 79.0 33.909287257 0.587026617442 -0.391910601375 15.0 15.0 15 14 2.28097467949 0.69710911851 0.151213665452 2240.47661794
MCDB macro 102.0 14 49.9120879121 0.483751196479 0.5339 0.657101133232 0.628851540616 -0.250955924826 0.850905235744 0.649689639366 0.225490196078 0.866205305652 23.0 42.1568627451 1.18295733963 -0.114511180448 16.0198019802 15.818877551 17 19 2.81082733344 1.38620656017 0.199835296803 179.542136281
MCDB macro 303.0 14 1977.93956044 0.237123924967 0.2032 1.73585376731 0.347477604903 -0.373321109305 0.54135054064 0.24408331443 0.514851485149 0.648498513218 156.0 79.5379537954 2.3684809174 0.935189865779 15.719962157 17.9135802469 18 19 2.27522014811 0.80427898547 0.443859808775 7.34696806038
MCDB macro 344.0 11 2355.21818182 0.217375978939 0.3135 0.601199154198 0.44133192389 -0.526483894333 0.638136662794 0.361903074262 0.441860465116 0.710062871823 152.0 70.9302325581 1.68915734063 0.288426770259 11.6686103013 12.5772058824 13 14 1.71214064937 0.593080252619 0.387147500403 10.2031200725
MCDB macro 496.0 12 5132.60606061 0.197251561334 0.2664 0.788351037608 0.370967741935 -0.501662467055 0.582167769678 0.29534389873 0.429435483871 0.687174817898 213.0 76.4112903226 1.70117660079 0.520200611555 12.668013468 13.8531821046 14 15 1.77231377331 0.53881590608 0.377028935333 10.9437533769
MCDB macro 619.0 14 5256.33516484 0.199212604707 0.286 1.21545331608 0.439187629818 -0.432607918689 0.648894541005 0.349433408302 0.400646203554 0.750232930805 248.0 65.5896607431 1.97196249621 0.235154759704 14.6677454153 15.1324099723 16 17 2.02236887054 0.562707509741 0.353109887655 13.1531627077
MCDB macro 118.0 20 58.3052631579 0.492358075231 0.3859 1.07584767316 0.604237288136 -0.169963895505 0.822031182557 0.565005876269 0.28813559322 0.870439528871 34.0 42.3728813559 2.72105074638 0.36048181149 30.0854700855 24.4001739482 26 31 3.98265689217 1.8411492358 0.255322014116 43.8214749256
MCDB macro 731.0 17 5945.375 0.299957356753 0.2484 1.06206984262 0.497948016416 -0.277272767508 0.696535492866 0.387208776413 0.444596443228 0.763158239467 325.0 57.1819425445 3.11611404871 0.0750395310113 17.0 17.0 17 14 2.42629615168 0.628767713237 0.389358122827 10.0535497231
MCDB macro 1515.0 11 62418.2181818 0.102993809455 0.2505 0.963796335304 0.389378937894 -0.755657816576 0.534356351102 0.260142848555 0.547194719472 0.637142763781 829.0 71.5511551155 2.12942031275 0.330635228999 12.2007926024 14.75 14 15 1.36552872863 0.282609247546 0.467479716404 6.56917254366
MCDB macro 985.0 34 1914.57486631 0.220035490203 0.3111 1.71371187343 0.461600477755 -0.16839834711 0.763379579416 0.416983470936 0.173604060914 0.905468319204 171.0 34.4162436548 2.11628292521 0.15230952035 38.6714092141 40.8661468486 41 44 4.78771445231 1.08333007939 0.153852593121 1841.77569791
MCDB macro 103.0 14 55.6318681319 0.424318891726 0.5117 0.705509562336 0.580443828017 -0.275126001189 0.828634000305 0.60821374174 0.203883495146 0.860401545857 21.0 40.7766990291 0.902171531781 0.0515654976094 18.0392156863 17.4659350709 18 21 2.80491049919 1.37946098943 0.180687032592 388.547156454
MCDB macro 392.0 14 2582.30769231 0.316748709638 0.2464 1.75704598513 0.428571428571 -0.322507100272 0.640169881826 0.339728756143 0.466836734694 0.710107767597 183.0 71.4285714286 2.39983493628 0.552336124449 14.0 14.4377037037 15 15 2.17709428071 0.707106781187 0.407086782753 8.9880124048
MCDB macro 829.0 12 11387.1742424 0.331444958192 0.3138 0.872077507878 0.4623039807 -0.372332534727 0.676028636513 0.396804368716 0.402895054282 0.734403215175 334.0 69.8431845597 1.77142610692 0.651638113585 12.0 12.0 12 12 1.63685113673 0.416777226988 0.355000713762 12.9498897359
MCDB macro 413.0 21 1745.03333333 0.323419317765 0.1888 1.5882613804 0.405972558515 -0.209896916832 0.63431257194 0.294881839178 0.438256658596 0.747767765538 181.0 65.617433414 3.15425823349 0.799026051722 22.2029126214 22.2628790483 24 25 3.32035760108 1.03334244574 0.384225976122 10.4072390401
MCDB macro 62.0 10 49.0666666667 0.488505454439 0.4654 1.43710407641 0.574193548387 -0.345275604184 0.793365088484 0.5793235395 0.370967741935 0.785119667014 23.0 54.8387096774 1.51537328249 0.424200661178 10.2903981265 11.1788888889 12 11 2.18068983472 1.27000127 0.327844460036 16.5287410517
MCDB macro 42.0 10 9.95555555556 0.700029281388 0.6632 0.806596115881 0.704761904762 -0.239499744121 0.897491909846 0.766393486123 0.238095238095 0.849206349206 10.0 45.2380952381 0.880530341658 0.180327367523 10.0 10.5845533292 11 8 2.40791747777 1.54303349962 0.211005695487 124.709935233
MCDB macro 222.0 18 352.705882353 0.406573683561 0.3135 1.09997743235 0.543543543544 -0.21865670762 0.762888697032 0.474737724442 0.36036036036 0.822782241701 80.0 50.9009009009 2.83700256026 0.34058827868 18.2870071105 18.9599806942 20 19 3.14658803375 1.20808089939 0.318690796565 18.147576699
MCDB macro 1642.0 14 22451.1428571 0.153276597303 0.3975 0.386603524587 0.477901513833 -0.49014160554 0.719226832027 0.436390420309 0.281364190012 0.820319535459 462.0 47.6248477467 1.07217737818 -0.259334528905 16.001218769 15.5361111111 16 18 1.75588586347 0.345494755482 0.249331475352 49.0808355973
MCDB macro 50.0 13 9.30769230769 0.672582803734 0.6326 1.00349960193 0.721538461538 -0.195410242574 0.899840742579 0.754563149228 0.22 0.8784 11.0 40.0 1.28776003881 0.0372029435599 14.2244897959 14.8552631579 16 17 3.06746662362 1.83847763109 0.194969826839 214.229981889
MCDB macro 140.0 21 55.1333333333 0.578224793541 0.4584 1.35756193587 0.595238095238 -0.138789121585 0.852695677029 0.620533810125 0.2 0.89612244898 28.0 37.1428571429 1.82905004645 0.714330485514 21.0 21.3265306122 22 17 4.04723739389 1.77482393493 0.177245379431 457.56043461
MCDB macro 516.0 12 4991.63636364 0.165039825684 0.2878 0.466605175924 0.358527131783 -0.542259453928 0.583494605578 0.296619501022 0.399224806202 0.710444083889 206.0 69.5736434109 1.43897108698 0.585616481573 13.2023300971 15.5029111531 15 16 1.76109701819 0.528270543795 0.351912937001 13.2848184394
MCDB macro 77.0 11 22.0 0.491463407637 0.7101 0.230453578302 0.727272727273 -0.293587781742 0.897718115933 0.760750094915 0.168831168831 0.871985157699 13.0 33.7662337662 -0.109770609805 -0.856632767489 17.0789473684 12.9400584795 14 17 2.30212890055 1.25356634106 0.149622727665 2533.41960874
MCDB macro 2050.0 15 68524.0952381 0.151450263748 0.226 1.68767186546 0.401788617886 -0.463956472222 0.603274565851 0.294484486573 0.493658536585 0.705055562165 1012.0 64.487804878 2.71785168345 -0.0980170947004 15.6669920286 18.4618181818 17 18 1.83592229427 0.331294578225 0.427883305482 7.98308325216
MCDB macro 246.0 11 516.054545455 0.403892935161 0.516 0.257434072 0.627864005913 -0.35542477044 0.826112279411 0.624948715846 0.313008130081 0.823815189371 77.0 50.0 1.36491116426 -0.663935407707 11.0 11.380294395 12 13 1.81642103382 0.70133438437 0.277283213127 30.4871869838
MCDB macro 68.0 11 85.5636363636 0.391407717834 0.3294 1.52069254514 0.478609625668 -0.346259943065 0.688623671222 0.421347930617 0.441176470588 0.724048442907 30.0 69.1176470588 1.84661525891 0.960035602068 15.0597014925 19.431640625 16 19 2.36994471837 1.3339459377 0.386593847889 10.2412293824
MCDB macro 1350.0 18 8878.58823529 0.164901893854 0.4015 1.52606028996 0.51037037037 -0.359969705081 0.767852573138 0.482448146589 0.24962962963 0.861626337449 337.0 42.962962963 1.48879449409 -0.531879401977 30.0088954781 30.0088954781 22 26 2.35853641764 0.489897948557 0.221226424277 93.2396389
MCDB macro 1036.0 13 25508.2307692 0.175725210649 0.2124 1.35582592226 0.410008910009 -0.488536300761 0.559635574386 0.266790021975 0.566602316602 0.637881814523 587.0 69.2084942085 2.71658868061 0.370726457009 13.0 13.3529411765 14 15 1.72832902392 0.403890347901 0.48122454277 6.1870681349
MCDB macro 499.0 11 7548.85454545 0.293817886927 0.2307 0.278406099452 0.412279103662 -0.430009178665 0.57237655628 0.294519758738 0.593186372745 0.605925277409 296.0 76.9539078156 2.46291392666 0.824383219083 11.0 11.0 11 10 1.60963045876 0.492427629139 0.499554019793 5.74147263524
MCDB macro 145.0 18 83.114379085 0.443383437265 0.4526 1.30162074082 0.608812260536 -0.207584125806 0.835340609545 0.599032982787 0.262068965517 0.87724137931 38.0 37.2413793103 2.08487928107 0.00435267031207 20.4166666667 20.6335502022 22 24 3.41589501867 1.49481863737 0.232246918641 70.7511891685
MCDB macro 47.0 10 14.0111111111 0.571733739877 0.6366 0.353288967691 0.676595744681 -0.302524362171 0.87537749734 0.72282923951 0.234042553191 0.842915346311 11.0 44.6808510638 0.609127282707 -0.217900566032 16.1304347826 12.3907910272 13 16 2.33757271955 1.45864991498 0.207414337593 139.405749498
MCDB macro 146.0 11 490.018181818 0.327346405263 0.2834 1.72872086012 0.448941469489 -0.405872287994 0.64234749827 0.366590600902 0.506849315068 0.679208106587 74.0 73.2876712329 2.15289700572 0.681971457445 11.2876847291 12.5051501205 13 12 2.00657892147 0.910366477463 0.437874368128 7.57343003367
MCDB macro 843.0 18 3415.08823529 0.227604517007 0.4048 0.352236533958 0.545670225386 -0.305665441196 0.787467405341 0.514021647927 0.262158956109 0.862749402307 221.0 43.1791221827 1.75759724328 -0.570972874424 24.0071258907 20.3402705515 21 24 2.52339073443 0.619952931286 0.232326632329 70.6189361707
MCDB macro 176.0 10 648.933333333 0.360825419858 0.3466 1.73146339438 0.501136363636 -0.425496166339 0.698211938638 0.443475562079 0.465909090909 0.711454028926 82.0 69.8863636364 1.87172127347 0.308437856529 10.0 10.3939591837 11 11 1.74064942637 0.753778361444 0.406356019655 9.02770019731
MCDB macro 138.0 11 336.272727273 0.330906032492 0.3399 0.338769090424 0.453886693017 -0.40519410807 0.682662465689 0.413948612811 0.405797101449 0.732514177694 56.0 68.8405797101 1.58376415187 0.630167226812 11.402919708 12.2942659105 13 13 2.02952813859 0.936382183835 0.357435382854 12.6963278183
MCDB macro 47.0 10 25.5666666667 0.594822477758 0.4898 0.817004360215 0.655319148936 -0.287822684395 0.828651260969 0.637762886924 0.382978723404 0.795835219556 18.0 51.0638297872 1.98988783844 0.461698292955 10.2919254658 11.024691358 12 11 2.33757271955 1.45864991498 0.338135512822 14.9873372586
MCDB macro 5835.0 19 335392.54386 0.0948966968567 0.2289 0.437978171395 0.349190456862 -0.464956866729 0.586452254947 0.256804454183 0.323907455013 0.770053947128 1890.0 63.2733504713 2.06708948502 0.22540204591 23.0006856359 23.1487603306 23 26 2.07573442883 0.24873286414 0.286873782259 26.5915917965
MCDB macro 224.0 16 402.8 0.371176910696 0.3417 0.58806101563 0.549107142857 -0.259873023412 0.757112223772 0.477287989627 0.34375 0.817083864796 77.0 54.4642857143 2.2769125747 0.272277281294 16.6696562033 17.5401125968 18 19 2.7717999027 1.06904496765 0.30425250762 21.3234574364
MCDB macro 1138.0 16 8553.05 0.171403622749 0.3868 0.538845803295 0.440795254833 -0.408668195864 0.72511242487 0.431106064345 0.218804920914 0.838433288753 249.0 41.3005272408 0.949916400613 -0.118158464569 16.400351803 18.1207756233 18 18 2.13158180148 0.474295333383 0.193910728967 222.985621367
MCDB macro 1342.0 14 12376.5934066 0.181318585178 0.4443 1.67527192442 0.487545241644 -0.450023021309 0.749087130475 0.47847760558 0.222056631893 0.839232766452 298.0 41.654247392 0.676755932596 -0.13161656729 14.0 14.0 14 12 1.8050751254 0.382165763303 0.196792441789 200.234100733
MCDB macro 248.0 11 344.672727273 0.431496110178 0.6186 0.402189991956 0.70857771261 -0.331626600173 0.866945223291 0.699521991683 0.254032258065 0.853050208117 63.0 42.7419354839 0.833119040133 -0.725296552017 11.0 11.0 11 10 1.81375337569 0.698500698501 0.225127220893 84.2156890404
MCDB macro 126.0 10 144.711111111 0.476258262651 0.5493 1.16450565789 0.650793650794 -0.350303221174 0.836380597958 0.651210248514 0.325396825397 0.817964222726 41.0 47.619047619 1.29375446715 -0.177325465557 10.0 10.0 10 7 1.86093370344 0.890870806375 0.288182183012 26.1231441373
MCDB macro 1402.0 10 168509.733333 0.145084995236 0.1147 1.58179284411 0.167047075606 -0.661039940567 0.153351219267 0.0470532785636 0.932952924394 0.128436857068 1308.0 95.9343794579 2.66240480429 1.41054695844 10.4002855103 11.5755102041 12 12 1.24212371636 0.267070545319 0.695558028624 3.26635848568
MCDB macro 387.0 11 9646.36363636 0.304315859517 0.1237 1.52820066612 0.235611933286 -0.356797857994 0.295606678482 0.103162071632 0.855297157623 0.265008112493 331.0 89.9224806202 2.83516700156 2.25887872342 11.0 11.0 11 9 1.67829594485 0.559161424553 0.655713712543 3.57424787482
MCDB macro 477.0 14 8988.53296703 0.224189524928 0.1221 1.41800875405 0.312518718179 -0.387133459848 0.398044912052 0.142998115119 0.758909853249 0.41500643874 362.0 81.7610062893 3.27718167765 0.879400525008 18.0084033613 19.1578947368 18 21 2.10781763117 0.641015965094 0.602712187937 4.09322148594
MCDB macro 185.0 10 736.055555556 0.225057354364 0.3406 1.64091497435 0.413513513514 -0.547506779033 0.635867823637 0.369313574041 0.421621621622 0.706442658875 78.0 70.2702702703 1.31426556668 0.441856135038 22.0652173913 15.0477508651 14 18 1.72402041194 0.735214622094 0.370600513965 11.4676949384
MCDB macro 10085.0 24 843583.041667 0.116677885424 0.1793 0.276106368333 0.276652619402 -0.321653903132 0.54399309206 0.201483076872 0.35676747645 0.767566060327 3598.0 60.8428358949 2.44826890692 0.739152585623 24.0 24.0 24 23 2.49490051815 0.238986456781 0.315577827699 18.7613711196
