1008 79 142
1008 78 91
1008 59 60
1008 52 55
1008 50 39
1008 47 24
1008 22 18
1008 20 10
1008 18 6
1008 12 6
1008 9 5
1008 6 4
1008 5 1
1008 4 1
1008 2 1
1009 77 66
1009 45 44
1009 17 31
1009 16 26
1009 16 14
1009 12 11
1009 11 9
1009 10 8
1009 4 4
1009 3 2
1009 3 2
1009 3 2
1009 3 2
1009 2 1
1009 1 1
1009 1 1
1010 79 85
1010 31 23
1010 16 17
1010 11 15
1010 11 14
1010 10 10
1010 8 7
1010 5 5
1010 4 4
1010 4 2
1010 3 2
1010 3 2
1010 2 1
1010 1 1
1010 1 1
1010 1 1
1011 42 39
1011 29 30
1011 27 16
1011 12 14
1011 6 9
1011 2 7
1011 2 4
1011 1 2
1011 1 1
1011 1 1
1012 81 87
1012 74 65
1012 50 49
1012 44 46
1012 28 29
1012 14 24
1012 13 14
1012 12 14
1012 12 9
1012 9 8
1012 7 7
1012 6 3
1012 3 2
1012 3 1
1012 2 1
1012 2 1
1012 1 1
1013 910 325
1013 195 308
1013 98 192
1013 33 151
1013 29 135
1013 27 112
1013 17 46
1013 16 32
1013 12 26
1013 5 9
1013 4 5
1013 4 5
1013 2 5
1013 1 2
1013 1 1
1013 1 1
1014 1074 594
1014 261 515
1014 182 194
1014 83 147
1014 74 118
1014 37 103
1014 24 71
1014 22 33
1014 18 14
1014 18 11
1014 15 8
1014 8 8
1014 4 4
1014 1 1
1014 1 1
1015 1293 513
1015 336 345
1015 145 256
1015 74 218
1015 43 175
1015 35 170
1015 34 114
1015 26 108
1015 23 93
1015 14 25
1015 8 20
1015 7 4
1015 4 1
1015 1 1
1016 1158 824
1016 208 328
1016 137 247
1016 111 122
1016 80 119
1016 52 92
1016 18 34
1016 18 31
1016 12 13
1016 11 11
1016 10 1
1016 8 1
1017 1047 596
1017 350 393
1017 281 304
1017 87 259
1017 64 73
1017 29 70
1017 25 50
1017 24 49
1017 24 46
1017 21 43
1017 16 43
1017 13 41
1017 8 15
1017 8 15
1017 4 7
1017 3 1
1017 2 1
1017 1 1
1018 1045 519
1018 336 295
1018 251 228
1018 109 183
1018 87 150
1018 36 141
1018 35 129
1018 30 127
1018 25 68
1018 25 62
1018 15 35
1018 5 27
1018 5 20
1018 2 9
1018 1 9
1018 1 5
1018 1 2
1018 1 1
1018 1 1
1018 1 1
1019 1261 507
1019 300 272
1019 174 265
1019 127 230
1019 79 221
1019 57 130
1019 26 117
1019 10 69
1019 9 64
1019 9 62
1019 7 43
1019 4 41
1019 2 32
1019 2 11
1019 1 3
1019 1 2
1019 1 1
1020 1012 859
1020 310 669
1020 242 111
1020 209 110
1020 108 102
1020 53 68
1020 30 63
1020 29 42
1020 21 11
1020 13 9
1020 11 2
1020 8 1
1020 2 1
1020 1 1
1020 1 1
1021 13 31
1021 13 16
1021 12 9
1021 9 5
1021 8 5
1021 8 4
1021 7 2
1021 4 2
1021 1 1
1021 1 1
1021 1 1
1022 77 92
1022 46 38
1022 34 31
1022 24 25
1022 22 24
1022 13 19
1022 10 12
1022 9 2
1022 5 1
1022 5 1
1022 1 1
1180 30 24
1180 17 18
1180 7 8
1180 5 5
1180 2 4
1180 2 3
1180 1 2
1180 1 1
1180 1 1
1180 1 1
1180 1 1
1197 74 57
1197 33 28
1197 11 17
1197 8 14
1197 7 11
1197 5 7
1197 2 5
1197 2 3
1197 2 2
1197 1 1
1197 1 1
1198 38 29
1198 16 25
1198 16 22
1198 14 13
1198 13 13
1198 8 12
1198 7 8
1198 7 5
1198 6 5
1198 5 3
1198 4 2
1198 3 2
1198 2 1
1198 2 1
1198 1 1
1198 1 1
1198 1 1
1198 1 1
1200 28 28
1200 24 16
1200 14 16
1200 13 14
1200 11 11
1200 6 10
1200 6 8
1200 5 6
1200 4 6
1200 4 5
1200 3 4
1200 3 3
1200 3 3
1200 3 2
1200 2 2
1200 2 1
1200 2 1
1200 2 1
1200 2 1
1200 2 1
1200 1 1
1201 80 50
1201 33 48
1201 20 29
1201 17 18
1201 13 13
1201 11 12
1201 8 12
1201 7 9
1201 7 8
1201 6 7
1201 6 6
1201 3 3
1201 3 2
1201 2 1
1201 2 1
1201 2 1
1201 1 1
1201 1 1
1208 337 429
1208 243 164
1208 148 131
1208 121 121
1208 121 119
1208 108 93
1208 108 61
1208 54 59
1208 27 44
1208 27 36
1208 13 24
1208 13 22
1208 13 14
1208 13 13
1208 1 10
1208 1 8
1208 1 1
1208 1 1
1210 23 24
1210 11 11
1210 11 7
1210 5 7
1210 4 5
1210 2 3
1210 2 2
1210 2 1
1210 1 1
1210 1 1
1230 882 1629
1230 787 1300
1230 514 167
1230 460 144
1230 278 106
1230 242 70
1230 173 45
1230 76 36
1230 41 19
1230 31 19
1230 31 4
1230 13 1
1230 13 1
1232 5 5
1232 5 3
1232 1 2
1232 1 2
1232 1 1
1232 1 1
1232 1 1
1232 1 1
1232 1 1
1232 1 1
1232 1 1
1240 151 184
1240 128 82
1240 57 54
1240 18 37
1240 13 18
1240 13 8
1240 7 4
1240 2 4
1240 2 1
1240 2 1
1240 1 1
1240 1 1
1242 910 599
1242 600 282
1242 58 217
1242 43 176
1242 10 145
1242 7 97
1242 6 58
1242 4 32
1242 2 24
1242 2 10
1242 2 5
1242 2 1
1242 1 1
1250 153 194
1250 77 93
1250 75 80
1250 62 59
1250 55 45
1250 45 40
1250 29 31
1250 29 28
1250 27 22
1250 23 16
1250 17 12
1250 16 10
1250 13 1
1250 11 1
1251 153 144
1251 136 115
1251 78 50
1251 46 50
1251 11 42
1251 5 23
1251 5 6
1251 5 5
1251 2 5
1251 2 3
1251 1 1
1251 1 1
1258 51 71
1258 25 23
1258 23 20
1258 22 18
1258 17 12
1258 7 9
1258 5 3
1258 4 2
1258 3 1
1258 2 1
1258 2 1
1262 1366 1950
1262 550 1133
1262 420 802
1262 415 349
1262 408 347
1262 408 158
1262 319 69
1262 263 37
1262 225 35
1262 189 28
1262 177 5
1262 97 1
1262 78 1
1263 895 462
1263 134 243
1263 76 237
1263 35 131
1263 19 41
1263 17 37
1263 11 29
1263 9 19
1263 9 6
1263 1 1
1263 1 1
1264 751 560
1264 282 241
1264 210 181
1264 104 156
1264 35 81
1264 22 70
1264 18 66
1264 6 40
1264 3 30
1264 1 6
1264 1 2
1264 1 1
1264 1 1
1265 102 117
1265 71 64
1265 32 43
1265 30 30
1265 17 16
1265 17 12
1265 13 9
1265 11 7
1265 8 5
1265 3 1
1266 47 111
1266 46 63
1266 43 52
1266 35 37
1266 33 22
1266 32 17
1266 23 12
1266 21 8
1266 18 6
1266 12 5
1266 11 1
1266 8 1
1266 7 1
1267 195 289
1267 65 98
1267 59 69
1267 54 57
1267 52 24
1267 41 24
1267 39 22
1267 38 11
1267 36 10
1267 15 1
1267 12 1
1268 204 176
1268 97 133
1268 86 96
1268 79 89
1268 36 30
1268 15 15
1268 10 5
1268 10 2
1268 8 1
1268 3 1
1269 133 208
1269 128 127
1269 110 90
1269 79 61
1269 28 29
1269 27 21
1269 23 19
1269 17 10
1269 15 1
1269 7 1
1271 249 456
1271 221 197
1271 215 122
1271 177 96
1271 130 87
1271 42 47
1271 34 35
1271 24 27
1271 14 21
1271 11 20
1271 9 19
1271 6 6
1271 2 2
1271 2 1
1271 1 1
1271 1 1
1272 298 327
1272 261 249
1272 217 220
1272 213 159
1272 178 143
1272 65 68
1272 61 66
1272 16 34
1272 12 30
1272 9 19
1272 5 14
1272 3 8
1272 2 4
1272 2 1
1274 63 66
1274 43 63
1274 32 40
1274 24 24
1274 23 21
1274 22 16
1274 21 7
1274 12 6
1274 3 3
1274 3 1
1274 2 1
1275 41 49
1275 19 22
1275 17 16
1275 17 14
1275 13 10
1275 8 9
1275 5 2
1275 2 2
1275 2 1
1275 2 1
1278 18 12
1278 6 12
1278 6 7
1278 5 6
1278 4 3
1278 2 3
1278 2 1
1278 2 1
1278 1 1
1278 1 1
1288 362 168
1288 28 80
1288 23 44
1288 18 43
1288 14 34
1288 12 31
1288 7 30
1288 4 23
1288 3 14
1288 2 4
1288 1 3
1288 1 1
1288 1 1
1288 1 1
1289 331 131
1289 17 91
1289 11 68
1289 5 27
1289 5 22
1289 4 18
1289 4 14
1289 3 12
1289 3 2
1289 2 1
1289 2 1
1291 82 67
1291 41 49
1291 17 19
1291 9 18
1291 9 10
1291 6 7
1291 5 2
1291 4 2
1291 2 1
1291 1 1
1294 56 37
1294 39 36
1294 18 18
1294 7 16
1294 6 14
1294 3 9
1294 3 3
1294 2 2
1294 2 1
1294 1 1
1294 1 1
1299 221 373
1299 143 101
1299 99 88
1299 75 62
1299 75 46
1299 51 33
1299 38 32
1299 30 28
1299 28 22
1299 27 18
1299 22 13
1299 9 11
1299 9 5
1299 8 4
1299 5 4
1299 1 1
1299 1 1
1299 1 1
1307 465 904
1307 390 720
1307 370 207
1307 256 194
1307 250 140
1307 233 94
1307 151 23
1307 149 14
1307 36 12
1307 9 4
1307 4 1
1308 467 473
1308 290 177
1308 111 145
1308 58 98
1308 58 70
1308 24 53
1308 23 43
1308 16 4
1308 15 1
1308 3 1
1320 127 75
1320 59 55
1320 48 51
1320 24 48
1320 22 37
1320 18 26
1320 12 17
1320 11 17
1320 10 14
1320 7 7
1320 6 6
1320 5 6
1320 4 3
1320 4 2
1320 4 1
1320 3 1
1320 2 1
1320 2 1
1320 1 1
1321 483 405
1321 259 250
1321 235 124
1321 38 94
1321 32 72
1321 3 53
1321 2 44
1321 2 10
1321 1 3
1321 1 1
1327 254 318
1327 202 123
1327 137 75
1327 31 73
1327 9 38
1327 8 13
1327 2 2
1327 1 2
1327 1 1
1327 1 1
1328 33 31
1328 24 27
1328 21 18
1328 11 8
1328 3 6
1328 3 4
1328 1 2
1328 1 1
1328 1 1
1328 1 1
1338 144 145
1338 41 24
1338 10 13
1338 4 8
1338 2 6
1338 2 6
1338 2 3
1338 2 2
1338 1 1
1338 1 1
1341 152 120
1341 92 81
1341 42 52
1341 27 35
1341 13 33
1341 7 11
1341 4 7
1341 3 2
1341 2 1
1341 1 1
1341 1 1
1342 213 133
1342 166 98
1342 57 96
1342 21 82
1342 14 53
1342 10 14
1342 5 6
1342 3 5
1342 3 5
1342 2 2
1342 1 1
1342 1 1
1343 248 192
1343 158 93
1343 65 65
1343 53 62
1343 37 52
1343 24 46
1343 13 37
1343 6 26
1343 5 22
1343 3 10
1343 3 9
1343 2 3
1343 1 1
1343 1 1
1344 34 26
1344 16 17
1344 9 15
1344 9 10
1344 8 9
1344 6 7
1344 6 6
1344 5 5
1344 4 4
1344 4 4
1344 3 3
1344 3 2
1344 3 2
1344 2 2
1344 1 1
1344 1 1
1344 1 1
1344 1 1
1344 1 1
1344 1 1
1347 325 219
1347 93 184
1347 78 75
1347 36 55
1347 36 50
1347 36 49
1347 29 42
1347 20 28
1347 20 8
1347 15 6
1347 15 4
1347 13 4
1347 5 2
1347 4 2
1347 2 1
1347 2 1
1347 2 1
1348 23 28
1348 20 18
1348 14 15
1348 10 11
1348 7 7
1348 6 6
1348 5 5
1348 5 4
1348 4 2
1348 3 2
1348 2 1
1348 1 1
1348 1 1
1348 1 1
1353 10 12
1353 9 11
1353 6 6
1353 4 4
1353 4 3
1353 2 2
1353 2 1
1353 2 1
1353 2 1
1353 1 1
1356 11 12
1356 9 10
1356 5 8
1356 4 4
1356 4 4
1356 4 3
1356 3 2
1356 3 2
1356 2 1
1356 2 1
1356 1 1
1356 1 1
1356 1 1
1357 462 363
1357 320 308
1357 287 260
1357 217 255
1357 139 156
1357 136 117
1357 26 84
1357 18 39
1357 11 25
1357 10 23
1357 9 9
1357 5 1
1357 1 1
1357 1 1
1358 587 366
1358 130 197
1358 129 153
1358 84 87
1358 53 72
1358 20 69
1358 15 42
1358 4 23
1358 4 14
1358 3 9
1358 3 2
1358 3 1
1358 1 1
1359 727 231
1359 65 148
1359 61 132
1359 10 123
1359 8 109
1359 7 43
1359 6 29
1359 4 28
1359 3 22
1359 2 20
1359 2 11
1359 2 2
1359 2 1
1359 1 1
1361 3598 2541
1361 2538 1433
1361 1711 1296
1361 893 1033
1361 656 686
1361 262 645
1361 106 563
1361 91 389
1361 82 329
1361 43 283
1361 18 222
1361 16 185
1361 13 150
1361 11 104
1361 8 104
1361 7 47
1361 6 20
1361 5 14
1361 5 11
1361 4 11
1361 4 11
1361 3 5
1361 3 2
1361 2 1
1397 297 189
1397 93 101
1397 63 63
1397 41 51
1397 7 50
1397 7 25
1397 3 18
1397 2 9
1397 2 6
1397 2 5
1397 1 1
1397 1 1
1417 173 170
1417 115 114
1417 48 36
1417 46 31
1417 23 26
1417 12 24
1417 12 18
1417 6 11
1417 4 6
1417 1 4
1417 1 1
1417 1 1
1417 1 1
1419 15 14
1419 12 8
1419 2 6
1419 2 4
1419 2 2
1419 2 1
1419 1 1
1419 1 1
1419 1 1
1419 1 1
1465 396 395
1465 319 294
1465 257 253
1465 134 113
1465 66 80
1465 42 52
1465 29 44
1465 29 40
1465 29 19
1465 10 15
1465 6 13
1465 3 2
1465 1 1
1465 1 1
1466 110 146
1466 86 85
1466 71 63
1466 57 33
1466 44 32
1466 15 28
1466 14 11
1466 5 6
1466 3 1
1466 1 1
1467 291 320
1467 144 237
1467 140 117
1467 132 64
1467 68 56
1467 47 42
1467 29 36
1467 25 23
1467 15 9
1467 8 2
1467 7 1
1467 2 1
1467 1 1
1467 1 1
1473 78 62
1473 52 48
1473 34 29
1473 7 21
1473 5 12
1473 5 8
1473 1 2
1473 1 1
1473 1 1
1473 1 1
1486 58 58
1486 38 42
1486 38 30
1486 34 26
1486 26 14
1486 8 14
1486 5 10
1486 2 7
1486 2 6
1486 1 4
1486 1 2
1486 1 1
1486 1 1
1486 1 1
1550 31 51
1550 26 46
1550 25 17
1550 25 10
1550 13 10
1550 11 8
1550 9 5
1550 6 3
1550 5 1
1550 1 1
1581 334 218
1581 245 210
1581 74 131
1581 51 89
1581 36 48
1581 30 48
1581 16 45
1581 14 19
1581 9 16
1581 9 3
1581 6 1
1581 5 1
1611 17 15
1611 12 13
1611 9 11
1611 7 8
1611 6 6
1611 5 6
1611 3 2
1611 2 1
1611 2 1
1611 1 1
1614 11 14
1614 10 13
1614 8 7
1614 5 5
1614 4 2
1614 3 2
1614 3 1
1614 1 1
1614 1 1
1614 1 1
1620 206 172
1620 153 114
1620 101 76
1620 30 55
1620 9 30
1620 7 29
1620 3 15
1620 2 14
1620 2 7
1620 1 2
1620 1 1
1620 1 1
1730 1308 650
1730 37 313
1730 23 127
1730 18 111
1730 6 98
1730 4 46
1730 2 22
1730 2 18
1730 1 16
1730 1 1
1731 181 87
1731 90 64
1731 31 60
1731 22 43
1731 16 28
1731 11 28
1731 8 24
1731 7 15
1731 7 15
1731 7 11
1731 6 10
1731 5 6
1731 4 6
1731 4 5
1731 4 3
1731 3 2
1731 2 2
1731 2 1
1731 1 1
1731 1 1
1731 1 1
1732 156 99
1732 85 58
1732 19 45
1732 15 32
1732 6 17
1732 6 17
1732 6 14
1732 2 8
1732 2 4
1732 2 3
1732 1 3
1732 1 1
1732 1 1
1732 1 1
1733 183 121
1733 97 65
1733 27 64
1733 15 50
1733 14 31
1733 13 19
1733 12 14
1733 9 11
1733 7 6
1733 5 4
1733 4 3
1733 3 2
1733 2 1
1733 1 1
1734 181 67
1734 55 47
1734 14 38
1734 12 34
1734 11 25
1734 6 24
1734 6 23
1734 4 20
1734 4 10
1734 3 8
1734 3 4
1734 2 1
1734 1 1
1734 1 1
1736 21 31
1736 21 20
1736 16 14
1736 14 9
1736 8 6
1736 5 5
1736 5 4
1736 4 4
1736 3 3
1736 2 3
1736 1 1
1736 1 1
1736 1 1
1736 1 1
1746 535 225
1746 77 213
1746 49 119
1746 38 57
1746 17 36
1746 10 29
1746 8 23
1746 4 21
1746 3 14
1746 2 4
1746 1 2
1746 1 2
1746 1 1
1747 252 115
1747 103 100
1747 33 87
1747 18 60
1747 11 30
1747 8 23
1747 6 19
1747 4 2
1747 2 1
1747 1 1
1748 296 138
1748 88 94
1748 36 89
1748 33 68
1748 13 51
1748 9 29
1748 7 16
1748 6 9
1748 5 3
1748 4 1
1748 2 1
1751 68 90
1751 38 20
1751 18 16
1751 13 15
1751 6 7
1751 6 5
1751 5 3
1751 3 2
1751 2 1
1751 1 1
1790 1890 1299
1790 1802 1235
1790 645 784
1790 525 604
1790 471 544
1790 296 400
1790 72 339
1790 37 197
1790 31 131
1790 29 87
1790 9 58
1790 9 51
1790 8 46
1790 5 30
1790 2 14
1790 1 12
1790 1 2
1790 1 1
1790 1 1
1791 244 345
1791 151 170
1791 123 152
1791 117 89
1791 95 71
1791 91 50
1791 59 48
1791 45 36
1791 38 30
1791 38 30
1791 35 28
1791 33 27
1791 26 21
1791 25 17
1791 13 13
1791 12 12
1791 11 11
1791 4 10
1791 3 3
1791 2 2
1791 1 1
1791 1 1
1791 1 1
1791 1 1
1812 33 30
1812 22 18
1812 7 15
1812 6 5
1812 3 3
1812 2 2
1812 2 2
1812 1 1
1812 1 1
1812 1 1
1814 1466 1343
1814 869 1173
1814 809 786
1814 742 676
1814 647 489
1814 447 468
1814 409 460
1814 352 405
1814 231 373
1814 230 302
1814 153 262
1814 145 188
1814 134 99
1814 133 94
1814 127 55
1814 121 22
1814 66 8
1814 36 7
1814 31 5
1814 29 1
1814 28 1
1814 13 1
1814 1 1
1820 133 105
1820 45 56
1820 21 46
1820 20 22
1820 19 16
1820 12 12
1820 12 9
1820 9 7
1820 8 7
1820 6 6
1820 2 2
1820 2 1
1820 1 1
1820 1 1
1821 222 268
1821 204 150
1821 105 125
1821 59 79
1821 57 64
1821 44 46
1821 29 26
1821 28 16
1821 25 7
1821 14 7
1821 5 6
1821 5 5
1821 3 1
1821 1 1
1822 179 174
1822 171 157
1822 111 76
1822 95 69
1822 34 66
1822 32 45
1822 23 32
1822 21 31
1822 14 18
1822 13 16
1822 6 11
1822 6 10
1822 5 5
1822 4 5
1822 2 2
1822 2 1
1822 1 1
1822 1 1
1823 244 141
1823 73 96
1823 45 59
1823 14 58
1823 7 18
1823 6 13
1823 4 10
1823 3 1
1823 1 1
1823 1 1
1834 436 491
1834 256 139
1834 166 122
1834 121 116
1834 73 108
1834 46 87
1834 41 63
1834 32 38
1834 19 26
1834 15 15
1834 13 11
1834 6 8
1834 3 5
1834 3 2
1834 2 1
1834 1 1
1835 475 229
1835 249 170
1835 110 155
1835 41 135
1835 34 112
1835 21 101
1835 19 60
1835 15 29
1835 14 9
1835 14 1
1835 8 1
1835 3 1
1835 1 1
1870 62 46
1870 37 29
1870 26 26
1870 5 19
1870 2 9
1870 2 4
1870 2 2
1870 1 2
1870 1 1
1870 1 1
1877 829 752
1877 255 304
1877 236 119
1877 156 104
1877 19 99
1877 13 61
1877 2 54
1877 2 16
1877 1 4
1877 1 1
1877 1 1
1904 171 221
1904 168 103
1904 101 92
1904 67 72
1904 64 71
1904 63 48
1904 61 47
1904 45 42
1904 39 40
1904 38 30
1904 32 24
1904 24 23
1904 22 23
1904 14 22
1904 12 19
1904 10 19
1904 9 14
1904 6 12
1904 6 10
1904 6 9
1904 5 7
1904 4 7
1904 3 6
1904 2 5
1904 2 4
1904 2 4
1904 2 3
1904 1 2
1904 1 1
1904 1 1
1904 1 1
1904 1 1
1904 1 1
1904 1 1
1944 184 166
1944 158 117
1944 26 65
1944 22 49
1944 21 31
1944 18 15
1944 14 10
1944 11 5
1944 9 5
1944 1 1
1944 1 1
1944 1 1
