65 2 0.144683181224 0.515621186234 -4.15888308336 0.0827314873967 0.923828241324 0.114675505336 0.984615384615 0 0.5 1 0.0
30 1 1.0 1.0 nan nan nan nan 1.0 0 30.0 0 0.0
11 1 1.0 1.0 nan nan nan nan 1.0 0 11.0 0 0.0
6 2 0.923898109345 0.9 -0.69314718056 0.889881574842 0.602169971904 0.918295834054 0.666666666667 0 1.0 0 0.0
20 2 0.440477251561 0.609756097561 -2.19722457734 0.384145488462 0.85755660387 0.468995593589 0.9 0 1.0 0 0.0
78 3 0.882505197661 0.888694127958 -0.465779102002 0.89785379326 0.604563514542 0.935803510226 0.423076923077 0 4.33333333333 0 -0.70084817996
3 1 1.0 1.0 nan nan nan nan 1.0 0 3.0 0 0.0
2 2 1.0 1.0 0.0 1.0 -0.0 1.0 0.5 0 0.5 2 0.0
4 2 0.813438684068 0.8 -1.09861228867 0.754765350603 0.728097636328 0.811278124459 0.75 0 0.5 1 0.0
6 3 0.870814574607 0.857142857143 -0.549306144334 0.874729636999 0.652772541083 0.920619835714 0.5 0 0.333333333333 1 0.0
3 3 1.0 1.0 0.0 1.0 -0.0 1.0 0.333333333333 0 0.333333333333 3 0.0
13 2 0.996218135961 0.994117647059 -0.154150679827 0.994085752775 0.190384461941 0.995727452085 0.538461538462 0 3.0 0 0.0
514 7 0.771283032912 0.818491622881 -0.285763572362 0.861674639521 0.704876686234 0.935144200749 0.22373540856 0 3.28571428571 0 -0.334010076855
28 3 0.372653019722 0.691358024691 -1.38629436112 0.619285607295 0.849777056669 0.733505186531 0.571428571429 0 0.333333333333 1 -0.381801774161
1 1 1.0 1.0 nan nan nan nan 1.0 0 1.0 1 0.0
15 2 0.923898109345 0.9 -0.69314718056 0.889881574842 0.602169971904 0.918295834054 0.666666666667 0 2.5 0 0.0
235 5 0.167137985511 0.388074909525 -1.32534354985 0.311710911015 0.904650782215 0.502987036791 0.642553191489 0 0.2 1 0.866071746338
114 7 0.350134315275 0.660231660232 -0.596388973881 0.68411242784 0.850326222562 0.837734826806 0.271929824561 0 0.142857142857 1 -0.0581520002831
1 1 1.0 1.0 nan nan nan nan 1.0 0 1.0 1 0.0
106 4 0.614376090578 0.655389640691 -0.708675099881 0.68205525868 0.784095974289 0.803497228589 0.509433962264 0 2.0 0 0.342472352974
19 5 0.600047367883 0.714851485149 -0.550125821054 0.74417479977 0.778012247464 0.857723132759 0.368421052632 0 0.2 2 -0.111111111111
74 2 0.969300062134 0.955338450803 -0.439366659784 0.953430064893 0.4589650013 0.966009606257 0.608108108108 0 14.5 0 0.0
322 10 0.189804590881 0.276048988285 -0.583287455634 0.272049512164 0.891907455096 0.53762338048 0.493788819876 0 0.1 2 1.53797736871
233 2 0.990035755859 0.984745147832 -0.250224509917 0.984528736801 0.295395878148 0.988796453313 0.562231759657 0 51.0 0 0.0
1 1 1.0 1.0 nan nan nan nan 1.0 0 1.0 1 0.0
160 7 0.224867458719 0.305474679013 -0.807406058488 0.323100777135 0.888514476886 0.553948939897 0.65 0 0.142857142857 2 1.74841647964
3 2 0.923898109345 0.9 -0.69314718056 0.889881574842 0.602169971904 0.918295834054 0.666666666667 0 0.5 1 0.0
15 2 0.997162185445 0.995575221239 -0.133531392625 0.995557199447 0.166140046971 0.996791631982 0.533333333333 0 3.5 0 0.0
2 1 1.0 1.0 nan nan nan nan 1.0 0 2.0 0 0.0
1 1 1.0 1.0 nan nan nan nan 1.0 0 1.0 1 0.0
6 1 1.0 1.0 nan nan nan nan 1.0 0 6.0 0 0.0
68 3 0.857330443202 0.806136680614 -0.576339754969 0.836401352569 0.666183547571 0.89488132829 0.558823529412 0 4.0 0 0.555748967877
30 2 0.840550938787 0.821167883212 -1.01160091168 0.785886930069 0.707759727436 0.836640741941 0.733333333333 0 4.0 0 0.0
36 3 1.0 1.0 0.0 1.0 -0.0 1.0 0.333333333333 0 4.0 0 0.0
14 1 1.0 1.0 nan nan nan nan 1.0 0 14.0 0 0.0
48 5 0.375022026711 0.327272727273 -0.813812655716 0.319097546646 0.846586666909 0.511104485887 0.770833333333 0 0.2 1 1.46590211553
127 2 0.472520916496 0.622020825299 -2.0883304891 0.414829356856 0.850393148399 0.500628059515 0.889763779528 0 7.0 0 0.0
514 1 1.0 1.0 nan nan nan nan 1.0 0 514.0 0 0.0
4 1 1.0 1.0 nan nan nan nan 1.0 0 4.0 0 0.0
11 4 0.664357292839 0.643617021277 -0.647389069635 0.68925613429 0.765390080823 0.808594786296 0.545454545455 0 0.25 2 0.689254477115
1 1 1.0 1.0 nan nan nan nan 1.0 0 1.0 1 0.0
3 1 1.0 1.0 nan nan nan nan 1.0 0 3.0 0 0.0
1 1 1.0 1.0 nan nan nan nan 1.0 0 1.0 1 0.0
5 1 1.0 1.0 nan nan nan nan 1.0 0 5.0 0 0.0
11 2 0.849742553054 0.828767123288 -0.980829253012 0.796701741627 0.699875038096 0.845350936622 0.727272727273 0 1.5 0 0.0
33 4 0.785495339719 0.75 -0.502192930072 0.803445125072 0.705945708702 0.884956811028 0.484848484848 0 0.75 0 0.733074346304
24 1 1.0 1.0 nan nan nan nan 1.0 0 24.0 0 0.0
65 2 0.981417163234 0.972158306489 -0.341749293722 0.971428701527 0.381695015365 0.97924153504 0.584615384615 0 13.5 0 0.0
10 4 0.798861290798 0.735294117647 -0.48283137373 0.796415092447 0.69584247493 0.880482023722 0.5 0 0.25 1 0.888888888889
45 5 0.576310686045 0.40059347181 -0.495843190409 0.463051614588 0.755923908177 0.65121672763 0.688888888889 0 0.6 0 1.49381545645
2486 27 0.135047946189 0.342200928919 -0.2734751895 0.38541044626 0.914303303347 0.728122429423 0.140788415125 0 0.037037037037 5 1.09472838409
12 2 0.38694386847 0.590163934426 -2.3978952728 0.332205691249 0.869129666862 0.413816850304 0.916666666667 0 0.5 1 0.0
1 1 1.0 1.0 nan nan nan nan 1.0 0 1.0 1 0.0
10 1 1.0 1.0 nan nan nan nan 1.0 0 10.0 0 0.0
633 23 0.256266232076 0.311255129792 -0.229077130688 0.436185315603 0.880591476446 0.752826722158 0.279620853081 0 0.0434782608696 4 2.42171168217
1162 12 0.174110110526 0.52638628992 -0.523836735877 0.555734923164 0.899566433592 0.789541098848 0.221170395869 0 0.0833333333333 1 0.434088334846
68 4 0.263990877577 0.548387096774 -1.30299783153 0.484597060095 0.879321346195 0.647506239825 0.544117647059 0 0.25 1 0.147071433075
151 11 0.292483134123 0.177878501829 -0.414875523376 0.218957929583 0.862671961734 0.483711294263 0.701986754967 0 0.0909090909091 4 2.73488168998
13 2 0.89626639409 0.871134020619 -0.810930216216 0.853807754964 0.648255758204 0.890491640219 0.692307692308 0 2.0 0 0.0
1857 11 0.246967441181 0.393732049304 -0.472295261224 0.474815941573 0.878941712011 0.729339484419 0.353257942919 0 0.181818181818 0 1.39246978932
2 1 1.0 1.0 nan nan nan nan 1.0 0 2.0 0 0.0
63 4 0.365330022019 0.582648267763 -1.04197446491 0.542974050238 0.850090084214 0.697235710301 0.492063492063 0 0.5 0 0.0314668369303
3 1 1.0 1.0 nan nan nan nan 1.0 0 3.0 0 0.0
431 16 0.24191951606 0.161347228206 -0.318309072498 0.213756125512 0.876569908159 0.518141528519 0.591647331787 0 0.0625 2 3.17012576361
60 2 0.999292120575 0.998890122087 -0.0666913744987 0.998888991735 0.0844158356043 0.999198354264 0.516666666667 0 14.5 0 0.0
1319 23 0.238130197337 0.43129975658 -0.233728151987 0.54828154235 0.882913876826 0.819558870601 0.197877179682 0 0.0434782608696 2 1.70870477282
4 1 1.0 1.0 nan nan nan nan 1.0 0 4.0 0 0.0
1 1 1.0 1.0 nan nan nan nan 1.0 0 1.0 1 0.0
4 1 1.0 1.0 nan nan nan nan 1.0 0 4.0 0 0.0
8 3 0.605500876229 0.561403508772 -0.895879734614 0.543389720049 0.773234301108 0.669591945536 0.75 0 0.333333333333 2 0.707106781187
380 2 0.0920338633998 0.505290857175 -5.24174701506 0.03341122528 0.939457264773 0.0474144600268 0.994736842105 0 1.0 0 0.0
3 1 1.0 1.0 nan nan nan nan 1.0 0 3.0 0 0.0
172 5 0.625926919939 0.64551603753 -0.567780698825 0.708844089601 0.784391723438 0.835240401262 0.46511627907 0 1.6 0 0.804827568193
6 2 0.634155692747 0.692307692308 -1.60943791243 0.569192583214 0.808240892005 0.650022421648 0.833333333333 0 0.5 1 0.0
1 1 1.0 1.0 nan nan nan nan 1.0 0 1.0 1 0.0
31 10 0.785744406477 0.794214876033 -0.199618654876 0.859875446968 0.704346479332 0.941455727203 0.193548387097 0 0.1 2 0.293192906267
24 7 0.545496873807 0.415584415584 -0.413073181546 0.523081444876 0.788028646646 0.729905574593 0.541666666667 0 0.142857142857 4 1.7422458154
1 1 1.0 1.0 nan nan nan nan 1.0 0 1.0 1 0.0
75 1 1.0 1.0 nan nan nan nan 1.0 0 75.0 0 0.0
8 6 0.932286320469 0.888888888889 -0.158433641271 0.931370849898 0.483881323454 0.967132018086 0.25 0 0.166666666667 4 0.707106781187
5 1 1.0 1.0 nan nan nan nan 1.0 0 5.0 0 0.0
2 2 1.0 1.0 0.0 1.0 -0.0 1.0 0.5 0 0.5 2 0.0
157 25 0.73287057591 0.769679937549 -0.0894079282013 0.847917752139 0.732187211551 0.950969570254 0.0891719745223 0 0.04 1 0.288701539164
108 5 0.308224378421 0.366446748351 -0.881877816904 0.381168914232 0.858023361956 0.575426112819 0.722222222222 0 0.2 1 1.44517014783
1 1 1.0 1.0 nan nan nan nan 1.0 0 1.0 1 0.0
4 2 1.0 1.0 0.0 1.0 -0.0 1.0 0.5 0 1.0 0 0.0
13 1 1.0 1.0 nan nan nan nan 1.0 0 13.0 0 0.0
220 13 0.36157879502 0.379286565106 -0.331250558511 0.493631547575 0.854738626383 0.754374648706 0.359090909091 0 0.0769230769231 1 1.8514985121
285 6 0.197700236021 0.228770595691 -0.99690603449 0.169234530546 0.894542714669 0.34218580689 0.849122807018 0 0.166666666667 1 1.76775829703
132 17 0.434024291954 0.375436328378 -0.217666426969 0.507376606237 0.831969742226 0.780122437656 0.265151515152 0 0.0588235294118 4 1.77722541545
39 2 0.186887710564 0.526297577855 -3.63758615973 0.126648083095 0.913039134217 0.172036949353 0.974358974359 0 0.5 1 0.0
15 2 0.997162185445 0.995575221239 -0.133531392625 0.995557199447 0.166140046971 0.996791631982 0.533333333333 0 3.5 0 0.0
52 4 0.288953581204 0.459863945578 -1.26223589923 0.410332760857 0.87552131015 0.578844701496 0.692307692308 0 0.25 1 0.814183438352
43 2 0.971287921404 0.958031088083 -0.424883193965 0.956350317213 0.448408500038 0.968164732076 0.604651162791 0 8.5 0 0.0
76 1 1.0 1.0 nan nan nan nan 1.0 0 76.0 0 0.0
1217 32 0.196164044541 0.227761173006 -0.184806923206 0.288324303588 0.893359292639 0.66259265911 0.20377978636 0 0.03125 7 2.0139243171
88 2 0.920136977044 0.895881536326 -0.710241613919 0.884865123968 0.609499989719 0.914461291694 0.670454545455 0 14.5 0 0.0
56 2 0.945149186931 0.924528301887 -0.587786664902 0.918908550597 0.551265448872 0.940285958671 0.642857142857 0 10.0 0 0.0
5 2 0.973849334762 0.961538461538 -0.405465108108 0.960131704208 0.433773782538 0.970950594455 0.6 0 1.0 0 0.0
1 1 1.0 1.0 nan nan nan nan 1.0 0 1.0 1 0.0
27 2 0.22941479995 0.538404726736 -3.25809653802 0.171647139291 0.903058195139 0.228538143954 0.962962962963 0 0.5 1 0.0
1 1 1.0 1.0 nan nan nan nan 1.0 0 1.0 1 0.0
7 3 0.667493386454 0.604938271605 -0.804718956217 0.608673726137 0.749994714293 0.724834091506 0.714285714286 0 0.333333333333 2 0.707106781187
614 31 0.298598667986 0.356653213981 -0.155129177412 0.480558187908 0.86947926048 0.796582553983 0.180781758958 0 0.0322580645161 5 1.85259259674
4739 11 0.148346189065 0.152814038898 -0.614525458123 0.143080552012 0.906500537885 0.370417633439 0.759231905465 0 0.272727272727 0 2.72197835219
278 19 0.297012457717 0.350170363926 -0.252779266975 0.446672485534 0.869315502014 0.747738627343 0.237410071942 0 0.0526315789474 5 1.54377415534
73 2 0.870949022643 0.847217806041 -0.906721280858 0.822216015403 0.67917795526 0.865693994199 0.712328767123 0 10.5 0 0.0
354 13 0.320325372469 0.143691564674 -0.323565667243 0.183701004084 0.851411158887 0.454016225352 0.723163841808 0 0.153846153846 0 3.10389964717
468 14 0.261130554024 0.134678909011 -0.357315535738 0.175009597632 0.87439324952 0.449537777189 0.720085470085 0 0.0714285714286 2 3.25633472263
176 26 0.453060934723 0.412815182046 -0.140375743016 0.563451128047 0.829750745017 0.832935909237 0.170454545455 0 0.0384615384615 7 1.83476263538
102 4 0.179375148854 0.293103448276 -1.5421643816 0.131537807715 0.897687725281 0.239932636368 0.921568627451 0 0.25 2 1.14561779796
19227 140 0.210434049144 0.211993657466 -0.0414180398375 0.343380187534 0.891279484654 0.786437254177 0.0672491808394 0 0.00714285714286 6 3.0059240381
13 1 1.0 1.0 nan nan nan nan 1.0 0 13.0 0 0.0
492 5 0.192811069998 0.228394584139 -1.11066822765 0.0935031268812 0.886578254926 0.19742003982 0.934959349593 0 0.6 0 1.49740675057
1 1 1.0 1.0 nan nan nan nan 1.0 0 1.0 1 0.0
2 1 1.0 1.0 nan nan nan nan 1.0 0 2.0 0 0.0
398 14 0.213712558823 0.204529490755 -0.403768247434 0.266679054671 0.888532118629 0.567126168682 0.55527638191 0 0.0714285714286 3 2.83741546209
13 2 0.365945551098 0.58275862069 -2.48490664979 0.311523414047 0.873590635435 0.391243563629 0.923076923077 0 0.5 1 0.0
896 2 0.413430718445 0.599725094125 -2.29524111874 0.358030645855 0.863450765673 0.441516036375 0.908482142857 0 41.0 0 0.0
54 8 0.439241885266 0.25525210084 -0.422043072131 0.320986242144 0.816687264802 0.566354864704 0.685185185185 0 0.125 2 2.19586967571
659 21 0.327303980126 0.42909114263 -0.216414707222 0.551995556478 0.862117874826 0.817279921395 0.206373292868 0 0.047619047619 1 1.58678796416
2 1 1.0 1.0 nan nan nan nan 1.0 0 2.0 0 0.0
1 1 1.0 1.0 nan nan nan nan 1.0 0 1.0 1 0.0
7 1 1.0 1.0 nan nan nan nan 1.0 0 7.0 0 0.0
9 1 1.0 1.0 nan nan nan nan 1.0 0 9.0 0 0.0
195 2 0.840550938787 0.821167883212 -1.01160091168 0.785886930069 0.707759727436 0.836640741941 0.733333333333 0 26.0 0 0.0
94 4 0.163192054725 0.266658619025 -1.35325785196 0.0643045965562 0.883702460915 0.127244892551 0.968085106383 0 0.25 3 1.15470053838
8 3 0.739066142203 0.711111111111 -0.804718956217 0.730116488145 0.749994714293 0.819448371873 0.625 0 0.333333333333 1 0.528004979218
60 3 0.454526158886 0.647249190939 -1.28247467873 0.602786512517 0.838115450636 0.719987714132 0.65 0 1.0 0 0.200700187209
69 8 0.36265777928 0.663461538462 -0.486018353457 0.681998963129 0.839739882626 0.843189764687 0.231884057971 0 0.125 3 -0.293883951546
117 9 0.492159412599 0.534622144112 -0.387578838623 0.629442578359 0.822260671536 0.818152796486 0.324786324786 0 0.222222222222 0 1.03308406583
462 1 1.0 1.0 nan nan nan nan 1.0 0 462.0 0 0.0
156 9 0.31417784798 0.222076215506 -0.49907523241 0.268067844559 0.860541242731 0.521416201125 0.692307692308 0 0.111111111111 1 2.36654832857
2 1 1.0 1.0 nan nan nan nan 1.0 0 2.0 0 0.0
21 2 0.9625276771 0.94635193133 -0.485507815782 0.943573790935 0.490638992479 0.958711882977 0.619047619048 0 4.0 0 0.0
1 1 1.0 1.0 nan nan nan nan 1.0 0 1.0 1 0.0
84 3 0.291716257735 0.673153978248 -1.59933655878 0.580376548272 0.869188506005 0.701300017016 0.583333333333 0 0.666666666667 0 -0.367574498399
11 1 1.0 1.0 nan nan nan nan 1.0 0 11.0 0 0.0
26 12 0.690649479734 0.339357429719 -0.147110188845 0.536121031577 0.67188666082 0.777145723242 0.461538461538 0 0.0833333333333 9 2.82663508614
787 1 1.0 1.0 nan nan nan nan 1.0 0 787.0 0 0.0
1 1 1.0 1.0 nan nan nan nan 1.0 0 1.0 1 0.0
17 2 0.495273981717 0.631004366812 -2.01490302054 0.436501375734 0.845150147882 0.522559374537 0.882352941176 0 1.0 0 0.0
193 3 0.18647745101 0.410362340395 -2.23007220697 0.221458836823 0.905542484971 0.333754892173 0.896373056995 0 0.666666666667 0 0.684345642559
15 3 0.807975196409 0.842696629213 -0.626381484248 0.846741816236 0.688666765895 0.901897235871 0.466666666667 0 0.666666666667 0 -0.595170064139
1 1 1.0 1.0 nan nan nan nan 1.0 0 1.0 1 0.0
57 3 0.761707974082 0.708306082407 -0.752038698388 0.733417872442 0.734390915528 0.821887997913 0.631578947368 0 2.66666666667 0 0.618974062804
9 3 0.68272164592 0.658536585366 -0.895879734614 0.668286770743 0.773234301108 0.772506885714 0.666666666667 0 0.333333333333 1 0.595170064139
181 15 0.374464905856 0.143546938328 -0.251555756549 0.209809858343 0.835075982368 0.506085472182 0.668508287293 0 0.0666666666667 3 3.33901982177
7 2 0.569438385813 0.662162162162 -1.79175946923 0.506993065773 0.826755082102 0.591672778582 0.857142857143 0 0.5 1 0.0
1136 36 0.214119074386 0.141240459536 -0.156269654094 0.222349583198 0.888007153951 0.60631212372 0.359154929577 0 0.0277777777778 11 3.69014574163
34 1 1.0 1.0 nan nan nan nan 1.0 0 34.0 0 0.0
43 2 0.938193156939 0.916253716551 -0.624154309073 0.90927550409 0.570026026229 0.933025295359 0.651162790698 0 7.5 0 0.0
169 6 0.253889270805 0.202793280223 -0.733583935735 0.115134458183 0.857777377038 0.253762874084 0.905325443787 0 0.333333333333 0 1.78611840739
455 2 0.112855237035 0.508868481985 -4.72517297838 0.0516602035121 0.932885047937 0.072668638189 0.991208791209 0 2.0 0 0.0
11 1 1.0 1.0 nan nan nan nan 1.0 0 11.0 0 0.0
185 15 0.366477348162 0.394138308286 -0.282674186666 0.511934870614 0.85255218525 0.775507205009 0.302702702703 0 0.0666666666667 2 1.77177802445
22 3 0.645433844309 0.588807785888 -0.836988216786 0.585288204401 0.758721291356 0.705428809099 0.727272727273 0 1.0 0 0.707106781187
4 1 1.0 1.0 nan nan nan nan 1.0 0 4.0 0 0.0
133 10 0.501185632249 0.627937522187 -0.331308085895 0.717386032665 0.813382305592 0.872533524977 0.270676691729 0 0.1 1 0.86238090523
159 21 0.441606007993 0.55096436744 -0.177369906584 0.660355861376 0.833022189971 0.871645095916 0.169811320755 0 0.047619047619 5 1.12193354261
23 3 0.991065424157 0.985102420857 -0.12565721414 0.988987647537 0.229500226015 0.993292765493 0.391304347826 0 2.33333333333 0 0.707106781187
62 6 0.499435703252 0.691864650828 -0.539920904085 0.739845002441 0.809391255557 0.863619046348 0.354838709677 0 0.166666666667 1 0.365123723024
104 3 0.540745801069 0.653850804014 -1.13679877806 0.630209056995 0.818419468919 0.742345421378 0.653846153846 0 2.33333333333 0 0.325649186965
48 1 1.0 1.0 nan nan nan nan 1.0 0 48.0 0 0.0
1545 57 0.298276702496 0.29399158678 -0.0839974038462 0.453473765425 0.868918752888 0.809575889003 0.150809061489 0 0.0175438596491 6 2.89826113804
14 4 0.566289882469 0.59756097561 -0.762461898616 0.623724582009 0.798293849944 0.760820318172 0.571428571429 0 0.25 2 0.633009658021
708 6 0.296020856881 0.4113603687 -0.796687605081 0.456463959745 0.86871283052 0.663342624124 0.593220338983 0 1.33333333333 0 1.46471548087
3 2 0.923898109345 0.9 -0.69314718056 0.889881574842 0.602169971904 0.918295834054 0.666666666667 0 0.5 1 0.0
1 1 1.0 1.0 nan nan nan nan 1.0 0 1.0 1 0.0
1 1 1.0 1.0 nan nan nan nan 1.0 0 1.0 1 0.0
36 1 1.0 1.0 nan nan nan nan 1.0 0 36.0 0 0.0
5 3 0.932286320469 0.925925925926 -0.34657359028 0.935872943746 0.512395732156 0.960229717861 0.4 0 0.333333333333 1 -0.707106781187
28 4 0.538902539155 0.462264150943 -0.760090245954 0.482716690075 0.7977059423 0.645845998569 0.714285714286 0 0.5 0 1.11539566911
32 1 1.0 1.0 nan nan nan nan 1.0 0 32.0 0 0.0
327 4 0.968978637895 0.963011996109 -0.175929179365 0.972720054664 0.390385463766 0.985088186178 0.296636085627 0 13.75 0 -0.911783259305
274 3 0.107486591444 0.343235953001 -2.7992109795 0.0440354617837 0.924545885213 0.0768299556469 0.985401459854 0 0.333333333333 1 0.706973881644
1451 21 0.229608712933 0.463456329487 -0.26121547486 0.556799126233 0.885206069912 0.8198904272 0.180565127498 0 0.047619047619 2 1.15827300522
73 2 0.427426428898 0.604880817253 -2.24374459297 0.371573046435 0.860415223675 0.455831458441 0.904109589041 0 3.5 0 0.0
307 7 0.214343160806 0.192849060503 -0.788255707018 0.139236926185 0.885862988544 0.312077197816 0.85667752443 0 0.142857142857 1 2.01721551324
2 1 1.0 1.0 nan nan nan nan 1.0 0 2.0 0 0.0
1227 13 0.145890840177 0.142865683318 -0.527187924683 0.136798483095 0.907760424659 0.378712312774 0.708231458843 0 0.0769230769231 3 2.86481755123
172 8 0.897533396825 0.868890977444 -0.174038259232 0.917507744795 0.603476108098 0.963971908515 0.21511627907 0 1.25 0 0.448047635164
5 3 0.833177907698 0.757575757576 -0.549306144334 0.793204644929 0.652772541083 0.864973520718 0.6 0 0.333333333333 2 0.707106781187
7 2 0.868287372474 0.844827586207 -0.916290731874 0.818968511653 0.681996213714 0.863120568567 0.714285714286 0 1.0 0 0.0
10 4 0.686372095703 0.595238095238 -0.606842558824 0.657001365537 0.751220926487 0.785475297227 0.6 0 0.25 2 1.02720970604
8 4 0.901455783642 0.888888888889 -0.3295836866 0.915582765834 0.586872155251 0.952819531115 0.375 0 0.25 1 0.0
5 3 0.932286320469 0.925925925926 -0.34657359028 0.935872943746 0.512395732156 0.960229717861 0.4 0 0.333333333333 1 -0.707106781187
19 2 0.610965151999 0.681132075472 -1.67397643357 0.546759852761 0.815218236586 0.629249223856 0.842105263158 0 1.5 0 0.0
2 1 1.0 1.0 nan nan nan nan 1.0 0 2.0 0 0.0
1 1 1.0 1.0 nan nan nan nan 1.0 0 1.0 1 0.0
634 7 0.566318407296 0.614234064077 -0.424656772608 0.712108232756 0.79340827656 0.854372936398 0.394321766562 0 1.57142857143 0 1.30380575541
5 2 0.714865583331 0.735294117647 -1.38629436112 0.649384888466 0.779632848843 0.721928094887 0.8 0 0.5 1 0.0
18 1 1.0 1.0 nan nan nan nan 1.0 0 18.0 0 0.0
36 2 0.893726430065 0.868632707775 -0.82098055207 0.850578480318 0.651749136774 0.887976319515 0.694444444444 0 5.5 0 0.0
399 15 0.316923854589 0.415869284119 -0.308306269185 0.542833254235 0.864427692904 0.794565519196 0.318295739348 0 0.0666666666667 1 2.06620295125
36 1 1.0 1.0 nan nan nan nan 1.0 0 36.0 0 0.0
49 3 0.264514814814 0.499272197962 -1.83178082306 0.386215838806 0.885406745624 0.520977635885 0.795918367347 0 0.333333333333 1 0.582377652273
81 5 0.547000252346 0.664405063291 -0.639351642938 0.697307891219 0.806993723699 0.827719562783 0.382716049383 0 0.6 0 0.153225050756
5 1 1.0 1.0 nan nan nan nan 1.0 0 5.0 0 0.0
443 38 0.347620434924 0.197334735716 -0.112465785829 0.359556179793 0.853670442642 0.731394294057 0.313769751693 0 0.0263157894737 10 4.27181067777
6 1 1.0 1.0 nan nan nan nan 1.0 0 6.0 0 0.0
1184 15 0.254760376246 0.21352244653 -0.33377783973 0.275951765627 0.874497133144 0.584081603028 0.464527027027 0 0.0666666666667 1 2.33394502602
218 2 0.687365223995 0.719842471978 -1.46257766587 0.621606422186 0.790293128564 0.697423707557 0.811926605505 0 20.5 0 0.0
46 4 0.229518208127 0.285637149028 -1.12836003471 0.12238727961 0.8611925301 0.225592016592 0.934782608696 0 0.25 3 1.15470053838
44 9 0.664101306073 0.594229588705 -0.288308998517 0.720292033255 0.765820966843 0.869901261596 0.340909090909 0 0.111111111111 1 1.55703437931
397 2 0.965364350493 0.950081379227 -0.466730303901 0.947684920614 0.478099589403 0.961760309744 0.614609571788 0 76.5 0 0.0
31 1 1.0 1.0 nan nan nan nan 1.0 0 31.0 0 0.0
3 3 1.0 1.0 0.0 1.0 -0.0 1.0 0.333333333333 0 0.333333333333 3 0.0
519 14 0.210159843724 0.305839727679 -0.417992545799 0.370253611366 0.892252118772 0.666960831451 0.396917148362 0 0.0714285714286 2 1.95570406956
53 3 0.994349738208 0.990828924162 -0.111571775657 0.993175803753 0.205624260166 0.995849450694 0.377358490566 0 5.33333333333 0 0.528004979218
3 1 1.0 1.0 nan nan nan nan 1.0 0 3.0 0 0.0
2 1 1.0 1.0 nan nan nan nan 1.0 0 2.0 0 0.0
4 2 1.0 1.0 0.0 1.0 -0.0 1.0 0.5 0 1.0 0 0.0
1488 2 0.142006635021 0.515003442437 -4.19925042909 0.0800215825449 0.924553609999 0.111060142685 0.985215053763 0 11.0 0 0.0
1138 3 0.46684025032 0.503540606157 -1.25468975315 0.436145532222 0.834687929177 0.570868226745 0.799648506151 0 24.6666666667 0 0.683257795425
2 1 1.0 1.0 nan nan nan nan 1.0 0 2.0 0 0.0
4 1 1.0 1.0 nan nan nan nan 1.0 0 4.0 0 0.0
19 1 1.0 1.0 nan nan nan nan 1.0 0 19.0 0 0.0
128 2 0.107484055405 0.507873527588 -4.84418708646 0.046748181961 0.934522208812 0.0659144123432 0.9921875 0 0.5 1 0.0
7 2 0.868287372474 0.844827586207 -0.916290731874 0.818968511653 0.681996213714 0.863120568567 0.714285714286 0 1.0 0 0.0
33 2 0.204652669166 0.531219512195 -3.4657359028 0.145445860184 0.908784549813 0.195909270874 0.969696969697 0 0.5 1 0.0
178 8 0.266076501247 0.518933438155 -0.625819962533 0.572984440809 0.874494497986 0.775022393459 0.38202247191 0 0.125 2 0.960743744536
12 1 1.0 1.0 nan nan nan nan 1.0 0 12.0 0 0.0
3 2 0.923898109345 0.9 -0.69314718056 0.889881574842 0.602169971904 0.918295834054 0.666666666667 0 0.5 1 0.0
7 4 0.861411078154 0.816666666667 -0.398898404656 0.861996275686 0.643595093247 0.921185496589 0.428571428571 0 0.25 2 0.493382200218
11 1 1.0 1.0 nan nan nan nan 1.0 0 11.0 0 0.0
43 7 0.608239289168 0.68253968254 -0.404227477518 0.754778077846 0.783735496194 0.878738930387 0.325581395349 0 0.142857142857 1 0.64567417581
1823 10 0.687979063978 0.706263295583 -0.246458655297 0.795435015412 0.75461405808 0.911632416034 0.21777290181 0 3.3 0 0.73989207347
1 1 1.0 1.0 nan nan nan nan 1.0 0 1.0 1 0.0
14 7 0.689996973647 0.4 -0.222797308037 0.544424631619 0.637023297649 0.745566294923 0.571428571429 0 0.142857142857 6 2.04124145232
436 18 0.300225425083 0.417591494223 -0.267099247687 0.517852762313 0.869447112561 0.789773546733 0.199541284404 0 0.0555555555556 2 1.30015097547
2 1 1.0 1.0 nan nan nan nan 1.0 0 2.0 0 0.0
37 5 0.593358306608 0.466439522998 -0.55778412513 0.544022249216 0.780823477522 0.718046067976 0.621621621622 0 0.4 0 1.39817290515
908 24 0.311355546042 0.255152163364 -0.194220953849 0.41522292527 0.865463732345 0.741377600945 0.351321585903 0 0.0416666666667 1 3.43770251888
1 1 1.0 1.0 nan nan nan nan 1.0 0 1.0 1 0.0
1 1 1.0 1.0 nan nan nan nan 1.0 0 1.0 1 0.0
162 9 0.253178345245 0.132895816243 -0.448276739567 0.0721109749496 0.845322953616 0.207285664899 0.913580246914 0 0.111111111111 5 2.47152464791
29 3 0.507708570338 0.546458739441 -1.1989476364 0.503935064743 0.827365787265 0.634504574887 0.758620689655 0 0.666666666667 0 0.646062393205
8 7 0.962590153861 0.914285714286 -0.0742657693457 0.954528553672 0.305201495196 0.979569764547 0.25 0 0.142857142857 6 2.04124145232
174 16 0.327201559368 0.245810600156 -0.267056234806 0.329154314823 0.853643997493 0.642452647205 0.419540229885 0 0.0625 5 2.30404515852
21 1 1.0 1.0 nan nan nan nan 1.0 0 21.0 0 0.0
269 11 0.293007815196 0.117719309377 -0.3463947174 0.0864366761457 0.836607967815 0.259778425027 0.877323420074 0 0.0909090909091 1 2.83813259772
19 2 0.953843791543 0.935233160622 -0.538996500733 0.931139006294 0.523882944444 0.949452015388 0.631578947368 0 3.5 0 0.0
12 1 1.0 1.0 nan nan nan nan 1.0 0 12.0 0 0.0
99 3 0.134834968643 0.34714695569 -2.28735548925 0.0597192807446 0.907874728136 0.102699811754 0.979797979798 0 0.333333333333 2 0.707106781187
49 3 0.941949156344 0.914666666667 -0.368799471565 0.93277417357 0.532129636082 0.958263199742 0.469387755102 0 3.66666666667 0 0.381801774161
82 4 0.237016497125 0.523024268824 -1.39161881257 0.45133389515 0.88684026591 0.617557676669 0.585365853659 0 0.25 1 0.295889619363
87 3 0.886881080205 0.880013951866 -0.502760932801 0.893999428786 0.627282193596 0.933290200472 0.471264367816 0 5.0 0 -0.273642466053
238 15 0.418282772055 0.62417630854 -0.243960157996 0.719944502096 0.830177925362 0.888119265358 0.210084033613 0 0.0666666666667 2 1.12915707398
287 1 1.0 1.0 nan nan nan nan 1.0 0 287.0 0 0.0
43 4 0.262189810305 0.302717747217 -1.16838321189 0.16703199502 0.865805444666 0.293008115309 0.906976744186 0 0.25 2 1.15254487908
136 15 0.457347330739 0.541293532338 -0.240413165422 0.652094232511 0.827792051406 0.855018904076 0.205882352941 0 0.0666666666667 3 1.03836393264
2 1 1.0 1.0 nan nan nan nan 1.0 0 2.0 0 0.0
16 3 0.449242783778 0.490421455939 -1.28247467873 0.412813940029 0.838115450636 0.547894810518 0.8125 0 0.333333333333 1 0.689205498143
53 6 0.442303726265 0.496465182043 -0.64040224359 0.564474129645 0.8379133502 0.748354252734 0.509433962264 0 0.166666666667 1 1.20935137185
320 1 1.0 1.0 nan nan nan nan 1.0 0 320.0 0 0.0
1 1 1.0 1.0 nan nan nan nan 1.0 0 1.0 1 0.0
168 1 1.0 1.0 nan nan nan nan 1.0 0 168.0 0 0.0
1 1 1.0 1.0 nan nan nan nan 1.0 0 1.0 1 0.0
4 3 0.932286320469 0.888888888889 -0.34657359028 0.914213562373 0.512395732156 0.946394630357 0.5 0 0.333333333333 2 0.707106781187
1241 41 0.254907141272 0.145375897283 -0.127726053578 0.292604122969 0.879878830008 0.684497255042 0.377115229654 0 0.0243902439024 7 5.18230644728
69 3 0.814742395382 0.758967001435 -0.657838396953 0.78921410052 0.701424539808 0.862160380553 0.594202898551 0 3.66666666667 0 0.595170064139
211 2 0.0884896808337 0.504761796785 -5.34710753072 0.0305496952697 0.940643240995 0.0434140763381 0.995260663507 0 0.5 1 0.0
269 18 0.296102813606 0.187144711864 -0.257780305483 0.28464748277 0.864865690983 0.610496133856 0.509293680297 0 0.0555555555556 5 3.31389976024
216 14 0.395320433982 0.367914708387 -0.277332537255 0.482777257866 0.839522698158 0.75200928008 0.342592592593 0 0.0714285714286 1 1.80605182898
70 3 0.182722772006 0.363447559709 -2.1023463097 0.113271430422 0.899895314748 0.185870422046 0.957142857143 0 0.333333333333 1 0.706550661033
5067 37 0.187702005807 0.185380039135 -0.166435385087 0.27063578657 0.897515483346 0.657518127284 0.269587527136 0 0.0540540540541 0 2.92371801912
259 15 0.290700671803 0.244682752458 -0.31732047536 0.35137030407 0.868168249159 0.656634298821 0.467181467181 0 0.0666666666667 4 2.69292724324
44 2 0.7719307709 0.770700636943 -1.22377543162 0.709087990272 0.753071833137 0.773226674288 0.772727272727 0 5.0 0 0.0
901 7 0.15080574441 0.440398929981 -0.991375319866 0.439177692389 0.908890287422 0.66325123527 0.410654827969 0 0.142857142857 1 0.771128818628
195 12 0.340999501282 0.271645949421 -0.355987471941 0.349811614507 0.853609275428 0.635255794302 0.466666666667 0 0.0833333333333 1 2.0237132933
13 1 1.0 1.0 nan nan nan nan 1.0 0 13.0 0 0.0
2 1 1.0 1.0 nan nan nan nan 1.0 0 2.0 0 0.0
98 6 0.249493554649 0.291985893226 -0.879991687156 0.275673390635 0.880838361153 0.483554915112 0.734693877551 0 0.166666666667 2 1.63334602032
352 9 0.243589014607 0.193141289438 -0.570092823361 0.197167376414 0.877458987459 0.430887896251 0.744318181818 0 0.222222222222 0 2.35061686496
219 2 0.114673618569 0.50921580702 -4.68675017298 0.0533501960584 0.932338945205 0.0749851534804 0.990867579909 0 1.0 0 0.0
56 2 0.287508695431 0.556422995032 -2.87167962488 0.232321460846 0.890255669574 0.301378643593 0.946428571429 0 1.5 0 0.0
1 1 1.0 1.0 nan nan nan nan 1.0 0 1.0 1 0.0
63 7 0.334058458861 0.193449334698 -0.501656917192 0.15515170916 0.823384498887 0.338140754724 0.857142857143 0 0.142857142857 3 2.0385220788
836 20 0.209890360372 0.236814356 -0.292690612843 0.332611439626 0.892286727319 0.664464601855 0.392344497608 0 0.05 3 2.84684196675
1447 4 0.949601124328 0.918593519947 -0.246530739147 0.944845445248 0.495552009288 0.969526070277 0.369730476849 0 63.0 0 0.719434989187
45 2 0.960422728691 0.943616029823 -0.498991166119 0.940538968805 0.499357108051 0.956457404799 0.622222222222 0 8.5 0 0.0
7192 51 0.17694037734 0.268035904935 -0.124008284519 0.413122118827 0.90016597187 0.782152549878 0.181868743048 0 0.0196078431373 3 3.1430806848
18 2 0.475227312538 0.623076923077 -2.07944154168 0.417411181132 0.849777056669 0.503258334776 0.888888888889 0 1.0 0 0.0
1 1 1.0 1.0 nan nan nan nan 1.0 0 1.0 1 0.0
2 1 1.0 1.0 nan nan nan nan 1.0 0 2.0 0 0.0
346 4 0.335700044086 0.59484437731 -1.13074929656 0.584366086803 0.861476649192 0.73052805093 0.563583815029 0 1.5 0 0.4652412885
27 1 1.0 1.0 nan nan nan nan 1.0 0 27.0 0 0.0
278 1 1.0 1.0 nan nan nan nan 1.0 0 278.0 0 0.0
2 2 1.0 1.0 0.0 1.0 -0.0 1.0 0.5 0 0.5 2 0.0
1 1 1.0 1.0 nan nan nan nan 1.0 0 1.0 1 0.0
109 8 0.802292017422 0.798025255239 -0.238992314119 0.861772361617 0.693212348771 0.938006157537 0.220183486239 0 0.5 0 0.382031385888
170 3 0.25347599566 0.384779251212 -1.6354177819 0.177692749116 0.871996529981 0.27679092756 0.929411764706 0 2.0 0 0.707106781187
1 1 1.0 1.0 nan nan nan nan 1.0 0 1.0 1 0.0
3 1 1.0 1.0 nan nan nan nan 1.0 0 3.0 0 0.0
809 1 1.0 1.0 nan nan nan nan 1.0 0 809.0 0 0.0
93 5 0.282213974193 0.305780449001 -0.909363800219 0.25575884431 0.86217988391 0.437792001855 0.795698924731 0 0.4 0 1.41858403124
37 3 0.861598680493 0.799182720374 -0.549306144334 0.832681851998 0.652772541083 0.892344399123 0.567567567568 0 2.33333333333 0 0.652012117044
17 8 0.776717020412 0.737244897959 -0.245529956905 0.817461523053 0.700213623256 0.916313349002 0.235294117647 0 0.125 4 0.499361051652
27 2 0.475227312538 0.623076923077 -2.07944154168 0.417411181132 0.849777056669 0.503258334776 0.888888888889 0 1.5 0 0.0
55 5 0.60170216079 0.61797752809 -0.568320176696 0.66705916318 0.784581114144 0.807555892938 0.418181818182 0 0.6 0 0.428490136382
2948 25 0.163881123303 0.505789570172 -0.257566914071 0.551150913753 0.901916812271 0.824879686558 0.134328358209 0 0.08 0 0.563478026602
57 1 1.0 1.0 nan nan nan nan 1.0 0 57.0 0 0.0
299 4 0.177736057243 0.280595206709 -1.55394268517 0.103650923779 0.898450077394 0.195307855829 0.943143812709 0 0.5 0 1.15273080817
107 4 0.721551298774 0.82461826563 -0.533688730462 0.837502837152 0.721109222489 0.906250860627 0.383177570093 0 1.75 0 -0.634420885026
3 2 0.923898109345 0.9 -0.69314718056 0.889881574842 0.602169971904 0.918295834054 0.666666666667 0 0.5 1 0.0
136 4 0.627776243256 0.731414109459 -0.668543136252 0.758479376784 0.772187163861 0.855843948929 0.477941176471 0 1.75 0 0.28847003594
1 1 1.0 1.0 nan nan nan nan 1.0 0 1.0 1 0.0
3139 4 0.0738145694517 0.362620962334 -2.49973145654 0.218201285492 0.936542193723 0.363242924919 0.808537750876 0 0.75 0 0.983491780285
165 10 0.273675241412 0.505946850028 -0.495368904905 0.557746869288 0.873189954241 0.779576422608 0.266666666667 0 0.1 3 0.66275100526
6 2 0.923898109345 0.9 -0.69314718056 0.889881574842 0.602169971904 0.918295834054 0.666666666667 0 1.0 0 0.0
25 7 0.517430224146 0.41918175721 -0.427554078264 0.508948694456 0.794712898993 0.719266566654 0.52 0 0.142857142857 4 1.50090982827
7 1 1.0 1.0 nan nan nan nan 1.0 0 7.0 0 0.0
14 1 1.0 1.0 nan nan nan nan 1.0 0 14.0 0 0.0
161 4 0.175878106468 0.34201984483 -1.66838748063 0.223989363632 0.905310043972 0.370773657099 0.844720496894 0 0.25 1 1.08990118225
39 4 0.403036436757 0.480720606827 -1.00698321548 0.486399049554 0.845080944217 0.649093698698 0.692307692308 0 0.25 1 1.03382635533
49 7 0.522798609424 0.52688172043 -0.478936908292 0.618858507916 0.815458084156 0.796725736437 0.428571428571 0 0.142857142857 1 1.19234031719
1 1 1.0 1.0 nan nan nan nan 1.0 0 1.0 1 0.0
117 2 0.999953491798 0.999926953981 -0.0170944333593 0.99992694909 0.0217568341559 0.999947303945 0.504273504274 0 29.0 0 0.0
75 1 1.0 1.0 nan nan nan nan 1.0 0 75.0 0 0.0
13 1 1.0 1.0 nan nan nan nan 1.0 0 13.0 0 0.0
10 2 0.973849334762 0.961538461538 -0.405465108108 0.960131704208 0.433773782538 0.970950594455 0.6 0 2.0 0 0.0
39 1 1.0 1.0 nan nan nan nan 1.0 0 39.0 0 0.0
27 3 0.743046193508 0.818181818182 -0.69314718056 0.812345169523 0.714635285596 0.878347104762 0.444444444444 0 1.0 0 -0.707106781187
15 2 0.542050339246 0.650289017341 -1.8718021769 0.480936217579 0.833824620254 0.566509506553 0.866666666667 0 1.0 0 0.0
939 37 0.324325039246 0.185833019825 -0.121049556738 0.344511636068 0.86015405532 0.718774358284 0.315228966986 0 0.027027027027 4 4.04495877875
16 7 0.717748179746 0.677248677249 -0.310696955293 0.761370507129 0.725635876365 0.882402499947 0.3125 0 0.142857142857 4 0.614455719043
964 22 0.34932638572 0.543652697273 -0.191373888831 0.659211722475 0.851542904222 0.872701838721 0.164937759336 0 0.0454545454545 1 1.28937983185
7 2 0.868287372474 0.844827586207 -0.916290731874 0.818968511653 0.681996213714 0.863120568567 0.714285714286 0 1.0 0 0.0
30 1 1.0 1.0 nan nan nan nan 1.0 0 30.0 0 0.0
17 3 0.76332692471 0.823361823362 -0.69314718056 0.82141296308 0.714635285596 0.884614873928 0.470588235294 0 0.666666666667 0 -0.630903856711
86 10 0.459350182961 0.592628205128 -0.35819586381 0.678750179275 0.826683289904 0.851793339832 0.279069767442 0 0.1 2 0.859232506121
6 1 1.0 1.0 nan nan nan nan 1.0 0 6.0 0 0.0
14 1 1.0 1.0 nan nan nan nan 1.0 0 14.0 0 0.0
2 1 1.0 1.0 nan nan nan nan 1.0 0 2.0 0 0.0
1 1 1.0 1.0 nan nan nan nan 1.0 0 1.0 1 0.0
11 8 0.928613399822 0.889705882353 -0.123776282243 0.93384720228 0.496868525288 0.971325691061 0.181818181818 0 0.125 5 0.516397779494
25 4 0.812779718703 0.713470319635 -0.462215475769 0.784018795339 0.684358099116 0.872523208639 0.52 0 0.75 0 1.04562005103
16 3 0.510970178349 0.618357487923 -1.1989476364 0.587971497947 0.827365787265 0.707676529682 0.6875 0 0.333333333333 1 0.445109265324
882 1 1.0 1.0 nan nan nan nan 1.0 0 882.0 0 0.0
1 1 1.0 1.0 nan nan nan nan 1.0 0 1.0 1 0.0
78 8 0.459373024948 0.557551319648 -0.45972842756 0.63220943837 0.830989186775 0.813249025327 0.320512820513 0 0.125 1 0.740744627369
102 3 0.8793509516 0.879756468798 -0.508467128827 0.89146427897 0.630583860775 0.931633317678 0.460784313725 0 5.66666666667 0 -0.445109265324
994 14 0.159323957443 0.476535807371 -0.477522766334 0.501558027091 0.90547429446 0.764515396531 0.184104627767 0 0.0714285714286 2 0.481477874756
8 4 0.796900215376 0.727272727273 -0.485203026392 0.787861887005 0.69711436279 0.875 0.5 0 0.25 2 0.816496580928
23 1 1.0 1.0 nan nan nan nan 1.0 0 23.0 0 0.0
41 2 0.968326922252 0.954029511918 -0.446287102628 0.952005025202 0.463903091002 0.964956766951 0.609756097561 0 8.0 0 0.0
50 2 0.37605209089 0.586303939962 -2.44234703537 0.32150253293 0.871446770045 0.402179190202 0.92 0 2.0 0 0.0
13 8 0.890804769153 0.845 -0.165816793401 0.903797697641 0.588771159007 0.957713559838 0.230769230769 0 0.125 4 0.660484013905
39 3 0.836538805822 0.816425120773 -0.626381484248 0.837516137908 0.688666765895 0.895640305639 0.538461538462 0 2.0 0 0.23906314693
2 1 1.0 1.0 nan nan nan nan 1.0 0 2.0 0 0.0
800 11 0.202922958612 0.105557503605 -0.470992895024 0.0493161931808 0.878615011359 0.167186606484 0.9275 0 0.0909090909091 2 2.843049135
5 2 0.973849334762 0.961538461538 -0.405465108108 0.960131704208 0.433773782538 0.970950594455 0.6 0 1.0 0 0.0
44 4 0.41018260416 0.778135048232 -0.839187413887 0.749777452913 0.81567583577 0.850071658811 0.363636363636 0 0.25 1 -1.03631229831
1 1 1.0 1.0 nan nan nan nan 1.0 0 1.0 1 0.0
37 4 0.355222676768 0.569467554077 -1.09331069697 0.533387135211 0.856888862646 0.689300590834 0.540540540541 0 0.25 1 0.19551066994
71 1 1.0 1.0 nan nan nan nan 1.0 0 71.0 0 0.0
700 9 0.43035679659 0.656590019832 -0.399868779997 0.722777563766 0.827456005015 0.871237549837 0.268571428571 0 0.444444444444 0 0.478411331898
12 1 1.0 1.0 nan nan nan nan 1.0 0 12.0 0 0.0
53 1 1.0 1.0 nan nan nan nan 1.0 0 53.0 0 0.0
92 2 0.946397005436 0.926039387309 -0.581029882439 0.92065068249 0.5476295255 0.941595153327 0.641304347826 0 16.5 0 0.0
17 1 1.0 1.0 nan nan nan nan 1.0 0 17.0 0 0.0
403 22 0.254190872528 0.280853234648 -0.234511529186 0.358416013577 0.878117551639 0.693360477761 0.245657568238 0 0.0454545454545 6 1.76809970976
61 1 1.0 1.0 nan nan nan nan 1.0 0 61.0 0 0.0
475 6 0.183769729701 0.663669308107 -0.945694954432 0.647394180944 0.888944299042 0.805827249396 0.328421052632 0 0.166666666667 1 -0.280661158218
193 18 0.360841384545 0.427824868491 -0.236824882629 0.52878739831 0.85331096023 0.796272348056 0.212435233161 0 0.0555555555556 3 1.25210647927
3036 12 0.123693189163 0.230591877342 -0.646947342128 0.283544096388 0.918446031891 0.569682079824 0.563570487484 0 0.0833333333333 1 2.55164595952
17 3 0.578845819172 0.544256120527 -0.935901088451 0.515662234635 0.782177583614 0.645075642725 0.764705882353 0 0.666666666667 0 0.707106781187
2 1 1.0 1.0 nan nan nan nan 1.0 0 2.0 0 0.0
5421 61 0.223226933675 0.337483983653 -0.0924839750965 0.462208185959 0.888314693668 0.816864902564 0.0876222099244 0 0.016393442623 4 1.93721171963
1149 15 0.166457464148 0.160468130959 -0.405008799369 0.156889394552 0.896140241053 0.429106260738 0.563098346388 0 0.0666666666667 1 2.49347059031
1 1 1.0 1.0 nan nan nan nan 1.0 0 1.0 1 0.0
5 2 0.714865583331 0.735294117647 -1.38629436112 0.649384888466 0.779632848843 0.721928094887 0.8 0 0.5 1 0.0
409 1 1.0 1.0 nan nan nan nan 1.0 0 409.0 0 0.0
6 4 0.923898109345 0.9 -0.277258872224 0.926587716562 0.532883469188 0.959147917027 0.333333333333 0 0.25 2 0.0
93 1 1.0 1.0 nan nan nan nan 1.0 0 93.0 0 0.0
17 3 0.964574468903 0.953795379538 -0.279807893968 0.962630372553 0.444565485237 0.977035876449 0.411764705882 0 1.33333333333 0 -0.381801774161
24 3 0.411397437294 0.721804511278 -1.24245332489 0.654212151751 0.833133055848 0.761474435264 0.5 0 0.333333333333 1 -0.685667537489
1 1 1.0 1.0 nan nan nan nan 1.0 0 1.0 1 0.0
757 18 0.257439756685 0.0761910650015 -0.257288652515 0.067032491947 0.864615171263 0.263148374929 0.852047556143 0 0.0555555555556 4 3.86255570578
20 4 0.847633863415 0.746268656716 -0.389960048543 0.815773391545 0.637071338196 0.892737648614 0.5 0 0.75 0 1.08952042326
4 2 1.0 1.0 0.0 1.0 -0.0 1.0 0.5 0 1.0 0 0.0
2 1 1.0 1.0 nan nan nan nan 1.0 0 2.0 0 0.0
4 1 1.0 1.0 nan nan nan nan 1.0 0 4.0 0 0.0
7 3 0.802662591323 0.777777777778 -0.69314718056 0.800245002995 0.714635285596 0.869915529774 0.571428571429 0 0.333333333333 1 0.381801774161
133 1 1.0 1.0 nan nan nan nan 1.0 0 133.0 0 0.0
27 3 0.553401671886 0.605985037406 -1.1256458993 0.584548817322 0.816717711621 0.704808468361 0.703703703704 0 0.666666666667 0 0.549434019627
1 1 1.0 1.0 nan nan nan nan 1.0 0 1.0 1 0.0
9 1 1.0 1.0 nan nan nan nan 1.0 0 9.0 0 0.0
214 10 0.251548723171 0.253717451524 -0.48661809385 0.255550334981 0.870970955893 0.518507756379 0.471962616822 0 0.1 2 1.51601579667
2 2 1.0 1.0 0.0 1.0 -0.0 1.0 0.5 0 0.5 2 0.0
28 7 0.629763661061 0.7 -0.394515559108 0.760973991686 0.778825396343 0.882182883559 0.285714285714 0 0.142857142857 2 0.238675817446
367 6 0.150444045891 0.210778928523 -1.14326719231 0.118834344199 0.907842105711 0.260277292898 0.885558583106 0 0.166666666667 2 1.76451226286
73 7 0.373012129286 0.344629114661 -0.58478758614 0.422770673771 0.847468211899 0.649142311356 0.616438356164 0 0.142857142857 2 1.88509101996
24 3 0.280216702794 0.395061728395 -1.54552122668 0.205711381987 0.864767236345 0.31366684285 0.916666666667 0 0.333333333333 2 0.707106781187
22 3 0.653039753359 0.726726726727 -0.935901088451 0.721496529408 0.782177583614 0.813047478378 0.590909090909 0 0.666666666667 0 0.110780117655
63 1 1.0 1.0 nan nan nan nan 1.0 0 63.0 0 0.0
33 5 0.859923166707 0.840926640927 -0.329171314882 0.884428944382 0.652418948444 0.939721713433 0.333333333333 0 0.6 0 0.200902626451
1 1 1.0 1.0 nan nan nan nan 1.0 0 1.0 1 0.0
40 1 1.0 1.0 nan nan nan nan 1.0 0 40.0 0 0.0
362 19 0.267290325278 0.234370417003 -0.266139093721 0.333727338044 0.875706056565 0.661220288451 0.400552486188 0 0.0526315789474 4 2.72987330676
8 1 1.0 1.0 nan nan nan nan 1.0 0 8.0 0 0.0
368 20 0.326829530087 0.352043256733 -0.226952693099 0.491524268978 0.861951425535 0.779749048935 0.298913043478 0 0.05 3 2.4657681476
34 1 1.0 1.0 nan nan nan nan 1.0 0 34.0 0 0.0
10 1 1.0 1.0 nan nan nan nan 1.0 0 10.0 0 0.0
36 1 1.0 1.0 nan nan nan nan 1.0 0 36.0 0 0.0
90 8 0.392089437175 0.59628975265 -0.483904563839 0.665835887428 0.839069219712 0.833673001608 0.333333333333 0 0.125 2 0.829839381571
3 2 0.923898109345 0.9 -0.69314718056 0.889881574842 0.602169971904 0.918295834054 0.666666666667 0 0.5 1 0.0
893 2 0.84204631094 0.822388761584 -1.00664379953 0.787636819845 0.706515645835 0.838053665252 0.732362821948 0 119.5 0 0.0
7 1 1.0 1.0 nan nan nan nan 1.0 0 7.0 0 0.0
18 1 1.0 1.0 nan nan nan nan 1.0 0 18.0 0 0.0
727 11 0.257474768744 0.245764000456 -0.461293548959 0.324671486358 0.876126025097 0.603089604107 0.570839064649 0 0.0909090909091 1 2.43986658076
38 1 1.0 1.0 nan nan nan nan 1.0 0 38.0 0 0.0
4 1 1.0 1.0 nan nan nan nan 1.0 0 4.0 0 0.0
669 11 0.191317991911 0.49109079717 -0.545815730072 0.539749028197 0.894931402292 0.773972821528 0.282511210762 0 0.0909090909091 2 0.747591117423
7 1 1.0 1.0 nan nan nan nan 1.0 0 7.0 0 0.0
5 1 1.0 1.0 nan nan nan nan 1.0 0 5.0 0 0.0
11 1 1.0 1.0 nan nan nan nan 1.0 0 11.0 0 0.0
6 3 0.870814574607 0.857142857143 -0.549306144334 0.874729636999 0.652772541083 0.920619835714 0.5 0 0.333333333333 1 0.0
12 1 1.0 1.0 nan nan nan nan 1.0 0 12.0 0 0.0
46 1 1.0 1.0 nan nan nan nan 1.0 0 46.0 0 0.0
1 1 1.0 1.0 nan nan nan nan 1.0 0 1.0 1 0.0
4160 61 0.225358076096 0.0807659631577 -0.0908023731311 0.207764950743 0.886289680656 0.632507936372 0.433173076923 0 0.016393442623 8 7.01810151973
3 1 1.0 1.0 nan nan nan nan 1.0 0 3.0 0 0.0
12 1 1.0 1.0 nan nan nan nan 1.0 0 12.0 0 0.0
3 1 1.0 1.0 nan nan nan nan 1.0 0 3.0 0 0.0
75 2 0.743771555744 0.752609044688 -1.30494872167 0.679237347046 0.767059166029 0.747806158331 0.786666666667 0 8.0 0 0.0
127 3 0.191965297706 0.366709865175 -2.05132168252 0.123281899005 0.897447655638 0.200608355343 0.952755905512 0 0.666666666667 0 0.70642141573
6 2 0.634155692747 0.692307692308 -1.60943791243 0.569192583214 0.808240892005 0.650022421648 0.833333333333 0 0.5 1 0.0
1 1 1.0 1.0 nan nan nan nan 1.0 0 1.0 1 0.0
2 1 1.0 1.0 nan nan nan nan 1.0 0 2.0 0 0.0
180 3 0.140502880062 0.615946161743 -2.3810869674 0.482974699028 0.911453714283 0.615299218696 0.65 0 0.333333333333 1 -0.0632454194172
29 5 0.597838212933 0.703765690377 -0.581711115996 0.74870422214 0.789181670301 0.860547482021 0.413793103448 0 0.2 1 0.403575107706
323 5 0.265933214332 0.516723211411 -1.04427548499 0.511974985149 0.879533135512 0.692448463396 0.529411764706 0 0.6 0 0.672155021682
11 1 1.0 1.0 nan nan nan nan 1.0 0 11.0 0 0.0
211 12 0.370117315026 0.278764996118 -0.341767729876 0.384929744716 0.847743771332 0.666109211885 0.492890995261 0 0.0833333333333 1 2.36240358152
2 2 1.0 1.0 0.0 1.0 -0.0 1.0 0.5 0 0.5 2 0.0
1 1 1.0 1.0 nan nan nan nan 1.0 0 1.0 1 0.0
31 1 1.0 1.0 nan nan nan nan 1.0 0 31.0 0 0.0
5 2 0.714865583331 0.735294117647 -1.38629436112 0.649384888466 0.779632848843 0.721928094887 0.8 0 0.5 1 0.0
18 1 1.0 1.0 nan nan nan nan 1.0 0 18.0 0 0.0
3882 64 0.299425516554 0.0639833860759 -0.0703395450847 0.205639244321 0.860842861319 0.633789729909 0.48686244204 0 0.015625 5 7.65532695516
19 1 1.0 1.0 nan nan nan nan 1.0 0 19.0 0 0.0
12 5 0.68022219287 0.6 -0.468213122712 0.680604859102 0.742999590024 0.816666385732 0.5 0 0.2 3 1.0269996057
1 1 1.0 1.0 nan nan nan nan 1.0 0 1.0 1 0.0
50 6 0.589616981203 0.655136268344 -0.490261732289 0.715970422379 0.791381169389 0.849258359595 0.38 0 0.333333333333 0 0.532717153121
2046 9 0.143315650284 0.404536559486 -0.772983542785 0.458511035051 0.909112811853 0.701225374031 0.436461388074 0 0.111111111111 1 1.46122419701
2 1 1.0 1.0 nan nan nan nan 1.0 0 2.0 0 0.0
599 6 0.27153110777 0.465766032406 -0.838461073773 0.51136927031 0.875082980247 0.70817222833 0.532554257095 0 0.5 0 1.21923410659
146 10 0.272268625146 0.177426335941 -0.468669518833 0.195686798913 0.866171302866 0.441094906215 0.739726027397 0 0.1 4 2.57508601839
8 3 0.605500876229 0.561403508772 -0.895879734614 0.543389720049 0.773234301108 0.669591945536 0.75 0 0.333333333333 2 0.707106781187
202 2 0.571439534122 0.663048423789 -1.78599576451 0.508900795032 0.826223312833 0.593497956812 0.856435643564 0 14.5 0 0.0
13 1 1.0 1.0 nan nan nan nan 1.0 0 13.0 0 0.0
3 2 0.923898109345 0.9 -0.69314718056 0.889881574842 0.602169971904 0.918295834054 0.666666666667 0 0.5 1 0.0
6 2 1.0 1.0 0.0 1.0 -0.0 1.0 0.5 0 1.5 0 0.0
2 2 1.0 1.0 0.0 1.0 -0.0 1.0 0.5 0 0.5 2 0.0
9 2 0.99207560014 0.987804878049 -0.223143551314 0.987666975002 0.267228783393 0.991076059838 0.555555555556 0 2.0 0 0.0
116 22 0.600786584328 0.235970819304 -0.120925566005 0.462701788423 0.771103668781 0.767316144224 0.413793103448 0 0.0454545454545 4 4.12320116362
67 1 1.0 1.0 nan nan nan nan 1.0 0 67.0 0 0.0
5 1 1.0 1.0 nan nan nan nan 1.0 0 5.0 0 0.0
217 1 1.0 1.0 nan nan nan nan 1.0 0 217.0 0 0.0
632 18 0.251481478484 0.108846028912 -0.282420728454 0.156292904834 0.87634802824 0.448605788408 0.707278481013 0 0.0555555555556 3 3.80874721311
308 11 0.238809065275 0.143771672446 -0.47005088391 0.144349753475 0.878377618653 0.372589428305 0.788961038961 0 0.0909090909091 3 2.79556286368
907 3 0.451138652382 0.636721782467 -1.29513358272 0.591909680286 0.839631345496 0.710965417152 0.661521499449 0 15.0 0 0.259416617669
23 3 0.348651014787 0.435390946502 -1.49786613678 0.300185888081 0.8605989826 0.428027218706 0.869565217391 0 0.333333333333 1 0.700155440079
75 3 0.726732118458 0.807841447652 -0.752038698388 0.8009091509 0.734390915528 0.870380349198 0.48 0 2.66666666667 0 -0.618974062804
