4455737.3 189 83
4455737.3 134 57
4455737.3 80 51
4455737.3 55 35
4455737.3 28 31
4455737.3 14 29
4455737.3 12 27
4455737.3 8 27
4455737.3 7 22
4455737.3 6 17
4455737.3 6 14
4455737.3 6 14
4455737.3 6 14
4455737.3 6 13
4455737.3 5 13
4455737.3 5 13
4455737.3 5 11
4455737.3 5 11
4455737.3 5 11
4455737.3 4 11
4455737.3 4 11
4455737.3 3 10
4455737.3 3 9
4455737.3 3 9
4455737.3 3 9
4455737.3 3 7
4455737.3 3 6
4455737.3 3 6
4455737.3 3 5
4455737.3 3 5
4455737.3 2 5
4455737.3 2 4
4455737.3 2 4
4455737.3 2 4
4455737.3 2 4
4455737.3 2 4
4455737.3 2 3
4455737.3 2 3
4455737.3 2 3
4455737.3 2 3
4455737.3 2 3
4455737.3 2 3
4455737.3 2 3
4455737.3 2 3
4455737.3 2 3
4455737.3 1 2
4455737.3 1 2
4455737.3 1 2
4455737.3 1 2
4455737.3 1 2
4455737.3 1 2
4455737.3 1 2
4455737.3 1 2
4455737.3 1 2
4455737.3 1 2
4455737.3 1 2
4455737.3 1 2
4455737.3 1 2
4455737.3 1 2
4455737.3 1 1
4455737.3 1 1
4455737.3 1 1
4455737.3 1 1
4455737.3 1 1
4455737.3 1 1
4455737.3 1 1
4455737.3 1 1
4455737.3 1 1
4455737.3 1 1
4455737.3 1 1
4455737.3 1 1
4455737.3 1 1
4455737.3 1 1
4455737.3 1 1
4455737.3 1 1
4455737.3 1 1
4455737.3 1 1
4455737.3 1 1
4455737.3 1 1
4455737.3 1 1
4455737.3 1 1
4455737.3 1 1
4455737.3 1 1
4455737.3 1 1
4455737.3 1 1
4455737.3 1 1
4455737.3 1 1
4455737.3 1 1
4455737.3 1 1
4455737.3 1 1
4455737.3 1 1
4455737.3 1 1
4455737.3 1 1
4455738.3 35 16
4455738.3 6 8
4455738.3 4 8
4455738.3 3 5
4455738.3 1 5
4455738.3 1 4
4455738.3 1 3
4455738.3 1 2
4455738.3 1 2
4455738.3 1 1
4455738.3 1 1
4455738.3 1 1
4455738.3 1 1
4455738.3 1 1
4455739.3 10 9
4455739.3 7 9
4455739.3 7 6
4455739.3 5 4
4455739.3 3 4
4455739.3 2 3
4455739.3 2 2
4455739.3 2 2
4455739.3 2 2
4455739.3 2 2
4455739.3 2 1
4455739.3 1 1
4455739.3 1 1
4455739.3 1 1
4455739.3 1 1
4455739.3 1 1
4455739.3 1 1
4455739.3 1 1
4455739.3 1 1
4455739.3 1 1
4455739.3 1 1
4455739.3 1 1
4455739.3 1 1
4455739.3 1 1
4455739.3 1 1
4455739.3 1 1
4455739.3 1 1
4455739.3 1 1
4455739.3 1 1
4455740.3 351 161
4455740.3 298 130
4455740.3 249 85
4455740.3 108 71
4455740.3 108 63
4455740.3 54 47
4455740.3 30 45
4455740.3 24 45
4455740.3 22 44
4455740.3 20 41
4455740.3 20 41
4455740.3 18 40
4455740.3 17 35
4455740.3 14 34
4455740.3 14 33
4455740.3 12 32
4455740.3 12 29
4455740.3 11 28
4455740.3 11 27
4455740.3 11 24
4455740.3 10 24
4455740.3 10 21
4455740.3 9 21
4455740.3 8 21
4455740.3 8 21
4455740.3 8 21
4455740.3 8 18
4455740.3 7 17
4455740.3 7 17
4455740.3 7 16
4455740.3 6 16
4455740.3 6 13
4455740.3 6 12
4455740.3 6 12
4455740.3 6 11
4455740.3 6 11
4455740.3 6 11
4455740.3 5 11
4455740.3 5 11
4455740.3 5 11
4455740.3 5 10
4455740.3 5 10
4455740.3 5 10
4455740.3 5 10
4455740.3 4 10
4455740.3 4 10
4455740.3 4 8
4455740.3 4 8
4455740.3 3 8
4455740.3 3 8
4455740.3 3 8
4455740.3 3 8
4455740.3 3 7
4455740.3 3 7
4455740.3 3 7
4455740.3 3 7
4455740.3 3 7
4455740.3 3 7
4455740.3 2 7
4455740.3 2 6
4455740.3 2 6
4455740.3 2 6
4455740.3 2 5
4455740.3 2 5
4455740.3 2 5
4455740.3 2 4
4455740.3 2 4
4455740.3 2 4
4455740.3 2 4
4455740.3 2 4
4455740.3 2 4
4455740.3 2 4
4455740.3 2 4
4455740.3 2 4
4455740.3 2 4
4455740.3 2 4
4455740.3 2 4
4455740.3 2 4
4455740.3 2 4
4455740.3 2 4
4455740.3 2 4
4455740.3 2 4
4455740.3 2 4
4455740.3 2 4
4455740.3 2 4
4455740.3 2 4
4455740.3 2 3
4455740.3 2 3
4455740.3 2 3
4455740.3 2 3
4455740.3 2 3
4455740.3 2 2
4455740.3 2 2
4455740.3 2 2
4455740.3 2 2
4455740.3 1 2
4455740.3 1 2
4455740.3 1 2
4455740.3 1 2
4455740.3 1 2
4455740.3 1 2
4455740.3 1 2
4455740.3 1 2
4455740.3 1 2
4455740.3 1 2
4455740.3 1 2
4455740.3 1 2
4455740.3 1 2
4455740.3 1 2
4455740.3 1 2
4455740.3 1 1
4455740.3 1 1
4455740.3 1 1
4455740.3 1 1
4455740.3 1 1
4455740.3 1 1
4455740.3 1 1
4455740.3 1 1
4455740.3 1 1
4455740.3 1 1
4455740.3 1 1
4455740.3 1 1
4455740.3 1 1
4455740.3 1 1
4455740.3 1 1
4455740.3 1 1
4455740.3 1 1
4455740.3 1 1
4455740.3 1 1
4455740.3 1 1
4455740.3 1 1
4455740.3 1 1
4455740.3 1 1
4455740.3 1 1
4455740.3 1 1
4455740.3 1 1
4455740.3 1 1
4455740.3 1 1
4455740.3 1 1
4455740.3 1 1
4455740.3 1 1
4455740.3 1 1
4455740.3 1 1
4455740.3 1 1
4455740.3 1 1
4455740.3 1 1
4455740.3 1 1
4455740.3 1 1
4455740.3 1 1
4455740.3 1 1
4455740.3 1 1
4455740.3 1 1
4455740.3 1 1
4455740.3 1 1
4455740.3 1 1
4455740.3 1 1
4455740.3 1 1
4455740.3 1 1
4455740.3 1 1
4455740.3 1 1
4455740.3 1 1
4455740.3 1 1
4455740.3 1 1
4455740.3 1 1
4455740.3 1 1
4455740.3 1 1
4455740.3 1 1
4455740.3 1 1
4455740.3 1 1
4455740.3 1 1
4455740.3 1 1
4455740.3 1 1
4455740.3 1 1
4455740.3 1 1
4455740.3 1 1
4455740.3 1 1
4455740.3 1 1
4455740.3 1 1
4455740.3 1 1
4455740.3 1 1
4455740.3 1 1
4455747.3 384 101
4455747.3 259 100
4455747.3 216 75
4455747.3 85 70
4455747.3 60 68
4455747.3 57 62
4455747.3 41 60
4455747.3 34 54
4455747.3 31 52
4455747.3 30 51
4455747.3 25 38
4455747.3 22 37
4455747.3 19 36
4455747.3 15 35
4455747.3 14 33
4455747.3 13 31
4455747.3 11 28
4455747.3 11 28
4455747.3 10 27
4455747.3 10 24
4455747.3 10 24
4455747.3 9 22
4455747.3 8 22
4455747.3 8 22
4455747.3 7 22
4455747.3 7 22
4455747.3 6 21
4455747.3 6 21
4455747.3 6 19
4455747.3 6 18
4455747.3 6 18
4455747.3 6 14
4455747.3 5 14
4455747.3 5 14
4455747.3 5 11
4455747.3 5 11
4455747.3 5 10
4455747.3 5 10
4455747.3 5 10
4455747.3 4 10
4455747.3 4 9
4455747.3 4 9
4455747.3 4 9
4455747.3 4 9
4455747.3 4 8
4455747.3 4 8
4455747.3 4 8
4455747.3 4 8
4455747.3 4 8
4455747.3 4 7
4455747.3 4 7
4455747.3 4 6
4455747.3 3 6
4455747.3 3 5
4455747.3 3 5
4455747.3 3 5
4455747.3 3 5
4455747.3 3 5
4455747.3 3 5
4455747.3 3 5
4455747.3 3 5
4455747.3 3 5
4455747.3 3 5
4455747.3 3 5
4455747.3 3 5
4455747.3 3 5
4455747.3 3 5
4455747.3 2 5
4455747.3 2 5
4455747.3 2 5
4455747.3 2 5
4455747.3 2 5
4455747.3 2 4
4455747.3 2 4
4455747.3 2 4
4455747.3 2 4
4455747.3 2 4
4455747.3 2 4
4455747.3 2 3
4455747.3 2 3
4455747.3 2 3
4455747.3 2 3
4455747.3 2 3
4455747.3 2 3
4455747.3 2 3
4455747.3 2 3
4455747.3 2 3
4455747.3 2 3
4455747.3 2 3
4455747.3 2 3
4455747.3 2 2
4455747.3 2 2
4455747.3 2 2
4455747.3 2 2
4455747.3 2 2
4455747.3 2 2
4455747.3 1 2
4455747.3 1 2
4455747.3 1 2
4455747.3 1 2
4455747.3 1 2
4455747.3 1 2
4455747.3 1 2
4455747.3 1 2
4455747.3 1 1
4455747.3 1 1
4455747.3 1 1
4455747.3 1 1
4455747.3 1 1
4455747.3 1 1
4455747.3 1 1
4455747.3 1 1
4455747.3 1 1
4455747.3 1 1
4455747.3 1 1
4455747.3 1 1
4455747.3 1 1
4455747.3 1 1
4455747.3 1 1
4455747.3 1 1
4455747.3 1 1
4455747.3 1 1
4455747.3 1 1
4455747.3 1 1
4455747.3 1 1
4455747.3 1 1
4455747.3 1 1
4455747.3 1 1
4455747.3 1 1
4455747.3 1 1
4455747.3 1 1
4455747.3 1 1
4455747.3 1 1
4455747.3 1 1
4455747.3 1 1
4455747.3 1 1
4455747.3 1 1
4455747.3 1 1
4455747.3 1 1
4455747.3 1 1
4455747.3 1 1
4455747.3 1 1
4455747.3 1 1
4455747.3 1 1
4455747.3 1 1
4455747.3 1 1
4455747.3 1 1
4455747.3 1 1
4455747.3 1 1
4455747.3 1 1
4455747.3 1 1
4455747.3 1 1
4455747.3 1 1
4455747.3 1 1
4455747.3 1 1
4455747.3 1 1
4455747.3 1 1
4455747.3 1 1
4455747.3 1 1
4455747.3 1 1
4455747.3 1 1
4455747.3 1 1
4455747.3 1 1
4455747.3 1 1
4455747.3 1 1
4455747.3 1 1
4455747.3 1 1
4455747.3 1 1
4455747.3 1 1
4455747.3 1 1
4455747.3 1 1
4455747.3 1 1
4455748.3 17 13
4455748.3 9 7
4455748.3 6 5
4455748.3 2 4
4455748.3 2 3
4455748.3 1 3
4455748.3 1 2
4455748.3 1 2
4455748.3 1 1
4455748.3 1 1
4455748.3 1 1
4455748.3 1 1
4455748.3 1 1
4455748.3 1 1
4455748.3 1 1
4455748.3 1 1
4455750.3 275 86
4455750.3 142 74
4455750.3 100 74
4455750.3 63 57
4455750.3 44 52
4455750.3 38 49
4455750.3 29 45
4455750.3 27 36
4455750.3 24 36
4455750.3 20 31
4455750.3 19 30
4455750.3 19 27
4455750.3 17 25
4455750.3 17 25
4455750.3 15 25
4455750.3 15 21
4455750.3 15 20
4455750.3 15 20
4455750.3 15 19
4455750.3 14 17
4455750.3 12 17
4455750.3 10 17
4455750.3 10 16
4455750.3 9 16
4455750.3 9 15
4455750.3 7 13
4455750.3 7 13
4455750.3 7 13
4455750.3 6 13
4455750.3 6 11
4455750.3 6 11
4455750.3 5 11
4455750.3 5 11
4455750.3 5 11
4455750.3 5 10
4455750.3 4 9
4455750.3 4 9
4455750.3 4 9
4455750.3 4 9
4455750.3 4 9
4455750.3 4 9
4455750.3 4 8
4455750.3 4 8
4455750.3 3 8
4455750.3 3 8
4455750.3 3 6
4455750.3 3 6
4455750.3 3 6
4455750.3 3 6
4455750.3 3 6
4455750.3 3 6
4455750.3 3 6
4455750.3 3 5
4455750.3 3 5
4455750.3 3 5
4455750.3 3 4
4455750.3 3 4
4455750.3 3 3
4455750.3 3 3
4455750.3 3 3
4455750.3 3 3
4455750.3 3 3
4455750.3 2 3
4455750.3 2 3
4455750.3 2 3
4455750.3 2 3
4455750.3 2 3
4455750.3 2 3
4455750.3 2 3
4455750.3 2 3
4455750.3 2 3
4455750.3 2 3
4455750.3 2 2
4455750.3 2 2
4455750.3 2 2
4455750.3 2 2
4455750.3 2 2
4455750.3 2 2
4455750.3 2 2
4455750.3 2 2
4455750.3 2 2
4455750.3 2 2
4455750.3 2 2
4455750.3 2 2
4455750.3 2 2
4455750.3 2 2
4455750.3 2 2
4455750.3 2 1
4455750.3 2 1
4455750.3 2 1
4455750.3 2 1
4455750.3 2 1
4455750.3 2 1
4455750.3 2 1
4455750.3 2 1
4455750.3 2 1
4455750.3 2 1
4455750.3 2 1
4455750.3 2 1
4455750.3 2 1
4455750.3 2 1
4455750.3 2 1
4455750.3 2 1
4455750.3 2 1
4455750.3 2 1
4455750.3 2 1
4455750.3 2 1
4455750.3 2 1
4455750.3 2 1
4455750.3 1 1
4455750.3 1 1
4455750.3 1 1
4455750.3 1 1
4455750.3 1 1
4455750.3 1 1
4455750.3 1 1
4455750.3 1 1
4455750.3 1 1
4455750.3 1 1
4455750.3 1 1
4455750.3 1 1
4455750.3 1 1
4455750.3 1 1
4455750.3 1 1
4455750.3 1 1
4455750.3 1 1
4455750.3 1 1
4455750.3 1 1
4455750.3 1 1
4455750.3 1 1
4455750.3 1 1
4455750.3 1 1
4455750.3 1 1
4455750.3 1 1
4455750.3 1 1
4455750.3 1 1
4455750.3 1 1
4455750.3 1 1
4455750.3 1 1
4455750.3 1 1
4455750.3 1 1
4455750.3 1 1
4455750.3 1 1
4455750.3 1 1
4455750.3 1 1
4455750.3 1 1
4455750.3 1 1
4455750.3 1 1
4455750.3 1 1
4455750.3 1 1
4455750.3 1 1
4455750.3 1 1
4455750.3 1 1
4455750.3 1 1
4455750.3 1 1
4455750.3 1 1
4455750.3 1 1
4455750.3 1 1
4455750.3 1 1
4455750.3 1 1
4455750.3 1 1
4455750.3 1 1
4455750.3 1 1
4455750.3 1 1
4455750.3 1 1
4455750.3 1 1
4455750.3 1 1
4455750.3 1 1
4455750.3 1 1
4455750.3 1 1
4455750.3 1 1
4455750.3 1 1
4455750.3 1 1
4455750.3 1 1
4455750.3 1 1
4455750.3 1 1
4455750.3 1 1
4455750.3 1 1
4455750.3 1 1
4455750.3 1 1
4455750.3 1 1
4455750.3 1 1
4455750.3 1 1
4455750.3 1 1
4455750.3 1 1
4455750.3 1 1
4455750.3 1 1
4455750.3 1 1
4455750.3 1 1
4455750.3 1 1
4455750.3 1 1
4455750.3 1 1
4455750.3 1 1
4455750.3 1 1
4455750.3 1 1
4455750.3 1 1
4455750.3 1 1
4455750.3 1 1
4455750.3 1 1
4455750.3 1 1
4455750.3 1 1
4455750.3 1 1
4455750.3 1 1
4455750.3 1 1
4455750.3 1 1
4455753.3 10 15
4455753.3 10 6
4455753.3 5 6
4455753.3 4 4
4455753.3 4 3
4455753.3 4 3
4455753.3 3 3
4455753.3 2 2
4455753.3 2 2
4455753.3 2 2
4455753.3 1 1
4455753.3 1 1
4455753.3 1 1
4455753.3 1 1
4455753.3 1 1
4455753.3 1 1
4455753.3 1 1
4455753.3 1 1
4455753.3 1 1
4455753.3 1 1
4455753.3 1 1
4455753.3 1 1
4455753.3 1 1
4455756.3 205 94
4455756.3 197 61
4455756.3 113 56
4455756.3 42 40
4455756.3 24 37
4455756.3 20 37
4455756.3 12 37
4455756.3 12 32
4455756.3 11 30
4455756.3 11 25
4455756.3 11 24
4455756.3 10 22
4455756.3 9 16
4455756.3 9 15
4455756.3 9 15
4455756.3 8 15
4455756.3 8 15
4455756.3 8 15
4455756.3 7 13
4455756.3 6 13
4455756.3 5 13
4455756.3 5 12
4455756.3 5 12
4455756.3 5 12
4455756.3 5 12
4455756.3 5 12
4455756.3 5 11
4455756.3 5 8
4455756.3 5 8
4455756.3 4 8
4455756.3 4 8
4455756.3 4 7
4455756.3 3 6
4455756.3 3 6
4455756.3 3 6
4455756.3 3 6
4455756.3 3 6
4455756.3 3 6
4455756.3 3 6
4455756.3 3 6
4455756.3 3 6
4455756.3 3 5
4455756.3 2 5
4455756.3 2 5
4455756.3 2 5
4455756.3 2 5
4455756.3 2 4
4455756.3 2 3
4455756.3 2 3
4455756.3 2 3
4455756.3 2 3
4455756.3 2 2
4455756.3 2 2
4455756.3 2 2
4455756.3 2 2
4455756.3 2 2
4455756.3 2 2
4455756.3 2 2
4455756.3 2 2
4455756.3 2 2
4455756.3 2 2
4455756.3 1 2
4455756.3 1 2
4455756.3 1 2
4455756.3 1 2
4455756.3 1 2
4455756.3 1 2
4455756.3 1 2
4455756.3 1 1
4455756.3 1 1
4455756.3 1 1
4455756.3 1 1
4455756.3 1 1
4455756.3 1 1
4455756.3 1 1
4455756.3 1 1
4455756.3 1 1
4455756.3 1 1
4455756.3 1 1
4455756.3 1 1
4455756.3 1 1
4455756.3 1 1
4455756.3 1 1
4455756.3 1 1
4455756.3 1 1
4455756.3 1 1
4455756.3 1 1
4455756.3 1 1
4455756.3 1 1
4455756.3 1 1
4455756.3 1 1
4455756.3 1 1
4455756.3 1 1
4455756.3 1 1
4455756.3 1 1
4455756.3 1 1
4455756.3 1 1
4455756.3 1 1
4455756.3 1 1
4455756.3 1 1
4455756.3 1 1
4455756.3 1 1
4455756.3 1 1
4455756.3 1 1
4455756.3 1 1
4455756.3 1 1
4455756.3 1 1
4455756.3 1 1
4455756.3 1 1
4455756.3 1 1
4455756.3 1 1
4455756.3 1 1
4455756.3 1 1
4455756.3 1 1
4455756.3 1 1
4455756.3 1 1
4455756.3 1 1
4455758.3 198 115
4455758.3 154 96
4455758.3 151 70
4455758.3 146 61
4455758.3 105 51
4455758.3 87 39
4455758.3 36 39
4455758.3 23 39
4455758.3 21 39
4455758.3 21 30
4455758.3 20 29
4455758.3 17 29
4455758.3 15 29
4455758.3 12 27
4455758.3 12 27
4455758.3 12 23
4455758.3 11 22
4455758.3 10 21
4455758.3 10 21
4455758.3 10 21
4455758.3 9 19
4455758.3 8 18
4455758.3 8 15
4455758.3 8 15
4455758.3 7 14
4455758.3 6 14
4455758.3 6 14
4455758.3 6 14
4455758.3 6 14
4455758.3 5 14
4455758.3 5 14
4455758.3 5 13
4455758.3 5 13
4455758.3 5 13
4455758.3 4 13
4455758.3 4 13
4455758.3 4 12
4455758.3 4 9
4455758.3 4 8
4455758.3 4 8
4455758.3 4 7
4455758.3 4 7
4455758.3 4 7
4455758.3 3 7
4455758.3 3 7
4455758.3 3 7
4455758.3 3 6
4455758.3 3 6
4455758.3 3 6
4455758.3 3 5
4455758.3 3 5
4455758.3 2 5
4455758.3 2 5
4455758.3 2 5
4455758.3 2 5
4455758.3 2 5
4455758.3 2 5
4455758.3 2 5
4455758.3 2 4
4455758.3 2 4
4455758.3 2 4
4455758.3 2 4
4455758.3 2 4
4455758.3 2 4
4455758.3 2 4
4455758.3 2 4
4455758.3 2 4
4455758.3 2 4
4455758.3 2 3
4455758.3 2 3
4455758.3 2 3
4455758.3 2 3
4455758.3 2 3
4455758.3 2 3
4455758.3 2 3
4455758.3 2 3
4455758.3 2 3
4455758.3 2 3
4455758.3 2 3
4455758.3 2 2
4455758.3 2 2
4455758.3 2 2
4455758.3 2 2
4455758.3 2 2
4455758.3 2 2
4455758.3 2 2
4455758.3 2 2
4455758.3 2 2
4455758.3 2 2
4455758.3 2 2
4455758.3 1 2
4455758.3 1 2
4455758.3 1 2
4455758.3 1 1
4455758.3 1 1
4455758.3 1 1
4455758.3 1 1
4455758.3 1 1
4455758.3 1 1
4455758.3 1 1
4455758.3 1 1
4455758.3 1 1
4455758.3 1 1
4455758.3 1 1
4455758.3 1 1
4455758.3 1 1
4455758.3 1 1
4455758.3 1 1
4455758.3 1 1
4455758.3 1 1
4455758.3 1 1
4455758.3 1 1
4455758.3 1 1
4455758.3 1 1
4455758.3 1 1
4455758.3 1 1
4455758.3 1 1
4455758.3 1 1
4455758.3 1 1
4455758.3 1 1
4455758.3 1 1
4455758.3 1 1
4455758.3 1 1
4455758.3 1 1
4455758.3 1 1
4455758.3 1 1
4455758.3 1 1
4455758.3 1 1
4455758.3 1 1
4455758.3 1 1
4455758.3 1 1
4455758.3 1 1
4455758.3 1 1
4455758.3 1 1
4455758.3 1 1
4455758.3 1 1
4455758.3 1 1
4455758.3 1 1
4455758.3 1 1
4455758.3 1 1
4455758.3 1 1
4455758.3 1 1
4455758.3 1 1
4455758.3 1 1
4455758.3 1 1
4455758.3 1 1
4455758.3 1 1
4455758.3 1 1
4455758.3 1 1
4455758.3 1 1
4455758.3 1 1
4455758.3 1 1
4455758.3 1 1
4455758.3 1 1
4455758.3 1 1
4455758.3 1 1
4455758.3 1 1
4455758.3 1 1
4455758.3 1 1
4455758.3 1 1
4455758.3 1 1
4455758.3 1 1
4455758.3 1 1
4455758.3 1 1
4455758.3 1 1
4455765.3 211 91
4455765.3 160 89
4455765.3 87 60
4455765.3 67 57
4455765.3 29 43
4455765.3 28 43
4455765.3 22 42
4455765.3 22 37
4455765.3 21 33
4455765.3 18 30
4455765.3 17 29
4455765.3 17 29
4455765.3 17 22
4455765.3 15 21
4455765.3 14 19
4455765.3 13 19
4455765.3 12 18
4455765.3 12 18
4455765.3 11 17
4455765.3 10 17
4455765.3 9 17
4455765.3 9 16
4455765.3 9 16
4455765.3 9 16
4455765.3 8 11
4455765.3 8 11
4455765.3 8 11
4455765.3 8 11
4455765.3 7 11
4455765.3 7 11
4455765.3 7 11
4455765.3 7 10
4455765.3 7 10
4455765.3 6 9
4455765.3 6 7
4455765.3 5 7
4455765.3 5 7
4455765.3 5 7
4455765.3 5 7
4455765.3 5 7
4455765.3 4 6
4455765.3 4 6
4455765.3 4 6
4455765.3 4 6
4455765.3 4 6
4455765.3 4 6
4455765.3 4 6
4455765.3 4 6
4455765.3 4 6
4455765.3 4 6
4455765.3 4 6
4455765.3 4 6
4455765.3 4 6
4455765.3 4 5
4455765.3 4 3
4455765.3 4 3
4455765.3 3 3
4455765.3 3 3
4455765.3 3 3
4455765.3 3 3
4455765.3 3 3
4455765.3 3 3
4455765.3 3 3
4455765.3 3 3
4455765.3 3 3
4455765.3 3 3
4455765.3 3 3
4455765.3 3 3
4455765.3 3 2
4455765.3 3 2
4455765.3 3 2
4455765.3 3 2
4455765.3 3 2
4455765.3 3 2
4455765.3 3 2
4455765.3 3 2
4455765.3 2 2
4455765.3 2 2
4455765.3 2 1
4455765.3 2 1
4455765.3 2 1
4455765.3 2 1
4455765.3 2 1
4455765.3 2 1
4455765.3 2 1
4455765.3 2 1
4455765.3 2 1
4455765.3 2 1
4455765.3 2 1
4455765.3 2 1
4455765.3 2 1
4455765.3 2 1
4455765.3 2 1
4455765.3 2 1
4455765.3 2 1
4455765.3 2 1
4455765.3 2 1
4455765.3 2 1
4455765.3 2 1
4455765.3 1 1
4455765.3 1 1
4455765.3 1 1
4455765.3 1 1
4455765.3 1 1
4455765.3 1 1
4455765.3 1 1
4455765.3 1 1
4455765.3 1 1
4455765.3 1 1
4455765.3 1 1
4455765.3 1 1
4455765.3 1 1
4455765.3 1 1
4455765.3 1 1
4455765.3 1 1
4455765.3 1 1
4455765.3 1 1
4455765.3 1 1
4455765.3 1 1
4455765.3 1 1
4455765.3 1 1
4455765.3 1 1
4455765.3 1 1
4455765.3 1 1
4455765.3 1 1
4455765.3 1 1
4455765.3 1 1
4455765.3 1 1
4455765.3 1 1
4455765.3 1 1
4455765.3 1 1
4455765.3 1 1
4455765.3 1 1
4455765.3 1 1
4455765.3 1 1
4455765.3 1 1
4455765.3 1 1
4455765.3 1 1
4455765.3 1 1
4455765.3 1 1
4455765.3 1 1
4455765.3 1 1
4455765.3 1 1
4455765.3 1 1
4455765.3 1 1
4455765.3 1 1
4455765.3 1 1
4455765.3 1 1
4455765.3 1 1
4455765.3 1 1
4455765.3 1 1
4455765.3 1 1
4455765.3 1 1
4455765.3 1 1
4455765.3 1 1
4455770.3 15 20
4455770.3 13 10
4455770.3 7 8
4455770.3 7 7
4455770.3 7 5
4455770.3 7 5
4455770.3 4 4
4455770.3 4 4
4455770.3 3 3
4455770.3 3 2
4455770.3 2 2
4455770.3 2 2
4455770.3 1 2
4455770.3 1 2
4455770.3 1 1
4455770.3 1 1
4455770.3 1 1
4455770.3 1 1
4455770.3 1 1
4455770.3 1 1
4455770.3 1 1
4455770.3 1 1
4455770.3 1 1
4455770.3 1 1
4455775.3 301 129
4455775.3 187 123
4455775.3 159 77
4455775.3 154 72
4455775.3 98 57
4455775.3 95 56
4455775.3 76 48
4455775.3 35 47
4455775.3 31 46
4455775.3 28 44
4455775.3 27 37
4455775.3 24 35
4455775.3 16 32
4455775.3 16 32
4455775.3 16 32
4455775.3 15 32
4455775.3 14 31
4455775.3 14 28
4455775.3 11 28
4455775.3 11 28
4455775.3 11 28
4455775.3 10 25
4455775.3 9 25
4455775.3 8 21
4455775.3 8 21
4455775.3 8 17
4455775.3 8 16
4455775.3 8 15
4455775.3 6 15
4455775.3 6 14
4455775.3 6 14
4455775.3 5 14
4455775.3 5 14
4455775.3 5 14
4455775.3 5 14
4455775.3 5 13
4455775.3 5 13
4455775.3 5 12
4455775.3 5 10
4455775.3 5 10
4455775.3 4 10
4455775.3 4 10
4455775.3 4 10
4455775.3 4 10
4455775.3 4 10
4455775.3 4 9
4455775.3 4 9
4455775.3 4 9
4455775.3 4 9
4455775.3 4 9
4455775.3 4 8
4455775.3 4 8
4455775.3 3 8
4455775.3 3 8
4455775.3 3 8
4455775.3 3 8
4455775.3 3 8
4455775.3 3 8
4455775.3 3 8
4455775.3 3 6
4455775.3 3 6
4455775.3 3 6
4455775.3 3 6
4455775.3 3 5
4455775.3 3 5
4455775.3 3 4
4455775.3 3 4
4455775.3 3 4
4455775.3 3 4
4455775.3 3 4
4455775.3 3 4
4455775.3 3 4
4455775.3 3 4
4455775.3 3 3
4455775.3 2 3
4455775.3 2 3
4455775.3 2 3
4455775.3 2 3
4455775.3 2 3
4455775.3 2 3
4455775.3 2 3
4455775.3 2 3
4455775.3 2 3
4455775.3 2 3
4455775.3 2 2
4455775.3 2 2
4455775.3 2 2
4455775.3 2 2
4455775.3 2 2
4455775.3 2 2
4455775.3 2 2
4455775.3 2 2
4455775.3 2 2
4455775.3 2 2
4455775.3 2 2
4455775.3 2 1
4455775.3 2 1
4455775.3 2 1
4455775.3 2 1
4455775.3 2 1
4455775.3 2 1
4455775.3 2 1
4455775.3 2 1
4455775.3 2 1
4455775.3 2 1
4455775.3 1 1
4455775.3 1 1
4455775.3 1 1
4455775.3 1 1
4455775.3 1 1
4455775.3 1 1
4455775.3 1 1
4455775.3 1 1
4455775.3 1 1
4455775.3 1 1
4455775.3 1 1
4455775.3 1 1
4455775.3 1 1
4455775.3 1 1
4455775.3 1 1
4455775.3 1 1
4455775.3 1 1
4455775.3 1 1
4455775.3 1 1
4455775.3 1 1
4455775.3 1 1
4455775.3 1 1
4455775.3 1 1
4455775.3 1 1
4455775.3 1 1
4455775.3 1 1
4455775.3 1 1
4455775.3 1 1
4455775.3 1 1
4455775.3 1 1
4455775.3 1 1
4455775.3 1 1
4455775.3 1 1
4455775.3 1 1
4455775.3 1 1
4455775.3 1 1
4455775.3 1 1
4455775.3 1 1
4455775.3 1 1
4455775.3 1 1
4455775.3 1 1
4455775.3 1 1
4455775.3 1 1
4455775.3 1 1
4455775.3 1 1
4455775.3 1 1
4455775.3 1 1
4455775.3 1 1
4455775.3 1 1
4455775.3 1 1
4455775.3 1 1
4455775.3 1 1
4455775.3 1 1
4455775.3 1 1
4455775.3 1 1
4455775.3 1 1
4455775.3 1 1
4455775.3 1 1
4455775.3 1 1
4455775.3 1 1
4455775.3 1 1
4455775.3 1 1
4455775.3 1 1
4455775.3 1 1
4455775.3 1 1
4455775.3 1 1
4455775.3 1 1
4455775.3 1 1
4455775.3 1 1
4455775.3 1 1
4455775.3 1 1
4455775.3 1 1
4455775.3 1 1
4455775.3 1 1
4455775.3 1 1
4455775.3 1 1
4455775.3 1 1
4455775.3 1 1
4455775.3 1 1
4455775.3 1 1
4455775.3 1 1
4455775.3 1 1
4455775.3 1 1
4455775.3 1 1
4455775.3 1 1
4455775.3 1 1
4455775.3 1 1
4455775.3 1 1
4455775.3 1 1
4455775.3 1 1
4455775.3 1 1
4455775.3 1 1
4455775.3 1 1
4455775.3 1 1
4455775.3 1 1
4455775.3 1 1
4455775.3 1 1
4455775.3 1 1
4455775.3 1 1
4455775.3 1 1
4455775.3 1 1
4455775.3 1 1
4455775.3 1 1
4455775.3 1 1
4455775.3 1 1
4455775.3 1 1
4455775.3 1 1
4455775.3 1 1
4455775.3 1 1
4455775.3 1 1
4455775.3 1 1
4455775.3 1 1
4455775.3 1 1
4455775.3 1 1
4455775.3 1 1
4455775.3 1 1
4455775.3 1 1
4455775.3 1 1
4455775.3 1 1
4455775.3 1 1
4455775.3 1 1
4455775.3 1 1
4455775.3 1 1
4455775.3 1 1
4455775.3 1 1
4455775.3 1 1
4455775.3 1 1
4455776.3 372 120
4455776.3 151 110
4455776.3 114 76
4455776.3 102 74
4455776.3 72 60
4455776.3 68 57
4455776.3 47 51
4455776.3 23 43
4455776.3 17 43
4455776.3 17 39
4455776.3 16 37
4455776.3 14 33
4455776.3 12 33
4455776.3 11 31
4455776.3 11 26
4455776.3 10 26
4455776.3 9 25
4455776.3 9 21
4455776.3 8 21
4455776.3 8 20
4455776.3 8 20
4455776.3 8 17
4455776.3 8 17
4455776.3 7 17
4455776.3 7 14
4455776.3 6 14
4455776.3 6 14
4455776.3 6 13
4455776.3 6 11
4455776.3 6 11
4455776.3 6 10
4455776.3 6 10
4455776.3 6 10
4455776.3 6 9
4455776.3 6 9
4455776.3 6 9
4455776.3 6 9
4455776.3 5 9
4455776.3 5 8
4455776.3 5 8
4455776.3 5 8
4455776.3 5 8
4455776.3 5 8
4455776.3 4 8
4455776.3 4 7
4455776.3 4 7
4455776.3 4 7
4455776.3 4 7
4455776.3 4 7
4455776.3 4 6
4455776.3 4 6
4455776.3 4 6
4455776.3 4 6
4455776.3 4 6
4455776.3 4 6
4455776.3 4 6
4455776.3 4 5
4455776.3 4 5
4455776.3 4 5
4455776.3 3 5
4455776.3 3 5
4455776.3 3 5
4455776.3 3 4
4455776.3 3 4
4455776.3 3 4
4455776.3 3 4
4455776.3 3 4
4455776.3 3 4
4455776.3 3 4
4455776.3 3 4
4455776.3 3 4
4455776.3 3 4
4455776.3 3 4
4455776.3 3 3
4455776.3 3 3
4455776.3 3 3
4455776.3 3 3
4455776.3 3 2
4455776.3 3 2
4455776.3 3 2
4455776.3 2 2
4455776.3 2 2
4455776.3 2 2
4455776.3 2 2
4455776.3 2 2
4455776.3 2 2
4455776.3 2 2
4455776.3 2 2
4455776.3 2 2
4455776.3 2 2
4455776.3 2 2
4455776.3 2 2
4455776.3 2 2
4455776.3 2 2
4455776.3 2 2
4455776.3 2 2
4455776.3 2 2
4455776.3 2 2
4455776.3 2 2
4455776.3 2 2
4455776.3 2 2
4455776.3 2 2
4455776.3 2 2
4455776.3 2 2
4455776.3 2 1
4455776.3 2 1
4455776.3 2 1
4455776.3 2 1
4455776.3 2 1
4455776.3 2 1
4455776.3 2 1
4455776.3 2 1
4455776.3 2 1
4455776.3 2 1
4455776.3 2 1
4455776.3 2 1
4455776.3 2 1
4455776.3 2 1
4455776.3 2 1
4455776.3 2 1
4455776.3 2 1
4455776.3 2 1
4455776.3 2 1
4455776.3 2 1
4455776.3 2 1
4455776.3 2 1
4455776.3 2 1
4455776.3 2 1
4455776.3 2 1
4455776.3 2 1
4455776.3 2 1
4455776.3 2 1
4455776.3 1 1
4455776.3 1 1
4455776.3 1 1
4455776.3 1 1
4455776.3 1 1
4455776.3 1 1
4455776.3 1 1
4455776.3 1 1
4455776.3 1 1
4455776.3 1 1
4455776.3 1 1
4455776.3 1 1
4455776.3 1 1
4455776.3 1 1
4455776.3 1 1
4455776.3 1 1
4455776.3 1 1
4455776.3 1 1
4455776.3 1 1
4455776.3 1 1
4455776.3 1 1
4455776.3 1 1
4455776.3 1 1
4455776.3 1 1
4455776.3 1 1
4455776.3 1 1
4455776.3 1 1
4455776.3 1 1
4455776.3 1 1
4455776.3 1 1
4455776.3 1 1
4455776.3 1 1
4455776.3 1 1
4455776.3 1 1
4455776.3 1 1
4455776.3 1 1
4455776.3 1 1
4455776.3 1 1
4455776.3 1 1
4455776.3 1 1
4455776.3 1 1
4455776.3 1 1
4455776.3 1 1
4455776.3 1 1
4455776.3 1 1
4455776.3 1 1
4455776.3 1 1
4455776.3 1 1
4455776.3 1 1
4455776.3 1 1
4455776.3 1 1
4455776.3 1 1
4455776.3 1 1
4455776.3 1 1
4455776.3 1 1
4455776.3 1 1
4455776.3 1 1
4455776.3 1 1
4455776.3 1 1
4455776.3 1 1
4455776.3 1 1
4455776.3 1 1
4455776.3 1 1
4455776.3 1 1
4455776.3 1 1
4455776.3 1 1
4455776.3 1 1
4455776.3 1 1
4455776.3 1 1
4455776.3 1 1
4455776.3 1 1
4455776.3 1 1
4455776.3 1 1
4455776.3 1 1
4455776.3 1 1
4455776.3 1 1
4455776.3 1 1
4455776.3 1 1
4455776.3 1 1
4455776.3 1 1
4455776.3 1 1
4455776.3 1 1
4455776.3 1 1
4455776.3 1 1
4455776.3 1 1
4455776.3 1 1
4455776.3 1 1
4455776.3 1 1
4455776.3 1 1
4455776.3 1 1
4455777.3 239 132
4455777.3 165 97
4455777.3 158 87
4455777.3 153 62
4455777.3 139 61
4455777.3 76 56
4455777.3 65 54
4455777.3 59 46
4455777.3 35 42
4455777.3 22 38
4455777.3 22 38
4455777.3 21 35
4455777.3 18 33
4455777.3 13 29
4455777.3 12 28
4455777.3 10 28
4455777.3 9 26
4455777.3 9 25
4455777.3 9 24
4455777.3 9 21
4455777.3 8 21
4455777.3 8 21
4455777.3 8 20
4455777.3 8 20
4455777.3 8 18
4455777.3 8 16
4455777.3 8 16
4455777.3 7 16
4455777.3 7 16
4455777.3 7 16
4455777.3 7 16
4455777.3 6 15
4455777.3 6 13
4455777.3 5 12
4455777.3 5 12
4455777.3 5 12
4455777.3 5 12
4455777.3 5 12
4455777.3 5 11
4455777.3 5 11
4455777.3 5 11
4455777.3 5 10
4455777.3 5 9
4455777.3 5 9
4455777.3 4 9
4455777.3 4 9
4455777.3 4 8
4455777.3 4 8
4455777.3 4 8
4455777.3 4 8
4455777.3 4 8
4455777.3 4 6
4455777.3 4 6
4455777.3 4 6
4455777.3 4 6
4455777.3 3 6
4455777.3 3 6
4455777.3 3 6
4455777.3 3 6
4455777.3 3 6
4455777.3 3 6
4455777.3 3 6
4455777.3 3 6
4455777.3 3 5
4455777.3 3 5
4455777.3 3 5
4455777.3 3 4
4455777.3 2 3
4455777.3 2 3
4455777.3 2 3
4455777.3 2 3
4455777.3 2 3
4455777.3 2 3
4455777.3 2 3
4455777.3 2 3
4455777.3 2 3
4455777.3 2 3
4455777.3 2 3
4455777.3 2 2
4455777.3 2 2
4455777.3 2 2
4455777.3 2 2
4455777.3 2 2
4455777.3 2 2
4455777.3 2 2
4455777.3 2 2
4455777.3 2 2
4455777.3 2 2
4455777.3 2 2
4455777.3 2 2
4455777.3 2 2
4455777.3 2 2
4455777.3 2 2
4455777.3 2 2
4455777.3 2 2
4455777.3 2 2
4455777.3 2 2
4455777.3 2 2
4455777.3 2 2
4455777.3 2 2
4455777.3 2 2
4455777.3 2 2
4455777.3 2 2
4455777.3 2 2
4455777.3 1 2
4455777.3 1 2
4455777.3 1 2
4455777.3 1 2
4455777.3 1 2
4455777.3 1 2
4455777.3 1 2
4455777.3 1 1
4455777.3 1 1
4455777.3 1 1
4455777.3 1 1
4455777.3 1 1
4455777.3 1 1
4455777.3 1 1
4455777.3 1 1
4455777.3 1 1
4455777.3 1 1
4455777.3 1 1
4455777.3 1 1
4455777.3 1 1
4455777.3 1 1
4455777.3 1 1
4455777.3 1 1
4455777.3 1 1
4455777.3 1 1
4455777.3 1 1
4455777.3 1 1
4455777.3 1 1
4455777.3 1 1
4455777.3 1 1
4455777.3 1 1
4455777.3 1 1
4455777.3 1 1
4455777.3 1 1
4455777.3 1 1
4455777.3 1 1
4455777.3 1 1
4455777.3 1 1
4455777.3 1 1
4455777.3 1 1
4455777.3 1 1
4455777.3 1 1
4455777.3 1 1
4455777.3 1 1
4455777.3 1 1
4455777.3 1 1
4455777.3 1 1
4455777.3 1 1
4455777.3 1 1
4455777.3 1 1
4455777.3 1 1
4455777.3 1 1
4455777.3 1 1
4455777.3 1 1
4455777.3 1 1
4455777.3 1 1
4455777.3 1 1
4455777.3 1 1
4455777.3 1 1
4455777.3 1 1
4455777.3 1 1
4455777.3 1 1
4455777.3 1 1
4455777.3 1 1
4455777.3 1 1
4455777.3 1 1
4455777.3 1 1
4455777.3 1 1
4455777.3 1 1
4455777.3 1 1
4455777.3 1 1
4455777.3 1 1
4455777.3 1 1
4455777.3 1 1
4455777.3 1 1
4455777.3 1 1
4455777.3 1 1
4455777.3 1 1
4455777.3 1 1
4455777.3 1 1
4455777.3 1 1
4455777.3 1 1
4455777.3 1 1
4455777.3 1 1
4455777.3 1 1
4455777.3 1 1
4455777.3 1 1
4455777.3 1 1
4455777.3 1 1
4455777.3 1 1
4455777.3 1 1
4455777.3 1 1
4455777.3 1 1
4455777.3 1 1
4455777.3 1 1
4455777.3 1 1
4455777.3 1 1
4455780.3 243 102
4455780.3 222 82
4455780.3 82 62
4455780.3 56 61
4455780.3 55 54
4455780.3 24 50
4455780.3 18 40
4455780.3 17 40
4455780.3 16 38
4455780.3 16 30
4455780.3 15 29
4455780.3 15 29
4455780.3 13 27
4455780.3 13 25
4455780.3 12 21
4455780.3 11 21
4455780.3 10 20
4455780.3 10 16
4455780.3 10 15
4455780.3 9 15
4455780.3 9 14
4455780.3 8 13
4455780.3 8 13
4455780.3 8 13
4455780.3 8 13
4455780.3 8 13
4455780.3 8 13
4455780.3 7 11
4455780.3 7 11
4455780.3 6 11
4455780.3 6 11
4455780.3 5 11
4455780.3 5 10
4455780.3 5 10
4455780.3 5 10
4455780.3 5 9
4455780.3 4 9
4455780.3 4 9
4455780.3 4 8
4455780.3 4 8
4455780.3 4 6
4455780.3 4 6
4455780.3 4 6
4455780.3 4 5
4455780.3 4 5
4455780.3 4 5
4455780.3 4 5
4455780.3 4 4
4455780.3 4 4
4455780.3 3 4
4455780.3 3 4
4455780.3 3 4
4455780.3 3 4
4455780.3 3 4
4455780.3 3 3
4455780.3 3 3
4455780.3 3 3
4455780.3 3 3
4455780.3 3 3
4455780.3 3 3
4455780.3 3 3
4455780.3 2 3
4455780.3 2 3
4455780.3 2 3
4455780.3 2 3
4455780.3 2 3
4455780.3 2 3
4455780.3 2 3
4455780.3 2 3
4455780.3 2 2
4455780.3 2 2
4455780.3 2 2
4455780.3 2 2
4455780.3 2 2
4455780.3 2 2
4455780.3 2 2
4455780.3 2 2
4455780.3 2 2
4455780.3 2 2
4455780.3 2 2
4455780.3 2 2
4455780.3 2 1
4455780.3 2 1
4455780.3 2 1
4455780.3 2 1
4455780.3 2 1
4455780.3 2 1
4455780.3 2 1
4455780.3 2 1
4455780.3 2 1
4455780.3 2 1
4455780.3 2 1
4455780.3 2 1
4455780.3 2 1
4455780.3 2 1
4455780.3 2 1
4455780.3 2 1
4455780.3 2 1
4455780.3 2 1
4455780.3 2 1
4455780.3 2 1
4455780.3 2 1
4455780.3 2 1
4455780.3 2 1
4455780.3 2 1
4455780.3 2 1
4455780.3 2 1
4455780.3 2 1
4455780.3 2 1
4455780.3 2 1
4455780.3 1 1
4455780.3 1 1
4455780.3 1 1
4455780.3 1 1
4455780.3 1 1
4455780.3 1 1
4455780.3 1 1
4455780.3 1 1
4455780.3 1 1
4455780.3 1 1
4455780.3 1 1
4455780.3 1 1
4455780.3 1 1
4455780.3 1 1
4455780.3 1 1
4455780.3 1 1
4455780.3 1 1
4455780.3 1 1
4455780.3 1 1
4455780.3 1 1
4455780.3 1 1
4455780.3 1 1
4455780.3 1 1
4455780.3 1 1
4455780.3 1 1
4455780.3 1 1
4455780.3 1 1
4455780.3 1 1
4455780.3 1 1
4455780.3 1 1
4455780.3 1 1
4455780.3 1 1
4455780.3 1 1
4455780.3 1 1
4455780.3 1 1
4455780.3 1 1
4455780.3 1 1
4455780.3 1 1
4455780.3 1 1
4455780.3 1 1
4455780.3 1 1
4455780.3 1 1
4455780.3 1 1
4455780.3 1 1
4455780.3 1 1
4455780.3 1 1
4455780.3 1 1
4455780.3 1 1
4455780.3 1 1
4455780.3 1 1
4455780.3 1 1
4455780.3 1 1
4455780.3 1 1
4455780.3 1 1
4455780.3 1 1
4455780.3 1 1
4455780.3 1 1
4455780.3 1 1
4455780.3 1 1
4455780.3 1 1
4455780.3 1 1
4455780.3 1 1
4455780.3 1 1
4455780.3 1 1
4455780.3 1 1
4455780.3 1 1
4455780.3 1 1
4455780.3 1 1
4455780.3 1 1
4455780.3 1 1
4455780.3 1 1
4455780.3 1 1
4455780.3 1 1
4455783.3 356 137
4455783.3 261 106
4455783.3 254 86
4455783.3 91 67
4455783.3 88 58
4455783.3 41 48
4455783.3 40 47
4455783.3 23 47
4455783.3 20 39
4455783.3 20 36
4455783.3 18 34
4455783.3 17 32
4455783.3 16 32
4455783.3 13 32
4455783.3 12 30
4455783.3 12 26
4455783.3 11 26
4455783.3 11 26
4455783.3 11 26
4455783.3 11 26
4455783.3 10 26
4455783.3 10 24
4455783.3 8 23
4455783.3 8 22
4455783.3 6 21
4455783.3 6 20
4455783.3 6 20
4455783.3 6 18
4455783.3 5 15
4455783.3 4 15
4455783.3 4 14
4455783.3 4 13
4455783.3 4 13
4455783.3 4 11
4455783.3 4 11
4455783.3 4 11
4455783.3 4 11
4455783.3 3 11
4455783.3 3 11
4455783.3 3 11
4455783.3 3 10
4455783.3 3 10
4455783.3 3 9
4455783.3 3 9
4455783.3 3 9
4455783.3 3 9
4455783.3 3 8
4455783.3 3 8
4455783.3 3 8
4455783.3 3 8
4455783.3 3 7
4455783.3 2 7
4455783.3 2 7
4455783.3 2 7
4455783.3 2 7
4455783.3 2 6
4455783.3 2 6
4455783.3 2 6
4455783.3 2 6
4455783.3 2 6
4455783.3 2 6
4455783.3 2 6
4455783.3 2 6
4455783.3 2 6
4455783.3 2 6
4455783.3 2 5
4455783.3 2 5
4455783.3 2 4
4455783.3 2 4
4455783.3 2 3
4455783.3 2 3
4455783.3 2 3
4455783.3 2 3
4455783.3 2 3
4455783.3 2 3
4455783.3 2 3
4455783.3 2 3
4455783.3 2 3
4455783.3 2 3
4455783.3 2 2
4455783.3 2 2
4455783.3 2 2
4455783.3 2 2
4455783.3 2 2
4455783.3 2 2
4455783.3 2 2
4455783.3 2 2
4455783.3 2 2
4455783.3 2 2
4455783.3 2 2
4455783.3 2 2
4455783.3 2 2
4455783.3 1 2
4455783.3 1 2
4455783.3 1 2
4455783.3 1 2
4455783.3 1 2
4455783.3 1 2
4455783.3 1 2
4455783.3 1 2
4455783.3 1 1
4455783.3 1 1
4455783.3 1 1
4455783.3 1 1
4455783.3 1 1
4455783.3 1 1
4455783.3 1 1
4455783.3 1 1
4455783.3 1 1
4455783.3 1 1
4455783.3 1 1
4455783.3 1 1
4455783.3 1 1
4455783.3 1 1
4455783.3 1 1
4455783.3 1 1
4455783.3 1 1
4455783.3 1 1
4455783.3 1 1
4455783.3 1 1
4455783.3 1 1
4455783.3 1 1
4455783.3 1 1
4455783.3 1 1
4455783.3 1 1
4455783.3 1 1
4455783.3 1 1
4455783.3 1 1
4455783.3 1 1
4455783.3 1 1
4455783.3 1 1
4455783.3 1 1
4455783.3 1 1
4455783.3 1 1
4455783.3 1 1
4455783.3 1 1
4455783.3 1 1
4455783.3 1 1
4455783.3 1 1
4455783.3 1 1
4455783.3 1 1
4455783.3 1 1
4455783.3 1 1
4455783.3 1 1
4455783.3 1 1
4455783.3 1 1
4455783.3 1 1
4455783.3 1 1
4455783.3 1 1
4455783.3 1 1
4455783.3 1 1
4455788.3 330 110
4455788.3 246 83
4455788.3 71 69
4455788.3 66 64
4455788.3 38 53
4455788.3 32 52
4455788.3 21 48
4455788.3 16 37
4455788.3 15 31
4455788.3 13 29
4455788.3 12 29
4455788.3 11 26
4455788.3 11 26
4455788.3 11 26
4455788.3 9 26
4455788.3 9 21
4455788.3 9 21
4455788.3 9 19
4455788.3 8 19
4455788.3 8 18
4455788.3 8 16
4455788.3 8 16
4455788.3 8 16
4455788.3 8 16
4455788.3 8 15
4455788.3 8 15
4455788.3 7 12
4455788.3 7 11
4455788.3 7 11
4455788.3 7 11
4455788.3 7 11
4455788.3 7 11
4455788.3 7 11
4455788.3 7 11
4455788.3 7 9
4455788.3 6 9
4455788.3 6 9
4455788.3 6 8
4455788.3 6 8
4455788.3 6 8
4455788.3 5 8
4455788.3 5 8
4455788.3 5 8
4455788.3 5 8
4455788.3 5 8
4455788.3 5 7
4455788.3 5 7
4455788.3 5 7
4455788.3 4 5
4455788.3 4 5
4455788.3 4 5
4455788.3 4 5
4455788.3 4 5
4455788.3 4 5
4455788.3 4 5
4455788.3 4 5
4455788.3 4 5
4455788.3 4 4
4455788.3 4 4
4455788.3 3 4
4455788.3 3 4
4455788.3 3 4
4455788.3 3 3
4455788.3 3 3
4455788.3 3 3
4455788.3 3 3
4455788.3 3 3
4455788.3 2 3
4455788.3 2 3
4455788.3 2 3
4455788.3 2 3
4455788.3 2 3
4455788.3 2 3
4455788.3 2 3
4455788.3 2 3
4455788.3 2 2
4455788.3 2 2
4455788.3 2 2
4455788.3 2 2
4455788.3 2 2
4455788.3 2 2
4455788.3 2 2
4455788.3 2 2
4455788.3 2 2
4455788.3 2 2
4455788.3 2 2
4455788.3 2 2
4455788.3 2 2
4455788.3 2 2
4455788.3 2 2
4455788.3 2 2
4455788.3 2 2
4455788.3 2 2
4455788.3 2 2
4455788.3 2 2
4455788.3 2 2
4455788.3 2 2
4455788.3 2 2
4455788.3 2 2
4455788.3 2 2
4455788.3 2 2
4455788.3 2 2
4455788.3 2 2
4455788.3 2 2
4455788.3 1 2
4455788.3 1 2
4455788.3 1 2
4455788.3 1 2
4455788.3 1 1
4455788.3 1 1
4455788.3 1 1
4455788.3 1 1
4455788.3 1 1
4455788.3 1 1
4455788.3 1 1
4455788.3 1 1
4455788.3 1 1
4455788.3 1 1
4455788.3 1 1
4455788.3 1 1
4455788.3 1 1
4455788.3 1 1
4455788.3 1 1
4455788.3 1 1
4455788.3 1 1
4455788.3 1 1
4455788.3 1 1
4455788.3 1 1
4455788.3 1 1
4455788.3 1 1
4455788.3 1 1
4455788.3 1 1
4455788.3 1 1
4455788.3 1 1
4455788.3 1 1
4455788.3 1 1
4455788.3 1 1
4455788.3 1 1
4455788.3 1 1
4455788.3 1 1
4455788.3 1 1
4455788.3 1 1
4455788.3 1 1
4455788.3 1 1
4455788.3 1 1
4455788.3 1 1
4455788.3 1 1
4455788.3 1 1
4455788.3 1 1
4455788.3 1 1
4455788.3 1 1
4455788.3 1 1
4455788.3 1 1
4455788.3 1 1
4455788.3 1 1
4455788.3 1 1
4455788.3 1 1
4455788.3 1 1
4455788.3 1 1
4455788.3 1 1
4455788.3 1 1
4455788.3 1 1
4455788.3 1 1
4455788.3 1 1
4455788.3 1 1
4455788.3 1 1
4455788.3 1 1
4455788.3 1 1
4455788.3 1 1
4455788.3 1 1
4455788.3 1 1
4455788.3 1 1
4455788.3 1 1
4455788.3 1 1
4455788.3 1 1
4455788.3 1 1
4455788.3 1 1
4455788.3 1 1
4455788.3 1 1
4455788.3 1 1
4455788.3 1 1
4455788.3 1 1
4455788.3 1 1
4455788.3 1 1
4455790.3 294 122
4455790.3 155 76
4455790.3 148 73
4455790.3 66 54
4455790.3 53 48
4455790.3 49 46
4455790.3 39 44
4455790.3 22 43
4455790.3 17 37
4455790.3 15 26
4455790.3 14 26
4455790.3 14 26
4455790.3 14 26
4455790.3 9 26
4455790.3 9 26
4455790.3 9 24
4455790.3 8 24
4455790.3 8 21
4455790.3 8 20
4455790.3 8 18
4455790.3 7 18
4455790.3 7 18
4455790.3 7 17
4455790.3 7 16
4455790.3 7 15
4455790.3 6 14
4455790.3 6 12
4455790.3 6 11
4455790.3 6 11
4455790.3 5 11
4455790.3 5 10
4455790.3 4 10
4455790.3 4 10
4455790.3 4 10
4455790.3 4 10
4455790.3 4 10
4455790.3 4 10
4455790.3 4 10
4455790.3 4 9
4455790.3 4 9
4455790.3 4 7
4455790.3 4 7
4455790.3 4 7
4455790.3 4 7
4455790.3 4 6
4455790.3 3 5
4455790.3 3 5
4455790.3 3 5
4455790.3 3 5
4455790.3 3 4
4455790.3 3 4
4455790.3 3 4
4455790.3 3 4
4455790.3 3 4
4455790.3 3 4
4455790.3 3 4
4455790.3 3 3
4455790.3 3 3
4455790.3 3 3
4455790.3 3 3
4455790.3 3 3
4455790.3 3 3
4455790.3 3 3
4455790.3 3 3
4455790.3 2 3
4455790.3 2 3
4455790.3 2 3
4455790.3 2 3
4455790.3 2 2
4455790.3 2 2
4455790.3 2 2
4455790.3 2 2
4455790.3 2 2
4455790.3 2 2
4455790.3 2 2
4455790.3 2 2
4455790.3 2 2
4455790.3 2 2
4455790.3 2 2
4455790.3 2 2
4455790.3 2 2
4455790.3 2 2
4455790.3 2 2
4455790.3 2 2
4455790.3 2 2
4455790.3 2 2
4455790.3 2 2
4455790.3 2 2
4455790.3 2 2
4455790.3 2 2
4455790.3 2 2
4455790.3 2 2
4455790.3 2 2
4455790.3 2 1
4455790.3 2 1
4455790.3 2 1
4455790.3 2 1
4455790.3 2 1
4455790.3 2 1
4455790.3 2 1
4455790.3 2 1
4455790.3 2 1
4455790.3 2 1
4455790.3 2 1
4455790.3 2 1
4455790.3 2 1
4455790.3 2 1
4455790.3 2 1
4455790.3 2 1
4455790.3 1 1
4455790.3 1 1
4455790.3 1 1
4455790.3 1 1
4455790.3 1 1
4455790.3 1 1
4455790.3 1 1
4455790.3 1 1
4455790.3 1 1
4455790.3 1 1
4455790.3 1 1
4455790.3 1 1
4455790.3 1 1
4455790.3 1 1
4455790.3 1 1
4455790.3 1 1
4455790.3 1 1
4455790.3 1 1
4455790.3 1 1
4455790.3 1 1
4455790.3 1 1
4455790.3 1 1
4455790.3 1 1
4455790.3 1 1
4455790.3 1 1
4455790.3 1 1
4455790.3 1 1
4455790.3 1 1
4455790.3 1 1
4455790.3 1 1
4455790.3 1 1
4455790.3 1 1
4455790.3 1 1
4455790.3 1 1
4455790.3 1 1
4455790.3 1 1
4455790.3 1 1
4455790.3 1 1
4455790.3 1 1
4455790.3 1 1
4455790.3 1 1
4455790.3 1 1
4455790.3 1 1
4455790.3 1 1
4455790.3 1 1
4455790.3 1 1
4455790.3 1 1
4455790.3 1 1
4455790.3 1 1
4455790.3 1 1
4455790.3 1 1
4455790.3 1 1
4455790.3 1 1
4455790.3 1 1
4455790.3 1 1
4455790.3 1 1
4455790.3 1 1
4455790.3 1 1
4455790.3 1 1
4455790.3 1 1
4455790.3 1 1
4455790.3 1 1
4455790.3 1 1
4455790.3 1 1
4455790.3 1 1
4455790.3 1 1
4455790.3 1 1
4455790.3 1 1
4455790.3 1 1
4455790.3 1 1
4455790.3 1 1
4455790.3 1 1
4455790.3 1 1
4455790.3 1 1
4455790.3 1 1
4455790.3 1 1
4455791.3 186 84
4455791.3 153 79
4455791.3 80 59
4455791.3 61 58
4455791.3 57 52
4455791.3 33 51
4455791.3 30 42
4455791.3 30 39
4455791.3 25 35
4455791.3 23 35
4455791.3 23 33
4455791.3 22 33
4455791.3 21 25
4455791.3 14 25
4455791.3 13 23
4455791.3 13 23
4455791.3 12 20
4455791.3 12 20
4455791.3 12 19
4455791.3 12 19
4455791.3 12 19
4455791.3 11 17
4455791.3 11 16
4455791.3 11 15
4455791.3 11 15
4455791.3 11 15
4455791.3 10 15
4455791.3 10 15
4455791.3 10 11
4455791.3 9 10
4455791.3 9 10
4455791.3 9 10
4455791.3 8 10
4455791.3 7 10
4455791.3 7 9
4455791.3 7 9
4455791.3 6 9
4455791.3 6 8
4455791.3 6 8
4455791.3 5 8
4455791.3 5 7
4455791.3 5 6
4455791.3 5 6
4455791.3 5 5
4455791.3 5 5
4455791.3 5 5
4455791.3 4 5
4455791.3 4 5
4455791.3 4 5
4455791.3 4 5
4455791.3 4 4
4455791.3 4 4
4455791.3 4 4
4455791.3 3 4
4455791.3 3 4
4455791.3 3 4
4455791.3 3 4
4455791.3 3 3
4455791.3 3 3
4455791.3 3 3
4455791.3 3 3
4455791.3 3 2
4455791.3 3 2
4455791.3 3 2
4455791.3 2 2
4455791.3 2 2
4455791.3 2 2
4455791.3 2 2
4455791.3 2 2
4455791.3 2 2
4455791.3 2 2
4455791.3 2 2
4455791.3 2 2
4455791.3 2 2
4455791.3 2 2
4455791.3 2 2
4455791.3 2 2
4455791.3 2 2
4455791.3 2 2
4455791.3 2 2
4455791.3 2 2
4455791.3 2 2
4455791.3 2 2
4455791.3 2 2
4455791.3 2 2
4455791.3 2 2
4455791.3 2 2
4455791.3 2 1
4455791.3 2 1
4455791.3 2 1
4455791.3 2 1
4455791.3 2 1
4455791.3 2 1
4455791.3 2 1
4455791.3 2 1
4455791.3 2 1
4455791.3 2 1
4455791.3 2 1
4455791.3 2 1
4455791.3 2 1
4455791.3 2 1
4455791.3 1 1
4455791.3 1 1
4455791.3 1 1
4455791.3 1 1
4455791.3 1 1
4455791.3 1 1
4455791.3 1 1
4455791.3 1 1
4455791.3 1 1
4455791.3 1 1
4455791.3 1 1
4455791.3 1 1
4455791.3 1 1
4455791.3 1 1
4455791.3 1 1
4455791.3 1 1
4455791.3 1 1
4455791.3 1 1
4455791.3 1 1
4455791.3 1 1
4455791.3 1 1
4455791.3 1 1
4455791.3 1 1
4455791.3 1 1
4455791.3 1 1
4455791.3 1 1
4455791.3 1 1
4455791.3 1 1
4455791.3 1 1
4455791.3 1 1
4455791.3 1 1
4455791.3 1 1
4455791.3 1 1
4455791.3 1 1
4455791.3 1 1
4455791.3 1 1
4455791.3 1 1
4455791.3 1 1
4455791.3 1 1
4455791.3 1 1
4455791.3 1 1
4455791.3 1 1
4455791.3 1 1
4455791.3 1 1
4455791.3 1 1
4455791.3 1 1
4455791.3 1 1
4455791.3 1 1
4455791.3 1 1
4455791.3 1 1
4455791.3 1 1
4455791.3 1 1
4455791.3 1 1
4455791.3 1 1
4455791.3 1 1
4455791.3 1 1
4455791.3 1 1
4455791.3 1 1
4455791.3 1 1
4455791.3 1 1
4455791.3 1 1
4455791.3 1 1
4455791.3 1 1
4455791.3 1 1
4455791.3 1 1
4455791.3 1 1
4455791.3 1 1
4455791.3 1 1
4455791.3 1 1
4455791.3 1 1
4455791.3 1 1
4455791.3 1 1
4455791.3 1 1
4455791.3 1 1
4455791.3 1 1
4455791.3 1 1
4455791.3 1 1
4455791.3 1 1
4455791.3 1 1
4455791.3 1 1
4455791.3 1 1
4455791.3 1 1
4455791.3 1 1
4455791.3 1 1
4455791.3 1 1
4455791.3 1 1
4455791.3 1 1
4455791.3 1 1
4455791.3 1 1
4455791.3 1 1
4455791.3 1 1
4455791.3 1 1
4455791.3 1 1
4455791.3 1 1
4455791.3 1 1
4455791.3 1 1
4455791.3 1 1
4455791.3 1 1
4455791.3 1 1
4455800.3 243 122
4455800.3 222 108
4455800.3 130 75
4455800.3 80 60
4455800.3 67 60
4455800.3 56 55
4455800.3 53 55
4455800.3 42 44
4455800.3 30 39
4455800.3 28 37
4455800.3 19 37
4455800.3 19 33
4455800.3 19 30
4455800.3 19 29
4455800.3 16 29
4455800.3 15 28
4455800.3 15 26
4455800.3 14 25
4455800.3 13 22
4455800.3 12 22
4455800.3 12 22
4455800.3 11 22
4455800.3 11 19
4455800.3 11 18
4455800.3 11 17
4455800.3 10 17
4455800.3 10 16
4455800.3 10 14
4455800.3 9 14
4455800.3 9 12
4455800.3 8 12
4455800.3 8 12
4455800.3 7 12
4455800.3 7 11
4455800.3 7 11
4455800.3 7 11
4455800.3 7 10
4455800.3 6 9
4455800.3 6 9
4455800.3 6 8
4455800.3 6 8
4455800.3 6 8
4455800.3 6 8
4455800.3 5 8
4455800.3 5 8
4455800.3 5 8
4455800.3 5 8
4455800.3 5 8
4455800.3 5 7
4455800.3 4 7
4455800.3 4 7
4455800.3 4 7
4455800.3 4 7
4455800.3 4 7
4455800.3 4 6
4455800.3 4 6
4455800.3 4 6
4455800.3 4 6
4455800.3 4 6
4455800.3 4 6
4455800.3 3 5
4455800.3 3 5
4455800.3 3 4
4455800.3 3 4
4455800.3 3 4
4455800.3 3 4
4455800.3 3 4
4455800.3 3 4
4455800.3 3 4
4455800.3 3 4
4455800.3 3 4
4455800.3 3 3
4455800.3 3 3
4455800.3 3 3
4455800.3 3 3
4455800.3 3 3
4455800.3 3 3
4455800.3 3 3
4455800.3 2 3
4455800.3 2 3
4455800.3 2 3
4455800.3 2 3
4455800.3 2 3
4455800.3 2 3
4455800.3 2 3
4455800.3 2 3
4455800.3 2 3
4455800.3 2 3
4455800.3 2 3
4455800.3 2 3
4455800.3 2 3
4455800.3 2 3
4455800.3 2 3
4455800.3 2 3
4455800.3 2 3
4455800.3 2 3
4455800.3 2 3
4455800.3 2 3
4455800.3 2 3
4455800.3 2 2
4455800.3 2 2
4455800.3 2 2
4455800.3 2 2
4455800.3 2 2
4455800.3 2 2
4455800.3 2 2
4455800.3 2 2
4455800.3 2 2
4455800.3 2 2
4455800.3 2 1
4455800.3 2 1
4455800.3 2 1
4455800.3 2 1
4455800.3 2 1
4455800.3 2 1
4455800.3 2 1
4455800.3 2 1
4455800.3 2 1
4455800.3 2 1
4455800.3 2 1
4455800.3 1 1
4455800.3 1 1
4455800.3 1 1
4455800.3 1 1
4455800.3 1 1
4455800.3 1 1
4455800.3 1 1
4455800.3 1 1
4455800.3 1 1
4455800.3 1 1
4455800.3 1 1
4455800.3 1 1
4455800.3 1 1
4455800.3 1 1
4455800.3 1 1
4455800.3 1 1
4455800.3 1 1
4455800.3 1 1
4455800.3 1 1
4455800.3 1 1
4455800.3 1 1
4455800.3 1 1
4455800.3 1 1
4455800.3 1 1
4455800.3 1 1
4455800.3 1 1
4455800.3 1 1
4455800.3 1 1
4455800.3 1 1
4455800.3 1 1
4455800.3 1 1
4455800.3 1 1
4455800.3 1 1
4455800.3 1 1
4455800.3 1 1
4455800.3 1 1
4455800.3 1 1
4455800.3 1 1
4455800.3 1 1
4455800.3 1 1
4455800.3 1 1
4455800.3 1 1
4455800.3 1 1
4455800.3 1 1
4455800.3 1 1
4455800.3 1 1
4455800.3 1 1
4455800.3 1 1
4455800.3 1 1
4455800.3 1 1
4455800.3 1 1
4455800.3 1 1
4455800.3 1 1
4455800.3 1 1
4455800.3 1 1
4455800.3 1 1
4455800.3 1 1
4455800.3 1 1
4455800.3 1 1
4455800.3 1 1
4455800.3 1 1
4455800.3 1 1
4455800.3 1 1
4455800.3 1 1
4455800.3 1 1
4455800.3 1 1
4455800.3 1 1
4455800.3 1 1
4455800.3 1 1
4455800.3 1 1
4455800.3 1 1
4455800.3 1 1
4455800.3 1 1
4455800.3 1 1
4455800.3 1 1
4455800.3 1 1
4455800.3 1 1
4455800.3 1 1
4455800.3 1 1
4455800.3 1 1
4455800.3 1 1
4455800.3 1 1
4455800.3 1 1
4455800.3 1 1
4455800.3 1 1
4455800.3 1 1
4455800.3 1 1
4455800.3 1 1
4455800.3 1 1
4455800.3 1 1
4455800.3 1 1
4455800.3 1 1
4455800.3 1 1
4455800.3 1 1
4455800.3 1 1
4455800.3 1 1
4455800.3 1 1
4455800.3 1 1
4455800.3 1 1
4455804.3 224 83
4455804.3 178 81
4455804.3 90 75
4455804.3 70 44
4455804.3 22 41
4455804.3 20 40
4455804.3 19 38
4455804.3 14 38
4455804.3 13 32
4455804.3 13 25
4455804.3 12 24
4455804.3 12 22
4455804.3 11 21
4455804.3 11 21
4455804.3 11 20
4455804.3 11 18
4455804.3 10 18
4455804.3 9 17
4455804.3 8 17
4455804.3 8 17
4455804.3 8 14
4455804.3 7 14
4455804.3 7 14
4455804.3 7 13
4455804.3 7 13
4455804.3 6 12
4455804.3 6 12
4455804.3 6 12
4455804.3 6 12
4455804.3 6 10
4455804.3 6 10
4455804.3 6 10
4455804.3 5 10
4455804.3 5 8
4455804.3 5 7
4455804.3 5 6
4455804.3 4 6
4455804.3 4 6
4455804.3 4 6
4455804.3 4 6
4455804.3 4 6
4455804.3 4 6
4455804.3 4 6
4455804.3 4 5
4455804.3 4 5
4455804.3 4 5
4455804.3 4 5
4455804.3 4 5
4455804.3 3 5
4455804.3 3 5
4455804.3 3 5
4455804.3 3 5
4455804.3 3 4
4455804.3 3 4
4455804.3 3 4
4455804.3 3 4
4455804.3 3 4
4455804.3 3 4
4455804.3 3 3
4455804.3 3 3
4455804.3 3 3
4455804.3 3 3
4455804.3 3 3
4455804.3 3 2
4455804.3 3 2
4455804.3 3 2
4455804.3 3 2
4455804.3 3 2
4455804.3 3 2
4455804.3 3 2
4455804.3 3 1
4455804.3 3 1
4455804.3 3 1
4455804.3 3 1
4455804.3 2 1
4455804.3 2 1
4455804.3 2 1
4455804.3 2 1
4455804.3 2 1
4455804.3 2 1
4455804.3 2 1
4455804.3 2 1
4455804.3 2 1
4455804.3 2 1
4455804.3 2 1
4455804.3 2 1
4455804.3 2 1
4455804.3 2 1
4455804.3 2 1
4455804.3 2 1
4455804.3 2 1
4455804.3 2 1
4455804.3 2 1
4455804.3 2 1
4455804.3 2 1
4455804.3 2 1
4455804.3 2 1
4455804.3 1 1
4455804.3 1 1
4455804.3 1 1
4455804.3 1 1
4455804.3 1 1
4455804.3 1 1
4455804.3 1 1
4455804.3 1 1
4455804.3 1 1
4455804.3 1 1
4455804.3 1 1
4455804.3 1 1
4455804.3 1 1
4455804.3 1 1
4455804.3 1 1
4455804.3 1 1
4455804.3 1 1
4455804.3 1 1
4455804.3 1 1
4455804.3 1 1
4455804.3 1 1
4455804.3 1 1
4455804.3 1 1
4455804.3 1 1
4455804.3 1 1
4455804.3 1 1
4455804.3 1 1
4455804.3 1 1
4455804.3 1 1
4455804.3 1 1
4455804.3 1 1
4455804.3 1 1
4455804.3 1 1
4455804.3 1 1
4455804.3 1 1
4455804.3 1 1
4455804.3 1 1
4455804.3 1 1
4455804.3 1 1
4455804.3 1 1
4455804.3 1 1
4455804.3 1 1
4455804.3 1 1
4455804.3 1 1
4455804.3 1 1
4455804.3 1 1
4455804.3 1 1
4455804.3 1 1
4455804.3 1 1
4455804.3 1 1
4455804.3 1 1
4455804.3 1 1
4455804.3 1 1
4455804.3 1 1
4455804.3 1 1
4455804.3 1 1
4455804.3 1 1
4455804.3 1 1
4455804.3 1 1
4455804.3 1 1
4455804.3 1 1
4455804.3 1 1
4455804.3 1 1
4455804.3 1 1
4455804.3 1 1
4455804.3 1 1
4455804.3 1 1
4455804.3 1 1
4455804.3 1 1
4455804.3 1 1
4455804.3 1 1
4455804.3 1 1
4455804.3 1 1
4455804.3 1 1
4455804.3 1 1
4455804.3 1 1
4455804.3 1 1
4455804.3 1 1
4455804.3 1 1
4455804.3 1 1
4455804.3 1 1
4455804.3 1 1
4455804.3 1 1
4455804.3 1 1
4455804.3 1 1
4455804.3 1 1
4455804.3 1 1
4455804.3 1 1
4455804.3 1 1
4455804.3 1 1
4455804.3 1 1
4455804.3 1 1
4455804.3 1 1
4455804.3 1 1
4455804.3 1 1
4455804.3 1 1
4455804.3 1 1
4455813.3 236 129
4455813.3 194 67
4455813.3 118 62
4455813.3 114 52
4455813.3 83 48
4455813.3 42 47
4455813.3 35 45
4455813.3 34 45
4455813.3 20 41
4455813.3 18 40
4455813.3 18 38
4455813.3 17 37
4455813.3 16 35
4455813.3 15 32
4455813.3 14 27
4455813.3 14 23
4455813.3 11 22
4455813.3 10 22
4455813.3 10 21
4455813.3 9 20
4455813.3 9 20
4455813.3 8 18
4455813.3 8 18
4455813.3 8 17
4455813.3 8 17
4455813.3 8 16
4455813.3 7 15
4455813.3 7 15
4455813.3 7 14
4455813.3 7 12
4455813.3 6 12
4455813.3 6 12
4455813.3 6 12
4455813.3 6 12
4455813.3 6 10
4455813.3 6 10
4455813.3 5 9
4455813.3 5 7
4455813.3 4 7
4455813.3 4 7
4455813.3 4 7
4455813.3 4 7
4455813.3 4 7
4455813.3 4 7
4455813.3 4 7
4455813.3 4 7
4455813.3 4 6
4455813.3 4 6
4455813.3 4 6
4455813.3 4 5
4455813.3 4 5
4455813.3 3 5
4455813.3 3 5
4455813.3 3 5
4455813.3 3 4
4455813.3 3 4
4455813.3 3 4
4455813.3 3 4
4455813.3 3 4
4455813.3 3 3
4455813.3 3 3
4455813.3 3 3
4455813.3 3 3
4455813.3 3 3
4455813.3 3 3
4455813.3 3 3
4455813.3 3 3
4455813.3 2 3
4455813.3 2 3
4455813.3 2 3
4455813.3 2 3
4455813.3 2 3
4455813.3 2 3
4455813.3 2 2
4455813.3 2 2
4455813.3 2 2
4455813.3 2 2
4455813.3 2 2
4455813.3 2 2
4455813.3 2 2
4455813.3 2 2
4455813.3 2 2
4455813.3 2 2
4455813.3 2 2
4455813.3 2 2
4455813.3 2 2
4455813.3 2 2
4455813.3 2 2
4455813.3 2 2
4455813.3 2 2
4455813.3 2 2
4455813.3 2 2
4455813.3 2 2
4455813.3 1 2
4455813.3 1 2
4455813.3 1 2
4455813.3 1 1
4455813.3 1 1
4455813.3 1 1
4455813.3 1 1
4455813.3 1 1
4455813.3 1 1
4455813.3 1 1
4455813.3 1 1
4455813.3 1 1
4455813.3 1 1
4455813.3 1 1
4455813.3 1 1
4455813.3 1 1
4455813.3 1 1
4455813.3 1 1
4455813.3 1 1
4455813.3 1 1
4455813.3 1 1
4455813.3 1 1
4455813.3 1 1
4455813.3 1 1
4455813.3 1 1
4455813.3 1 1
4455813.3 1 1
4455813.3 1 1
4455813.3 1 1
4455813.3 1 1
4455813.3 1 1
4455813.3 1 1
4455813.3 1 1
4455813.3 1 1
4455813.3 1 1
4455813.3 1 1
4455813.3 1 1
4455813.3 1 1
4455813.3 1 1
4455813.3 1 1
4455813.3 1 1
4455813.3 1 1
4455813.3 1 1
4455813.3 1 1
4455813.3 1 1
4455813.3 1 1
4455813.3 1 1
4455813.3 1 1
4455813.3 1 1
4455813.3 1 1
4455813.3 1 1
4455813.3 1 1
4455813.3 1 1
4455813.3 1 1
4455813.3 1 1
4455813.3 1 1
4455813.3 1 1
4455813.3 1 1
4455813.3 1 1
4455813.3 1 1
4455813.3 1 1
4455813.3 1 1
4455813.3 1 1
4455813.3 1 1
4455813.3 1 1
4455813.3 1 1
4455813.3 1 1
4455813.3 1 1
4455813.3 1 1
4455813.3 1 1
4455813.3 1 1
4455813.3 1 1
4455813.3 1 1
4455813.3 1 1
4455813.3 1 1
4455813.3 1 1
4455813.3 1 1
4455813.3 1 1
4455813.3 1 1
4455813.3 1 1
4455813.3 1 1
4455813.3 1 1
4455813.3 1 1
4455813.3 1 1
4455813.3 1 1
4455813.3 1 1
4455813.3 1 1
4455813.3 1 1
4455813.3 1 1
4455813.3 1 1
4455813.3 1 1
4455813.3 1 1
4455813.3 1 1
4455813.3 1 1
4455813.3 1 1
4455813.3 1 1
4455813.3 1 1
4455813.3 1 1
4455813.3 1 1
4455813.3 1 1
4455814.3 151 81
4455814.3 127 73
4455814.3 82 48
4455814.3 69 34
4455814.3 30 29
4455814.3 22 27
4455814.3 15 26
4455814.3 13 21
4455814.3 12 21
4455814.3 11 19
4455814.3 10 19
4455814.3 9 16
4455814.3 7 16
4455814.3 7 15
4455814.3 6 14
4455814.3 6 14
4455814.3 6 11
4455814.3 5 11
4455814.3 5 11
4455814.3 5 10
4455814.3 4 10
4455814.3 4 9
4455814.3 4 9
4455814.3 4 9
4455814.3 4 9
4455814.3 4 7
4455814.3 3 7
4455814.3 3 7
4455814.3 3 6
4455814.3 3 6
4455814.3 3 6
4455814.3 3 6
4455814.3 3 6
4455814.3 2 5
4455814.3 2 5
4455814.3 2 4
4455814.3 2 4
4455814.3 2 4
4455814.3 2 4
4455814.3 2 4
4455814.3 2 3
4455814.3 2 3
4455814.3 2 3
4455814.3 2 3
4455814.3 2 3
4455814.3 2 3
4455814.3 2 3
4455814.3 2 3
4455814.3 2 3
4455814.3 2 2
4455814.3 2 2
4455814.3 2 2
4455814.3 1 2
4455814.3 1 2
4455814.3 1 2
4455814.3 1 2
4455814.3 1 2
4455814.3 1 1
4455814.3 1 1
4455814.3 1 1
4455814.3 1 1
4455814.3 1 1
4455814.3 1 1
4455814.3 1 1
4455814.3 1 1
4455814.3 1 1
4455814.3 1 1
4455814.3 1 1
4455814.3 1 1
4455814.3 1 1
4455814.3 1 1
4455814.3 1 1
4455814.3 1 1
4455814.3 1 1
4455814.3 1 1
4455814.3 1 1
4455814.3 1 1
4455814.3 1 1
4455814.3 1 1
4455814.3 1 1
4455814.3 1 1
4455814.3 1 1
4455814.3 1 1
4455814.3 1 1
4455814.3 1 1
4455814.3 1 1
4455814.3 1 1
4455814.3 1 1
4455814.3 1 1
4455814.3 1 1
4455814.3 1 1
4455814.3 1 1
4455814.3 1 1
4455814.3 1 1
4455814.3 1 1
4455814.3 1 1
4455814.3 1 1
4455814.3 1 1
4455814.3 1 1
4455814.3 1 1
4455814.3 1 1
4455814.3 1 1
4455814.3 1 1
4455815.3 440 130
4455815.3 167 123
4455815.3 82 72
4455815.3 66 72
4455815.3 64 55
4455815.3 45 52
4455815.3 45 44
4455815.3 43 44
4455815.3 41 41
4455815.3 32 40
4455815.3 31 40
4455815.3 28 39
4455815.3 20 37
4455815.3 20 33
4455815.3 17 32
4455815.3 17 32
4455815.3 16 28
4455815.3 15 28
4455815.3 13 25
4455815.3 12 24
4455815.3 12 24
4455815.3 12 24
4455815.3 11 23
4455815.3 11 22
4455815.3 10 22
4455815.3 10 20
4455815.3 10 19
4455815.3 9 19
4455815.3 9 17
4455815.3 8 16
4455815.3 8 16
4455815.3 8 16
4455815.3 8 16
4455815.3 8 16
4455815.3 8 16
4455815.3 8 16
4455815.3 8 14
4455815.3 8 12
4455815.3 7 12
4455815.3 7 11
4455815.3 7 11
4455815.3 7 10
4455815.3 7 10
4455815.3 6 10
4455815.3 6 9
4455815.3 6 8
4455815.3 6 7
4455815.3 6 7
4455815.3 6 7
4455815.3 5 7
4455815.3 5 7
4455815.3 5 7
4455815.3 5 7
4455815.3 5 7
4455815.3 5 7
4455815.3 4 7
4455815.3 4 6
4455815.3 4 5
4455815.3 4 5
4455815.3 4 5
4455815.3 4 5
4455815.3 3 5
4455815.3 3 5
4455815.3 3 5
4455815.3 3 5
4455815.3 3 4
4455815.3 3 4
4455815.3 3 4
4455815.3 3 4
4455815.3 3 4
4455815.3 3 4
4455815.3 3 4
4455815.3 3 4
4455815.3 3 3
4455815.3 3 3
4455815.3 3 3
4455815.3 3 3
4455815.3 3 3
4455815.3 3 3
4455815.3 3 3
4455815.3 3 3
4455815.3 2 2
4455815.3 2 2
4455815.3 2 2
4455815.3 2 2
4455815.3 2 2
4455815.3 2 2
4455815.3 2 2
4455815.3 2 2
4455815.3 2 2
4455815.3 2 2
4455815.3 2 2
4455815.3 2 2
4455815.3 2 2
4455815.3 2 2
4455815.3 2 2
4455815.3 2 2
4455815.3 2 2
4455815.3 2 2
4455815.3 2 2
4455815.3 2 2
4455815.3 2 2
4455815.3 2 2
4455815.3 2 2
4455815.3 2 2
4455815.3 2 2
4455815.3 2 2
4455815.3 2 2
4455815.3 2 2
4455815.3 2 2
4455815.3 2 2
4455815.3 2 2
4455815.3 2 2
4455815.3 2 2
4455815.3 2 2
4455815.3 2 2
4455815.3 2 1
4455815.3 2 1
4455815.3 2 1
4455815.3 2 1
4455815.3 2 1
4455815.3 2 1
4455815.3 2 1
4455815.3 1 1
4455815.3 1 1
4455815.3 1 1
4455815.3 1 1
4455815.3 1 1
4455815.3 1 1
4455815.3 1 1
4455815.3 1 1
4455815.3 1 1
4455815.3 1 1
4455815.3 1 1
4455815.3 1 1
4455815.3 1 1
4455815.3 1 1
4455815.3 1 1
4455815.3 1 1
4455815.3 1 1
4455815.3 1 1
4455815.3 1 1
4455815.3 1 1
4455815.3 1 1
4455815.3 1 1
4455815.3 1 1
4455815.3 1 1
4455815.3 1 1
4455815.3 1 1
4455815.3 1 1
4455815.3 1 1
4455815.3 1 1
4455815.3 1 1
4455815.3 1 1
4455815.3 1 1
4455815.3 1 1
4455815.3 1 1
4455815.3 1 1
4455815.3 1 1
4455815.3 1 1
4455815.3 1 1
4455815.3 1 1
4455815.3 1 1
4455815.3 1 1
4455815.3 1 1
4455815.3 1 1
4455815.3 1 1
4455815.3 1 1
4455815.3 1 1
4455815.3 1 1
4455815.3 1 1
4455815.3 1 1
4455815.3 1 1
4455815.3 1 1
4455815.3 1 1
4455815.3 1 1
4455815.3 1 1
4455815.3 1 1
4455815.3 1 1
4455815.3 1 1
4455815.3 1 1
4455815.3 1 1
4455815.3 1 1
4455815.3 1 1
4455815.3 1 1
4455815.3 1 1
4455815.3 1 1
4455815.3 1 1
4455815.3 1 1
4455815.3 1 1
4455815.3 1 1
4455815.3 1 1
4455815.3 1 1
4455815.3 1 1
4455815.3 1 1
4455815.3 1 1
4455815.3 1 1
4455815.3 1 1
4455815.3 1 1
4455815.3 1 1
4455815.3 1 1
4455815.3 1 1
4455815.3 1 1
4455815.3 1 1
4455815.3 1 1
4455815.3 1 1
4455815.3 1 1
4455815.3 1 1
4455815.3 1 1
4455815.3 1 1
4455815.3 1 1
4455815.3 1 1
4455815.3 1 1
4455815.3 1 1
4455817.3 366 113
4455817.3 223 111
4455817.3 214 90
4455817.3 206 84
4455817.3 148 73
4455817.3 36 66
4455817.3 35 60
4455817.3 24 57
4455817.3 24 55
4455817.3 19 49
4455817.3 18 47
4455817.3 17 38
4455817.3 16 37
4455817.3 16 37
4455817.3 13 31
4455817.3 12 31
4455817.3 12 31
4455817.3 11 31
4455817.3 10 28
4455817.3 10 26
4455817.3 10 26
4455817.3 10 23
4455817.3 10 23
4455817.3 9 22
4455817.3 8 19
4455817.3 8 19
4455817.3 8 18
4455817.3 7 17
4455817.3 7 17
4455817.3 7 17
4455817.3 7 17
4455817.3 7 17
4455817.3 7 17
4455817.3 7 17
4455817.3 7 16
4455817.3 7 16
4455817.3 7 14
4455817.3 6 12
4455817.3 6 11
4455817.3 6 11
4455817.3 6 10
4455817.3 5 10
4455817.3 5 10
4455817.3 5 9
4455817.3 5 9
4455817.3 5 9
4455817.3 4 8
4455817.3 4 8
4455817.3 4 8
4455817.3 4 8
4455817.3 4 8
4455817.3 4 7
4455817.3 4 7
4455817.3 4 7
4455817.3 4 7
4455817.3 4 7
4455817.3 4 7
4455817.3 4 7
4455817.3 4 6
4455817.3 4 6
4455817.3 4 6
4455817.3 4 6
4455817.3 4 6
4455817.3 4 6
4455817.3 3 6
4455817.3 3 6
4455817.3 3 6
4455817.3 3 6
4455817.3 3 6
4455817.3 3 6
4455817.3 3 6
4455817.3 3 5
4455817.3 3 4
4455817.3 3 4
4455817.3 3 4
4455817.3 3 3
4455817.3 3 3
4455817.3 3 3
4455817.3 3 3
4455817.3 3 3
4455817.3 2 3
4455817.3 2 3
4455817.3 2 3
4455817.3 2 3
4455817.3 2 3
4455817.3 2 3
4455817.3 2 3
4455817.3 2 3
4455817.3 2 3
4455817.3 2 3
4455817.3 2 3
4455817.3 2 3
4455817.3 2 3
4455817.3 2 3
4455817.3 2 3
4455817.3 2 3
4455817.3 2 3
4455817.3 2 3
4455817.3 2 2
4455817.3 2 2
4455817.3 2 2
4455817.3 2 2
4455817.3 2 2
4455817.3 2 2
4455817.3 2 2
4455817.3 2 2
4455817.3 2 2
4455817.3 2 2
4455817.3 2 2
4455817.3 2 2
4455817.3 2 2
4455817.3 1 2
4455817.3 1 2
4455817.3 1 2
4455817.3 1 2
4455817.3 1 2
4455817.3 1 2
4455817.3 1 2
4455817.3 1 2
4455817.3 1 2
4455817.3 1 2
4455817.3 1 2
4455817.3 1 2
4455817.3 1 2
4455817.3 1 2
4455817.3 1 1
4455817.3 1 1
4455817.3 1 1
4455817.3 1 1
4455817.3 1 1
4455817.3 1 1
4455817.3 1 1
4455817.3 1 1
4455817.3 1 1
4455817.3 1 1
4455817.3 1 1
4455817.3 1 1
4455817.3 1 1
4455817.3 1 1
4455817.3 1 1
4455817.3 1 1
4455817.3 1 1
4455817.3 1 1
4455817.3 1 1
4455817.3 1 1
4455817.3 1 1
4455817.3 1 1
4455817.3 1 1
4455817.3 1 1
4455817.3 1 1
4455817.3 1 1
4455817.3 1 1
4455817.3 1 1
4455817.3 1 1
4455817.3 1 1
4455817.3 1 1
4455817.3 1 1
4455817.3 1 1
4455817.3 1 1
4455817.3 1 1
4455817.3 1 1
4455817.3 1 1
4455817.3 1 1
4455817.3 1 1
4455817.3 1 1
4455817.3 1 1
4455817.3 1 1
4455817.3 1 1
4455817.3 1 1
4455817.3 1 1
4455817.3 1 1
4455817.3 1 1
4455817.3 1 1
4455817.3 1 1
4455817.3 1 1
4455817.3 1 1
4455817.3 1 1
4455817.3 1 1
4455817.3 1 1
4455817.3 1 1
4455817.3 1 1
4455817.3 1 1
4455817.3 1 1
4455817.3 1 1
4455817.3 1 1
4455817.3 1 1
4455817.3 1 1
4455817.3 1 1
4455817.3 1 1
4455817.3 1 1
4455817.3 1 1
4455817.3 1 1
4455817.3 1 1
4455817.3 1 1
4455817.3 1 1
4455817.3 1 1
4455817.3 1 1
4455817.3 1 1
4455817.3 1 1
4455817.3 1 1
4455819.3 39 19
4455819.3 12 11
4455819.3 6 8
4455819.3 4 8
4455819.3 3 6
4455819.3 3 4
4455819.3 2 4
4455819.3 2 4
4455819.3 2 3
4455819.3 1 3
4455819.3 1 2
4455819.3 1 2
4455819.3 1 2
4455819.3 1 2
4455819.3 1 1
4455819.3 1 1
4455819.3 1 1
4455819.3 1 1
4455819.3 1 1
4455819.3 1 1
4455819.3 1 1
4455819.3 1 1
4455819.3 1 1
4455819.3 1 1
4455819.3 1 1
