LAUB micro 1764.0 232 835.746827885 0.427966656832 0.065 0.19698810154 0.32817264837 -0.0134825883016 0.673274390582 0.165108872801 0.170634920635 0.933647117199 301.0 27.664399093 7.07023965287 2.0434350789 486.144072604 458.388073682 359 455 30.9016076314 5.52380952381 0.151221261075 2239.18217724
LAUB micro 1348.0 288 215.054394115 0.519336340611 0.0927 0.210560113023 0.473108308605 -0.010112489651 0.794614818303 0.310124174268 0.157270029674 0.962561306342 212.0 20.7715133531 10.7344050862 1.53510339728 511.30851628 518.026990815 431 529 39.8258359772 7.84417983412 0.139376934863 6161.51921591
LAUB micro 1769.0 181 1604.8650706 0.394726792336 0.0565 0.180524456828 0.316572399427 -0.0189583896345 0.628869993297 0.140498562012 0.19841718485 0.902163732468 351.0 36.6873940079 6.86998954854 1.88046606525 278.521794872 320.383147896 267 316 24.0700609055 4.30342916101 0.175842647325 490.338843149
LAUB micro 952.0 289 37.3263888889 0.588630786093 0.2258 0.235725372847 0.5456623826 -0.00891389454971 0.872590449223 0.484015257806 0.0745798319328 0.984678430196 71.0 11.974789916 6.49832206609 1.45818399475 497.732531197 550.732241153 443 541 41.9912909682 9.36654380533 0.0660946551546 2.34131465104e+13
LAUB micro 1272.0 200 362.492864322 0.430890920135 0.1008 0.185918214689 0.405628930818 -0.0166314400404 0.750462192281 0.262881181885 0.146226415094 0.950416073336 186.0 26.6509433962 7.07633470568 1.51209228426 329.461778127 386.23067077 299 361 27.8386086977 5.60772154092 0.129589786269 17467.6616607
LAUB micro 1630.0 367 173.744509462 0.556124354157 0.1022 0.214935393071 0.519912739673 -0.00776160146515 0.828059788345 0.360526232515 0.120858895706 0.973341111822 197.0 20.0 11.1758344242 1.35131566096 505.905093625 538.436713734 517 587 49.4839654317 9.09017537474 0.107108407555 583155.65297
LAUB micro 59.0 23 7.07509881423 0.659566849344 0.493 0.255499699268 0.626381724392 -0.10245335555 0.877787529032 0.667209799919 0.169491525424 0.911806952025 10.0 33.8983050847 1.96314233235 1.03367053961 45.6699507389 48.4737631184 36 46 5.39541335982 2.99434495256 0.150207953456 2420.41748578
LAUB micro 1528.0 348 94.1811255755 0.525671685582 0.1703 0.204894207805 0.52034813745 -0.00861791704976 0.852721944428 0.42069374131 0.0778795811518 0.983129060333 119.0 13.219895288 7.58483990421 1.20557441625 550.545779279 560.354767799 505 602 47.3286265809 8.90261447568 0.0690189817597 2.29198732085e+12
LAUB micro 1155.0 329 141.555526725 0.641664362032 0.0803 0.249255444907 0.565570599613 -0.0073623778959 0.828591902899 0.368361820423 0.17316017316 0.962155881636 200.0 22.683982684 14.2618147028 1.58100532201 455.440760864 487.548217528 473 536 46.5125801686 9.68065863024 0.153459207845 1895.228537
LAUB micro 1365.0 236 324.842463036 0.467495992479 0.0937 0.195980899927 0.425901781834 -0.0133267247041 0.759555850958 0.265699654545 0.150915750916 0.954791826001 206.0 23.36996337 7.8538804475 1.58354583621 372.185791316 417.365134744 349 416 32.5533923429 6.38771715114 0.133745601936 10926.6782556
LAUB micro 1404.0 380 190.122927371 0.616038581845 0.0672 0.245636007114 0.525873444294 -0.00647844865576 0.808999736618 0.319768906458 0.174501424501 0.9608140356 245.0 23.5042735043 14.8423937863 1.7589604925 568.374169636 621.445275006 562 657 52.2969208879 10.141449741 0.154647860887 1739.36382029
LAUB micro 1086.0 255 120.452431681 0.540123652588 0.1313 0.219406953827 0.490911060557 -0.0109244961185 0.813035036501 0.352323569017 0.104051565378 0.970137256697 113.0 19.8895027624 7.33251894423 1.62685084487 402.755102041 428.825170058 380 453 36.3362918059 7.73793839519 0.0922132988731 26206429.1062
LAUB micro 1626.0 347 177.002198864 0.540216375504 0.1106 0.210404276655 0.51234265945 -0.00839976876497 0.817898380638 0.342774712977 0.0959409594096 0.973954149136 156.0 16.6666666667 8.30135467045 1.37156488092 518.41250636 518.914700867 495 580 46.795468687 8.60536318366 0.0850254614826 342535535.094
LAUB micro 1342.0 298 132.944433146 0.533101971796 0.1327 0.213890917348 0.488587603397 -0.00960916415329 0.817022902825 0.350414322311 0.0894187779434 0.974720205401 120.0 16.0953800298 6.80996435136 1.55163184186 440.431715311 481.322600298 434 506 41.2390240188 8.13467124745 0.0792453286545 4531993692.83
LAUB micro 1373.0 165 729.987657058 0.406229401779 0.0871 0.184005788643 0.340674038271 -0.0203811825624 0.681113230705 0.191378204171 0.14420975965 0.930432877538 198.0 25.6372906045 5.2129899377 1.85575690113 235.304369487 280.879664365 240 276 22.6997366954 4.45295878624 0.127802571915 21664.5454871
LAUB micro 1028.0 195 169.714406556 0.460787686554 0.1413 0.192627705629 0.446288536366 -0.0164279104629 0.79751206477 0.340409367931 0.135214007782 0.963716331814 139.0 21.8871595331 7.10927720715 1.40333287074 342.953447396 353.448352964 292 358 27.9725504946 6.08188290013 0.119830294395 63505.6693168
LAUB micro 850.0 305 86.4314063848 0.689644984857 0.0827 0.28686120488 0.578322082932 -0.00677700716735 0.836946811589 0.391488802153 0.183529411765 0.96035432526 156.0 21.7647058824 14.8988386437 1.99945859882 493.517086821 597.331225725 473 567 45.0688432916 10.4614136937 0.162648706046 1021.35088344
LAUB micro 86.0 24 15.2971014493 0.548821241636 0.4669 0.206933153643 0.589147286822 -0.123638766991 0.856779548765 0.618446959751 0.174418604651 0.910762574365 15.0 32.5581395349 1.68326604332 0.685376618501 50.7105882353 41.0148243956 36 46 5.16349500169 2.58798655688 0.154574463707 1748.5114043
LAUB micro 1490.0 305 461.39797239 0.537218430598 0.0493 0.213652038543 0.473979535702 -0.00939995631138 0.7596863864 0.250465862702 0.241610738255 0.933541732354 360.0 28.5906040268 15.0431751738 1.53295968166 479.221274856 497.598005126 447 532 41.6066096758 7.9014483423 0.214120936821 113.682164872
LAUB micro 1159.0 302 93.5583045478 0.580583661966 0.1364 0.221275552255 0.566628001988 -0.00913987289292 0.854327858729 0.433367015609 0.125107851596 0.975724364448 145.0 16.9974115617 11.2381300677 1.17252443362 501.18238342 472.383867551 440 531 42.6628849328 8.87084978124 0.11087394667 280006.08759
LAUB micro 1606.0 151 1771.40644592 0.391826474863 0.0604 0.179741984432 0.306796532869 -0.0228293829196 0.618955208331 0.142131599695 0.221668742217 0.890358230112 356.0 38.4184308842 6.48223567777 1.94245483915 192.254603461 221.43960077 210 228 20.3210677371 3.76794172022 0.196448689204 202.775461305
LAUB micro 1323.0 336 151.760261194 0.574931984798 0.0929 0.229038028321 0.514030612245 -0.00791239774311 0.814559421865 0.338057543918 0.128495842782 0.967978020132 170.0 22.2222222222 10.5472401535 1.5781396278 556.259508145 586.973778223 505 610 46.6076765142 9.23760430703 0.113876475682 163962.384485
LAUB micro 1202.0 273 103.278226675 0.527230753854 0.1585 0.208948977096 0.506801850396 -0.0107566744533 0.834870454127 0.393799896216 0.0915141430948 0.976893751678 110.0 16.7221297837 7.11282689784 1.37249588425 403.467516386 442.069687484 397 463 38.3544685615 7.87427201294 0.0811022976704 1862920707.84
LAUB micro 1378.0 287 155.670207841 0.507395907368 0.1294 0.204814468113 0.479005577947 -0.0104539631599 0.811667504608 0.342137795091 0.0957910014514 0.973069445 132.0 17.4891146589 7.09772028843 1.45591886132 476.41580756 478.375252498 423 511 39.5662189319 7.73138477862 0.0848925647023 361405304.361
LAUB micro 1058.0 317 75.274947091 0.622339229935 0.1293 0.250977632137 0.547178474951 -0.0075828584797 0.839695574869 0.395347359479 0.0916824196597 0.975595070058 97.0 18.1474480151 8.57053752609 1.76946966588 515.729188155 564.739609307 480 577 45.375336953 9.74577607114 0.0812514288931 1739045478.82
LAUB micro 1616.0 321 274.67694704 0.518226534144 0.0847 0.203412661395 0.491477360353 -0.0094157546838 0.797252284462 0.308166229493 0.134900990099 0.963226644447 218.0 24.504950495 10.4535602963 1.33058699942 472.132892909 501.998872186 460 536 43.3151860264 7.98517345144 0.119552889696 66175.5209359
LAUB micro 1403.0 193 651.656196028 0.426638913747 0.0754 0.189178674058 0.367074256128 -0.016919872872 0.693726410123 0.195354399404 0.168210976479 0.931255648597 236.0 30.6486101212 6.76306235433 1.77465590183 379.925685678 365.426847123 293 367 26.4960319263 5.1526242544 0.149073096505 2645.57107218
LAUB micro 1327.0 266 193.037608171 0.521501050173 0.1146 0.210587370993 0.47208639534 -0.0109473348856 0.793139739878 0.312471741875 0.110776186888 0.967190613591 147.0 19.2162773173 6.980819321 1.63042847802 365.728696809 406.749575089 379 429 36.8532803779 7.30207308157 0.0981728395189 4666772.48854
LAUB micro 58.0 14 81.2087912088 0.48668545839 0.1854 0.229787113848 0.435960591133 -0.18922156974 0.59763333899 0.295486612977 0.603448275862 0.614744351962 35.0 70.6896551724 3.17155147539 2.09151722178 105.578947368 44.9090909091 24 34 3.20162109559 1.83829006004 0.506481381155 5.5893765594
LAUB micro 1210.0 353 59.1204770796 0.605814436902 0.1662 0.237494013378 0.555678599021 -0.00723810498186 0.865340836476 0.452305196654 0.0884297520661 0.982953350181 107.0 14.132231405 9.12953003811 1.46697985236 519.137303557 581.278908174 520 604 49.5888098802 10.1480364913 0.0783688272921 7046409255.92
LAUB micro 1740.0 214 1116.20815234 0.414753812107 0.0562 0.177619937599 0.383789880761 -0.0163115915898 0.69678456153 0.192736796469 0.252873563218 0.916798784516 440.0 34.8850574713 10.7892114057 1.50520286199 310.408348273 341.265598568 305 354 28.546001791 5.13025732589 0.224100628961 86.4628153316
LAUB micro 1479.0 322 108.435217972 0.524572982758 0.1633 0.204868921208 0.516367866487 -0.0093150066821 0.843354372024 0.402866176823 0.0885733603786 0.980981887054 131.0 13.1845841785 7.4334475167 1.2761301643 476.087654749 480.320641502 459 536 43.9778953727 8.37282057663 0.0784960968454 6603033594.15
LAUB micro 1401.0 271 279.304414377 0.506825923284 0.0876 0.215896631308 0.424304200215 -0.0104605363525 0.75222397411 0.246776878874 0.112062812277 0.957889261316 157.0 21.9842969308 6.99423566962 1.92390935647 463.810891089 495.575640194 411 501 37.2673814237 7.24019433372 0.0993130815818 3470815.9812
LAUB micro 62.0 29 5.05172413793 0.719534402061 0.4838 0.301461337396 0.656284760845 -0.0672939039377 0.89069723011 0.681082113002 0.161290322581 0.928720083247 10.0 27.4193548387 2.28366138249 1.49685625633 52.9243379571 73.5982251727 47 59 6.78436837469 3.68300368301 0.142939826685 4431.25822699
LAUB micro 1366.0 354 101.407755958 0.585734698564 0.1283 0.227228185671 0.546426119397 -0.00757535809869 0.847585673375 0.407110578582 0.11420204978 0.977990906538 156.0 16.1054172767 11.0175269539 1.41805038685 516.400767018 536.96073035 510 592 48.8943908905 9.57806791926 0.101208931457 2167367.76016
LAUB micro 1083.0 297 33.1955364455 0.567612116311 0.2867 0.218307343341 0.563753882313 -0.00943081206128 0.88640672229 0.522125866153 0.0406278855032 0.988255495618 44.0 7.94090489381 4.23946127183 1.15137494171 490.936649303 490.828759394 436 526 42.3614186978 9.02489631312 -0.0360055260572 -8.51638554915e+41
LAUB micro 2116.0 334 573.394724065 0.470851376436 0.0656 0.195797210526 0.413875462685 -0.0094259058698 0.742849652728 0.222068210726 0.162570888469 0.954361137217 344.0 23.8185255198 10.2370265276 1.6339405704 540.872540626 533.112555359 486 583 43.4880112179 7.26086956522 0.144074698654 4008.93981863
LAUB micro 1448.0 224 456.868673927 0.469739880654 0.0841 0.193243434805 0.424625098658 -0.0142526058013 0.738686433446 0.239741451458 0.132596685083 0.946944346937 192.0 25.2071823204 6.96971458218 1.5748356709 331.664715531 335.007081554 319 373 30.6405444021 5.88658930975 0.117510752546 90392.5462619
LAUB micro 1883.0 200 1427.16861809 0.410636425984 0.0588 0.180222186355 0.339641529474 -0.0171877202504 0.649249308808 0.151682112978 0.194370685077 0.914900883862 366.0 31.2798725438 6.90288329198 1.76476994646 324.383516354 320.135182871 289 347 26.3903975612 4.60898012825 0.172256532454 589.412517681
LAUB micro 1098.0 307 43.8723893466 0.575683085755 0.2263 0.225012591377 0.550556831194 -0.00882883882142 0.8729449932 0.481365676346 0.0610200364299 0.985607214309 67.0 11.2932604736 5.90935165596 1.32388128322 489.414066914 528.101556087 456 545 43.7065083155 9.26482467835 0.0540775992763 2.25591341671e+19
LAUB micro 31.0 17 1.52941176471 0.809096187711 0.6979 0.337807571939 0.734345351044 -0.100251528499 0.934886037749 0.821006062868 0.161290322581 0.915712799168 5.0 29.0322580645 1.36409143515 0.90564827927 30.2857142857 30.2501889645 27 34 4.65930681952 3.05329013446 0.142939826685 4431.25822699
LAUB micro 89.0 25 60.2566666667 0.552511092279 0.1797 0.244680316714 0.474606741573 -0.0988979606785 0.69723749582 0.351416955436 0.438202247191 0.777427092539 39.0 57.3033707865 4.0774548053 2.07440349153 59.6753246753 60.9437123073 41 54 5.34683543578 2.64999470002 0.384181781908 10.4103848535
LAUB micro 1134.0 304 168.580467257 0.598281261968 0.0765 0.235082129976 0.531850459482 -0.00849951144744 0.817131077167 0.34938755143 0.190476190476 0.956989197142 216.0 23.1922398589 14.6234682777 1.52696710128 458.66193363 502.726780533 450 528 43.0795081624 9.02749083793 0.168805127584 710.941104055
LAUB micro 1318.0 343 83.6476565564 0.568028239717 0.1504 0.222129045938 0.536367939762 -0.00801378748938 0.852186396152 0.420248149332 0.097875569044 0.980616236953 129.0 14.7192716237 9.29695178424 1.36979581343 541.69210612 569.568717679 506 603 47.6066473862 9.44792451777 0.0867399646308 175228241.966
LAUB micro 1413.0 259 266.87689683 0.488441960236 0.1007 0.203882280709 0.433019917096 -0.0116409164195 0.767394459222 0.271758268254 0.12101910828 0.961652715233 171.0 19.6036801132 6.85555478051 1.69608703251 404.792499794 446.33205874 382 454 35.5691808732 6.89015010257 0.107250392252 566471.213885
LAUB micro 1614.0 219 636.298353651 0.426299241054 0.079 0.183851122715 0.382797779702 -0.0153693517751 0.718349872748 0.215604693099 0.150557620818 0.942184940015 243.0 28.8104089219 7.34899202943 1.62028211576 333.211939754 364.519861379 318 375 29.513417769 5.4512029299 0.133428217401 11308.6281954
LAUB micro 1930.0 392 476.295918367 0.541454770142 0.0485 0.213213776541 0.478732684784 -0.00732996478717 0.77634615706 0.261142931949 0.212435233161 0.947452549062 410.0 26.1658031088 16.6337398527 1.4898455549 536.995762259 603.443338109 558 630 51.6835125531 8.92292849068 0.188265787367 278.963939552
LAUB micro 913.0 117 784.348953728 0.427192338644 0.0726 0.187001283839 0.366332462718 -0.0282553752266 0.648720919134 0.180708442395 0.224534501643 0.882302484857 205.0 44.0306681271 6.15960408235 1.78230905131 196.060953666 204.487746969 173 210 17.0169421306 3.87213484508 0.198988354216 184.992507978
LAUB micro 1045.0 260 85.2698990199 0.551985921285 0.1598 0.215594350906 0.535866764814 -0.010919621825 0.845164282198 0.420513664353 0.111004784689 0.975930038232 116.0 16.6507177033 8.37573979492 1.30548928267 421.509393153 432.337269749 383 460 37.256687054 8.04294692357 0.0983754290455 4424376.71746
LAUB micro 47.0 16 19.1291666667 0.570082985604 0.3249 0.251638356288 0.50664893617 -0.149796806936 0.763509083565 0.487021555414 0.36170212766 0.807605251245 17.0 55.3191489362 2.42839589939 1.72559784473 38.4782608696 57.4351896074 27 36 3.89595453258 2.33383986397 0.319851783968 17.9274103504
LAUB micro 1435.0 374 182.083246118 0.590921343564 0.075 0.227928116502 0.539937394026 -0.00714624926273 0.830121961218 0.363831195274 0.173519163763 0.964344352851 249.0 20.9756097561 16.2905498231 1.34546182349 566.369349413 618.816609325 546 642 51.3143621641 9.87292076642 0.153777354981 1851.85150519
LAUB micro 1181.0 298 76.796612659 0.561346693985 0.1703 0.219002165828 0.536276275935 -0.00936686776128 0.852632688561 0.429985406492 0.0973751058425 0.980291247031 115.0 13.8018628281 8.18338396498 1.35823705086 447.630830649 468.125815033 433 508 41.9840395228 8.67144183349 0.0862964406664 207625652.277
LAUB micro 35.0 21 1.13333333333 0.829038600976 0.7202 0.370896261817 0.733333333333 -0.0722711370758 0.94489816198 0.837835662346 0.114285714286 0.93387755102 4.0 22.8571428571 1.20788507844 1.02414030911 58.4705882353 43.2352941176 35 47 5.62532828125 3.54964786986 0.101283077195 2128928.62775
LAUB micro 1422.0 300 173.724816054 0.526433956104 0.1149 0.212113843951 0.477102672293 -0.00963139482418 0.802728411799 0.322330518765 0.0977496483826 0.97097845589 139.0 18.4950773558 7.33467512157 1.59206052016 449.373337224 489.433092371 436 511 41.1855963436 7.95557284176 0.0866283703502 182825792.535
LAUB micro 1304.0 273 166.872683689 0.521433239486 0.1207 0.211557845611 0.473198835929 -0.0106139337783 0.800287482741 0.323710633453 0.0943251533742 0.969643898905 123.0 18.7883435583 6.90438433473 1.61841250987 401.266431054 434.616473092 397 462 37.9189640769 7.56003578724 0.0835934906677 618601853.545
LAUB micro 1441.0 371 110.556800466 0.575256785326 0.1204 0.23077905327 0.515877900006 -0.00710690188227 0.828279169838 0.360339542824 0.0804996530187 0.977604899828 116.0 15.6141568355 8.10013360068 1.65063353254 594.148233996 647.421908848 555 664 50.8724445779 9.7733155093 0.0713409599948 441174151161.0
LAUB micro 695.0 93 648.599812997 0.431084223224 0.0801 0.196605169559 0.337820066527 -0.033703865169 0.629870966267 0.177974103735 0.271942446043 0.86571088453 189.0 46.4748201439 5.61608963595 2.06604521426 165.879055499 162.363549044 141 174 14.0588690941 3.52769107442 0.240991270688 58.1798679885
LAUB micro 1332.0 266 352.641452688 0.537585415636 0.0666 0.225654013147 0.429615705931 -0.0101581462492 0.735945199558 0.226018002908 0.18018018018 0.943569695822 240.0 27.8528528529 9.31640523631 2.03470615663 404.699169828 453.524518602 396 466 36.8340157103 7.28835510387 0.159680526976 1233.56314944
LAUB micro 1186.0 319 71.1214092782 0.573803869154 0.1632 0.223779340457 0.540704774089 -0.00854767310229 0.858407803973 0.440307064021 0.0961214165261 0.98078623855 114.0 15.2613827993 9.04164319124 1.33326533048 489.158287232 542.764081502 471 556 44.9257776593 9.26292907102 0.0851853874381 321234151.346
LAUB micro 1645.0 201 786.370945274 0.413475687317 0.0789 0.186411638076 0.343879387258 -0.0165022959507 0.683144799245 0.182234731656 0.145288753799 0.936904869689 239.0 24.5592705167 5.77317739625 1.8826780049 325.235523114 348.165202998 298 358 27.0069701065 4.95579241085 0.128758805582 19286.4291643
LAUB micro 732.0 103 470.625737674 0.425607254905 0.0978 0.190134450261 0.363772613932 -0.0315350465095 0.675721670188 0.2148518392 0.206284153005 0.900702469468 151.0 37.9781420765 5.17336078052 1.84277430566 168.474060823 184.038337265 154 186 15.4644321145 3.80698954542 0.182814555644 352.68527016
LAUB micro 1133.0 194 478.394022755 0.492367572193 0.0669 0.205254763064 0.420023475674 -0.0154298165984 0.710335026328 0.213367436159 0.197705207414 0.922919803784 224.0 35.4810238305 8.11451616201 1.74504529325 392.302684009 333.762763154 291 365 27.4435250394 5.76350633692 0.17521167424 506.0927819
LAUB micro 1097.0 295 86.5838348899 0.57455691929 0.1381 0.225933843494 0.535231679619 -0.0091471945748 0.847147343926 0.417282480318 0.1257976299 0.975457221942 138.0 16.4083865087 10.9022801942 1.4076924474 479.947354822 503.560142528 440 529 41.9979933342 8.90673850993 0.111485246775 250248.671092
LAUB micro 1552.0 222 858.380008968 0.483301510775 0.0541 0.202728440466 0.385164159004 -0.0136639001643 0.684971909376 0.178619496042 0.239690721649 0.916738627909 372.0 33.6984536082 9.78218853086 1.91211639529 298.334899143 319.954109035 312 350 30.0790778927 5.63517121649 0.212419535194 119.524337309
LAUB micro 1174.0 276 78.5099868248 0.542899234186 0.1878 0.207711840845 0.53766387675 -0.0107079008656 0.861969425937 0.458378881687 0.0988074957411 0.980712136031 116.0 14.4804088586 8.52799378877 1.12088279846 372.45425167 423.645907073 388 436 38.9068064536 8.05517599477 0.0875658631623 128623425.837
LAUB micro 1413.0 351 126.510769231 0.550568850169 0.1138 0.218527638673 0.513528226904 -0.00797120603055 0.8356530511 0.379902035386 0.129511677282 0.974973567154 183.0 17.1974522293 12.23953045 1.41457371526 588.191485802 616.715894324 525 636 48.2527647504 9.33761654827 0.114776735568 140756.569581
LAUB micro 1080.0 234 259.8686035 0.548113304977 0.0761 0.215769145129 0.49301994302 -0.0121222901977 0.785957280164 0.308133695406 0.215740740741 0.94381515775 233.0 26.3888888889 12.4421701784 1.498741061 326.609113665 358.103869785 334 381 33.3585487687 7.12039324757 0.191195197075 247.793052968
LAUB micro 29.0 20 0.681578947368 0.884511474369 0.7645 0.448287040126 0.78275862069 -0.0588624559666 0.958436866197 0.876765944571 0.137931034483 0.934601664685 4.0 24.1379310345 1.89001969751 1.42398226748 40.9444444444 45.1111111111 34 44 5.64250988309 3.71390676354 0.122238196614 44922.1615519
LAUB micro 1348.0 184 957.029698266 0.45843027752 0.0534 0.19078744329 0.404657463553 -0.0175885970022 0.673583256548 0.177805896866 0.244807121662 0.898183042908 330.0 42.7299703264 8.82311174133 1.62334907932 268.329225439 285.838692119 264 307 25.3941741597 5.01155933847 0.216953310246 104.826542627
LAUB micro 1307.0 185 746.702291422 0.472696908035 0.063 0.201711873794 0.374366715606 -0.0164851620398 0.680377262074 0.184111063018 0.224942616679 0.914165323674 294.0 34.3534812548 8.02570066171 1.95902354989 247.685323864 272.417063612 261 292 25.6428491077 5.11721818557 0.199350028635 182.637340928
LAUB micro 1119.0 222 200.47346215 0.490535220297 0.1129 0.198857291035 0.467043450958 -0.013948581409 0.797464652711 0.331786278724 0.160857908847 0.96011295672 180.0 22.9669347632 9.39012730762 1.39492514342 351.175679462 380.129645334 326 389 31.4806262654 6.63648215867 0.142556609992 4586.03931125
LAUB micro 1282.0 332 102.808539293 0.586846640234 0.127 0.224015178117 0.557355788207 -0.00820357266956 0.850740518734 0.418681499248 0.114664586583 0.976282670652 147.0 18.7987519501 10.8720943583 1.25828747054 476.112412178 513.278659222 476 549 46.2537492809 9.27244083973 0.101618844026 1964151.3282
LAUB micro 1448.0 338 98.1030674416 0.530610447915 0.158 0.213559018157 0.498451240642 -0.00848619637045 0.835316913087 0.381462392243 0.0704419889503 0.981273465401 102.0 12.638121547 6.23709987043 1.48987221103 539.131384093 578.148991639 502 600 46.3043204641 8.88244279775 0.0624275872902 6.89151070997e+14
LAUB micro 1311.0 205 545.906838833 0.45992938672 0.07 0.19934858379 0.378385518409 -0.0150655264604 0.712550224741 0.212673827578 0.209763539283 0.930326678967 275.0 31.8077803204 8.85249957929 1.82640666252 301.073282443 347.90944 301 350 28.4180131562 5.66177381083 0.185898071554 308.158024885
LAUB micro 1344.0 305 153.176272649 0.531324354321 0.1128 0.211863763148 0.502851775956 -0.00948555753552 0.816881557219 0.348680112658 0.113839285714 0.970942283163 153.0 20.6101190476 9.13916757735 1.42112410925 526.451899471 518.323366044 455 555 42.2022610153 8.31955706525 0.100887440174 2343270.40495
LAUB micro 1355.0 300 78.8324972129 0.535649472639 0.2061 0.203866100866 0.546986469865 -0.0100508460579 0.863664506529 0.457686931505 0.0693726937269 0.983828651571 94.0 12.5461254613 6.3156691043 1.07319380707 439.557539949 420.162409447 418 487 41.4612282836 8.14988737386 0.061479949072 1.82292150416e+15
LAUB micro 1226.0 314 105.377424147 0.567475603935 0.1267 0.227400666378 0.514276659636 -0.00853330913346 0.829591817778 0.373411834387 0.110114192496 0.974871530116 135.0 18.0261011419 8.94788638785 1.59600624428 502.106186727 537.713445485 469 561 44.013143038 8.96776900425 0.0975861622644 5456237.48944
LAUB micro 1234.0 183 644.928181109 0.474558565783 0.0662 0.198079841073 0.398340285712 -0.0169921607685 0.699377120834 0.204513157081 0.196920583468 0.917453616994 243.0 37.6823338736 8.0097964507 1.75446043289 236.133967411 276.08409878 256 280 25.5689218417 5.20946962213 0.174516319855 524.233860647
LAUB micro 1153.0 352 55.5449284512 0.623617371443 0.1623 0.241033209914 0.578202613735 -0.00714143288424 0.874521300037 0.477656852428 0.101474414571 0.982493724655 117.0 14.8308759757 11.3068314283 1.35577374421 520.220432195 566.007302003 517 602 49.7863688171 10.3664011273 0.0899293584371 55572462.5295
LAUB micro 1378.0 306 169.916382728 0.531796245821 0.1069 0.213418899125 0.48744035592 -0.00938028294115 0.8075663627 0.330213120619 0.118287373004 0.969439944725 163.0 20.5370101597 8.86629403047 1.51962546092 486.483916442 522.929443633 453 541 42.1947439659 8.24321861414 0.104829454898 944007.098231
LAUB micro 1682.0 374 253.714470043 0.560924429215 0.074 0.225979684757 0.480294658129 -0.00721343900602 0.782988175525 0.274535620275 0.125445897741 0.96387574387 211.0 22.2948870392 9.88973989746 1.76048023701 577.728966185 608.332928842 551 652 50.2171667594 9.11923917806 0.111173532265 264945.417491
LAUB micro 1169.0 155 521.379723502 0.43576088965 0.0989 0.177191300755 0.435563895251 -0.0225779283278 0.742364843807 0.267982589659 0.180496150556 0.934793251088 211.0 31.7365269461 6.94251880315 1.25891704639 220.588020985 212.182533333 211 244 21.8009758966 4.53340419945 0.159960548421 1211.27842104
LAUB micro 1166.0 282 181.383912572 0.564790197608 0.0864 0.220993671896 0.520358137781 -0.00980164023479 0.814479419145 0.348788745596 0.181818181818 0.958964544307 212.0 22.641509434 13.3590448551 1.42766887057 427.951259563 450.828463461 412 485 39.7941784653 8.25847451847 0.161132168075 1123.40198404
LAUB micro 1272.0 299 85.6532962223 0.54787848853 0.1749 0.210443095222 0.543835846953 -0.00974629050356 0.855522540577 0.436972232359 0.0919811320755 0.980879909814 117.0 14.2295597484 7.91402373537 1.19774002969 421.143268677 442.609558348 424 486 41.6879667935 8.38354370368 0.0815161558789 1540494947.28
LAUB micro 1179.0 267 141.303962153 0.538413366652 0.1217 0.213348562848 0.504407658366 -0.01075426092 0.813706053278 0.350715319018 0.0983884648007 0.969214577124 116.0 18.4902459712 7.47117053228 1.43955612591 423.072971474 438.37472361 393 469 37.6108783866 7.77596610428 0.0871945066603 147651223.304
LAUB micro 1698.0 172 1561.62097103 0.392800466129 0.0591 0.176229120273 0.322917522667 -0.0204634117684 0.641690013423 0.153197101074 0.226148409894 0.901567839112 384.0 37.8680800942 7.34034581807 1.7652819624 268.667099468 272.794770313 248 295 22.9925043847 4.1740688078 0.200418608981 175.917048404
LAUB micro 1222.0 318 97.1423923179 0.560832333931 0.1323 0.221857469168 0.525152085971 -0.0086552927823 0.843531288354 0.404053434082 0.121931260229 0.97623358986 149.0 16.9394435352 10.9728758673 1.39955972139 525.789875525 571.953889298 477 576 44.5961047157 9.09686012628 0.108058765869 481192.671778
LAUB micro 1156.0 336 40.9218194741 0.598412034917 0.2249 0.229054707578 0.57297330697 -0.00791176868408 0.886066798356 0.513979219401 0.0787197231834 0.986765304534 91.0 10.6401384083 8.68496640986 1.20985683447 486.142953343 545.842034177 488 564 47.4993974186 9.88235294118 0.0697635382493 1.32756955615e+12
