LAUB micro 1637.0 105 1738.66721612 0.415166178844 0.1237 0.182474728299 0.371323850249 -0.0323118062363 0.708426131619 0.250298797414 0.183872938302 0.922999706318 301.0 29.8106291998 4.66769615569 1.73953521714 105.0 105.0 105 74 14.0528755545 2.59516490414 0.162953148493 1002.30930382
LAUB micro 1205.0 145 401.896072797 0.580386433221 0.1475 0.225451140636 0.532207755044 -0.0186532036289 0.817110816057 0.398297770113 0.175933609959 0.95324667275 212.0 23.2365145228 7.8438426247 1.58102121516 145.0 145.0 145 100 20.2981721253 4.17709621389 0.155917102187 1590.28048979
LAUB micro 1683.0 95 2938.97155655 0.398312650695 0.0974 0.175944478034 0.352697251149 -0.03711265669 0.659716145356 0.203951138889 0.208556149733 0.891939915742 351.0 38.5620915033 4.88068165983 1.71653980863 95.0 95.0 95 58 12.6542519759 2.31569600974 0.184828054379 322.707103786
LAUB micro 798.0 135 67.2756218905 0.644770614228 0.3435 0.244469210569 0.611055416319 -0.0183319233962 0.896713593569 0.599545363514 0.0889724310777 0.9784360651 71.0 14.2857142857 4.81511236868 1.19949693164 135.0 135.0 135 79 20.0535501699 4.77894819648 0.078849764044 5520974460.38
LAUB micro 1173.0 101 665.039405941 0.46368251098 0.17 0.184466054735 0.488398200434 -0.0332080935262 0.785989010194 0.366161698427 0.158567774936 0.941765163755 186.0 28.9002557545 5.06694204818 1.20207948706 101.0 101.0 101 64 14.1496355254 2.94898367049 0.140527031657 5525.15866635
LAUB micro 1480.0 217 280.490698071 0.636395058566 0.1428 0.247588185593 0.562535807697 -0.0112457224117 0.843776980487 0.428878441947 0.133108108108 0.96773192111 197.0 22.027027027 8.81678897664 1.67118821904 217.0 217.0 217 137 29.5898624507 5.64064640727 0.117963989401 84234.104407
LAUB micro 46.0 10 9.15555555556 0.800334232958 0.7197 0.309726257116 0.75652173913 -0.18906367561 0.92455970873 0.822825067415 0.217391304348 0.861058601134 10.0 43.4782608696 1.08872988981 0.53294675281 10.0 10.0 10 7 2.35070330908 1.47441956155 0.192657957585 233.987404183
LAUB micro 1371.0 191 154.694461284 0.617590342459 0.2508 0.231356971972 0.590817265649 -0.0137668014967 0.878430149487 0.525590581377 0.0867979576951 0.9791273972 119.0 14.7337709701 5.91965709615 1.25226163679 191.0 191.0 191 131 26.3037827093 5.15839553476 0.0769226871837 15080447925.0
LAUB micro 1011.0 185 243.5653349 0.718400888997 0.1098 0.298248141536 0.597765124175 -0.0106812669939 0.833091218468 0.415236663737 0.197823936696 0.950748492595 200.0 25.9149357072 10.9021379499 2.30147338912 185.0 185.0 185 104 26.594609847 5.81830053943 0.175316895249 503.419882094
LAUB micro 1252.0 123 585.049713448 0.505961643318 0.1515 0.201176065073 0.483174887659 -0.0248654235309 0.786897265418 0.353363619006 0.164536741214 0.946335065174 206.0 25.4792332268 5.72516516936 1.47390377617 123.0 123.0 123 77 17.1048078343 3.47618552651 0.145816890288 3452.37121464
LAUB micro 1222.0 198 352.894221402 0.669407875651 0.0979 0.275445000497 0.551538296219 -0.0109352812952 0.813713696986 0.370209281611 0.200490998363 0.948394277311 245.0 27.0049099836 10.9093364414 2.17654152998 198.0 198.0 198 111 27.7142985142 5.66408272014 0.177680514932 447.982181652
LAUB micro 961.0 130 216.984436494 0.583329821597 0.2024 0.230562798229 0.530312975266 -0.0203028019124 0.834041625406 0.441538358732 0.117585848075 0.961998698459 113.0 22.4765868887 5.34291441066 1.61146243221 130.0 130.0 130 78 18.7828306162 4.1935483871 0.104207744616 1082350.6778
LAUB micro 1478.0 199 291.599461956 0.628950566719 0.1598 0.245473126224 0.559407320772 -0.0123799903445 0.836414032086 0.417742487435 0.105548037889 0.968544516691 156.0 18.3355886333 6.38832190222 1.77786905356 199.0 199.0 199 136 27.1290661567 5.17625734041 0.093539513106 17357395.7424
LAUB micro 1206.0 162 226.173913043 0.585844318542 0.1978 0.231306394413 0.53712916897 -0.0162351108983 0.837438818756 0.433844638458 0.0995024875622 0.968790651497 120.0 17.9104477612 5.08398131812 1.63912664702 162.0 162.0 162 98 22.6918307486 4.66488949814 0.0881817836271 102700701.895
LAUB micro 1298.0 90 1262.33657928 0.406008083542 0.1428 0.179852679168 0.378650915939 -0.0382777556036 0.712262530144 0.265804829 0.152542372881 0.922205787736 198.0 27.1186440678 3.71926690314 1.65264728804 90.0 90.0 90 51 12.4152902354 2.49807321744 0.13518715812 9374.98756714
LAUB micro 931.0 98 303.118556701 0.510705892598 0.2312 0.196259916846 0.515574650913 -0.0320442857244 0.833533537712 0.460648507459 0.149301825994 0.955873649137 139.0 24.1675617615 5.24006372167 1.09666256666 98.0 98.0 98 67 14.1890463872 3.21182027419 0.132315298215 12780.427121
LAUB micro 682.0 137 184.418634607 0.721018019975 0.1192 0.31106927065 0.590010060578 -0.0137301072659 0.830319519404 0.429788405713 0.228739002933 0.938777616292 156.0 27.1260997067 10.2196650377 2.35611401514 137.0 137.0 137 63 20.8428171413 5.24600113031 0.20271439429 162.596982121
LAUB micro 74.0 12 17.4242424242 0.75444741063 0.7042 0.27632769339 0.743243243243 -0.179776889141 0.922301331756 0.808459290553 0.202702702703 0.881665449233 15.0 37.8378378378 1.02103162473 0.148784494084 12.0 12.0 12 10 2.55572342932 1.39497166493 0.179640584287 407.976874383
LAUB micro 1348.0 163 841.074831478 0.606286112282 0.0756 0.23699208849 0.515592288507 -0.0157116472713 0.772237554692 0.309196400561 0.26706231454 0.918880812546 360.0 31.6023738872 11.1356759764 1.79305091966 163.0 163.0 163 106 22.4800886004 4.43958789223 0.236669661186 63.9342148108
LAUB micro 1021.0 164 160.21259165 0.698411354056 0.1958 0.269073646689 0.632611499964 -0.0135571641691 0.874060290735 0.523186431725 0.142017629775 0.968850994924 145.0 19.2948090108 8.70894068877 1.5980653824 164.0 164.0 164 117 23.5258873196 5.13252386018 0.125859847395 27653.9268464
LAUB micro 1547.0 92 2821.0973483 0.392880183446 0.092 0.18169354277 0.335993929344 -0.0370451683859 0.642436444072 0.189720279819 0.230122818358 0.881860297199 356.0 39.883645766 4.97923965329 1.87732349276 92.0 92.0 92 51 12.3909446232 2.33906704643 0.203940724677 156.053138189
LAUB micro 1154.0 167 288.588269245 0.63978440655 0.1427 0.250271264436 0.566911238182 -0.0144389637807 0.829040811902 0.413362532397 0.147313691508 0.95803910143 170.0 25.4766031196 7.60260025971 1.76945262403 167.0 167.0 167 103 23.5427951277 4.91601915857 0.130553359902 15607.5402441
LAUB micro 1078.0 149 172.032287321 0.593467960553 0.2345 0.22760455412 0.560994135299 -0.0179653805161 0.858772502216 0.489848021678 0.102040816327 0.971379005304 110.0 18.6456400742 5.44452310588 1.37143662929 149.0 149.0 149 91 21.1947456606 4.53812953386 0.0904313189238 46885054.9566
LAUB micro 1242.0 151 271.908962472 0.572211700261 0.2003 0.222008578242 0.530398524064 -0.0182142312101 0.837345782591 0.43844184386 0.106280193237 0.966936866153 132.0 19.4041867955 5.24867064791 1.49336439237 151.0 151.0 151 103 21.0541732985 4.28465787149 0.0941883688887 14276547.8363
LAUB micro 895.0 154 143.487182752 0.670227213642 0.1915 0.274309422678 0.575114271204 -0.0141257865735 0.849874980878 0.465992217584 0.108379888268 0.966099684779 97.0 21.4525139665 6.11471862494 2.03934859777 154.0 154.0 154 88 22.5105146671 5.14765228258 0.0960491751608 8327218.87001
LAUB micro 1477.0 182 463.572248194 0.6022093658 0.125 0.230891720355 0.551742096766 -0.014479417236 0.816510301751 0.381459126353 0.14759647935 0.956043215561 218.0 26.8111035884 8.01101919195 1.55834004176 182.0 182.0 182 119 24.8021029159 4.73566682573 0.130803974102 15162.9982575
LAUB micro 1303.0 93 1271.31510051 0.447809589565 0.135 0.186774845944 0.413776314378 -0.0355927616992 0.728276007297 0.284123002984 0.181120491174 0.920357943679 236.0 33.0007674597 4.62306040215 1.61775166985 93.0 93.0 93 67 12.8269037911 2.57638487374 0.160513855867 1168.72807729
LAUB micro 1214.0 153 315.98254214 0.569110749077 0.1671 0.230547794946 0.502557310678 -0.0172519738665 0.811537045933 0.383465807501 0.121087314662 0.960875182183 147.0 21.0049423394 5.32448504828 1.81561619024 153.0 153.0 153 90 21.4033983819 4.39118857117 0.107310838584 559532.876265
LAUB micro 1043.0 186 102.391078175 0.670065547511 0.2359 0.263604480817 0.602810338251 -0.0122334940501 0.881068649973 0.534633411867 0.102588686481 0.977210991599 107.0 16.3950143816 6.98553943716 1.59503659621 186.0 186.0 186 103 26.6192548289 5.75931443667 0.0909168562066 39880414.732
LAUB micro 1649.0 123 1882.80061309 0.456102705465 0.0878 0.186252923498 0.425298407017 -0.0269915139738 0.723117663468 0.257806851811 0.266828380837 0.907395959328 440.0 36.8101879927 8.24869587004 1.47272124513 123.0 123.0 123 81 16.4688507452 3.0289686865 0.236462477932 64.2312501227
LAUB micro 1342.0 185 172.440540541 0.608053874916 0.2348 0.232846652268 0.567917992508 -0.0141138028904 0.866762200916 0.496076761293 0.0976154992548 0.976976774661 131.0 14.5305514158 5.87140529757 1.43910856182 185.0 185.0 185 125 25.5487556211 5.0500475865 0.0865094837812 191316454.404
LAUB micro 1261.0 131 541.359013506 0.519793720815 0.1471 0.215649833011 0.450744895303 -0.0216665056302 0.773767243589 0.326758171135 0.124504361618 0.94810772262 157.0 24.4250594766 4.81633279999 1.85439344718 131.0 131.0 131 81 18.2081491111 3.68904329659 0.110339117602 309388.443181
LAUB micro 44.0 11 8.0 0.775615937753 0.6875 0.307676238714 0.704545454545 -0.173223426486 0.915338313717 0.797897214659 0.227272727273 0.867768595041 10.0 38.6363636364 1.02899754008 0.764498064094 11.0 11.0 11 5 2.64257369936 1.65831239518 0.201414981953 169.956304026
LAUB micro 1210.0 198 170.139875917 0.663705106403 0.1807 0.261875016826 0.586134067952 -0.0115773563512 0.863050055317 0.482082928562 0.128925619835 0.972056553514 156.0 18.1818181818 8.57825465509 1.75132802662 198.0 198.0 198 124 27.7528282568 5.6920997883 0.114257355678 153645.5056
LAUB micro 944.0 158 50.9292913005 0.666348987262 0.4136 0.249643732309 0.628030465565 -0.0153040511657 0.913338680091 0.64259203822 0.0466101694915 0.984698182993 44.0 9.11016949153 3.24067958095 1.14255092006 158.0 158.0 158 109 22.9192858923 5.14246198374 -0.0413071872033 -1.6016202435e+32
LAUB micro 1964.0 182 1011.05008803 0.519688360868 0.1038 0.210451154008 0.450583021866 -0.0160111027789 0.765512053006 0.291254237995 0.175152749491 0.947062916613 344.0 25.6619144603 7.63353960983 1.77447802965 182.0 182.0 182 127 23.8700042557 4.1067725099 0.155225082624 1669.47854876
LAUB micro 1353.0 129 757.47056686 0.527883299549 0.1277 0.213984396065 0.455129857852 -0.0221874466821 0.761205806449 0.307966447482 0.141906873614 0.939284139868 192.0 26.9770879527 5.25958867175 1.82346633037 129.0 129.0 129 88 17.7529246002 3.50704074848 0.125761692304 28005.1578268
LAUB micro 1794.0 111 2478.64619165 0.447149010546 0.0961 0.191899757859 0.366748018922 -0.0289762843346 0.676941368041 0.211288518239 0.204013377926 0.90627559473 366.0 32.8316610925 5.06010945503 1.93514132259 111.0 111.0 111 80 14.6819299176 2.62066651381 0.180802137998 386.485649813
LAUB micro 949.0 158 73.2674756107 0.652334158359 0.3313 0.247602600324 0.611416414347 -0.0154440777776 0.896586416005 0.589822959069 0.0706006322445 0.980898311239 67.0 13.0663856691 4.49362357747 1.28739964209 158.0 158.0 158 98 22.9016247772 5.12889703797 0.062568181249 5.98757457109e+14
LAUB micro 988.0 158 312.011932597 0.665492033357 0.112 0.261695219782 0.579293291652 -0.0145195201708 0.826592836422 0.411937008088 0.218623481781 0.943487846055 216.0 26.6194331984 10.7962844922 1.76787194452 158.0 158.0 158 90 22.7678689524 5.02664962751 0.193749934603 224.357584096
LAUB micro 1155.0 180 145.797486034 0.646046155671 0.2212 0.247450041342 0.595021645022 -0.0135657322805 0.872541034757 0.513171368476 0.111688311688 0.974881280336 129.0 16.7965367965 7.09020013224 1.47220661656 180.0 180.0 180 114 25.3833897871 5.29640897703 0.0989811890765 3779313.127
LAUB micro 1290.0 136 475.58496732 0.522179640898 0.1601 0.211671867688 0.47452120383 -0.0212935433828 0.791464158221 0.354240376053 0.132558139535 0.954065260501 171.0 21.4728682171 4.96218371015 1.68425661946 136.0 136.0 136 85 18.8484372795 3.78655311545 0.117476592444 90877.4525614
LAUB micro 1515.0 120 1104.05147059 0.457130524822 0.1271 0.188455267798 0.432260726073 -0.0273236549993 0.747412388849 0.292522048417 0.160396039604 0.934425165289 243.0 30.6930693069 5.42699236535 1.53835189652 120.0 120.0 120 78 16.2497918707 3.08300997323 0.142147289032 4758.72500064
LAUB micro 1764.0 226 807.997482793 0.60559941278 0.0704 0.237637692887 0.521677402524 -0.0112980219892 0.787772924555 0.313477401723 0.232426303855 0.937150672816 410.0 28.6281179138 12.7906862114 1.73015859454 226.0 226.0 226 132 30.0989684721 5.38095238095 0.205982047811 145.952486097
LAUB micro 857.0 61 1433.54754098 0.45479448297 0.1228 0.191966314304 0.39707710848 -0.0527078996116 0.676853390455 0.252645083052 0.239206534422 0.866494474089 205.0 46.9078179697 4.34059323121 1.79558254368 61.0 61.0 61 42 8.88436389335 2.08372030634 0.211990473851 121.065082827
LAUB micro 922.0 137 146.74270073 0.639303408276 0.2372 0.242764507007 0.592578811533 -0.018204489341 0.868707032347 0.5206608603 0.125813449024 0.969224217842 116.0 18.8720173536 6.40672889883 1.40572735422 137.0 137.0 137 91 19.9222294069 4.51185471528 0.111499266109 249609.905424
LAUB micro 1263.0 202 325.14489434 0.677564521927 0.1078 0.261741590859 0.593526336007 -0.0113545944667 0.842083207734 0.429636780887 0.197149643705 0.954079473711 249.0 23.8321456849 12.2813945831 1.62776922239 202.0 202.0 202 126 28.1463521496 5.68394273962 0.17471931907 518.850771222
LAUB micro 1046.0 163 127.417480876 0.637587518444 0.2454 0.245880097248 0.589086088986 -0.0150865394469 0.873631408775 0.522420344484 0.109942638623 0.974998994622 115.0 15.5831739962 6.38043264002 1.49256148865 163.0 163.0 163 103 23.3002046075 5.03989817494 0.0974341266033 5684319.88482
LAUB micro 1286.0 164 297.324405207 0.57870743721 0.1722 0.230442642959 0.519383226492 -0.0161028569664 0.822474258316 0.400743254337 0.108087091757 0.964597810129 139.0 20.4510108865 5.47889149906 1.73367916402 164.0 164.0 164 103 22.767614754 4.57323336957 0.0957896910093 8960882.55232
LAUB micro 1180.0 149 284.790767277 0.567142223219 0.1815 0.227213277643 0.511005573882 -0.0179991181253 0.820796258025 0.40390233444 0.104237288136 0.963017810974 123.0 20.7627118644 5.14245148825 1.70590746105 149.0 149.0 149 90 20.9238451115 4.33755769756 0.0923778913819 24876675.1097
LAUB micro 1257.0 187 203.599677994 0.627971141158 0.1824 0.24950413558 0.552895230559 -0.0129387286596 0.844242206902 0.439738038434 0.0922832140016 0.970685086349 116.0 17.8997613365 5.85813262939 1.80501349913 187.0 187.0 187 112 26.0632575687 5.2744109905 0.0817838690155 1364349236.53
LAUB micro 647.0 45 1261.69494949 0.421455591828 0.1435 0.188423339964 0.359951914821 -0.072876178301 0.659293727965 0.256848777397 0.292117465224 0.845160997494 189.0 49.9227202473 3.76279900946 1.86808042274 45.0 45.0 45 30 6.79815294144 1.76913255143 0.258842901759 41.1261203764
LAUB micro 1202.0 136 661.973638344 0.551794726061 0.1062 0.233404153837 0.449324654987 -0.0191486993448 0.747613885583 0.284153668942 0.199667221298 0.930793380971 240.0 30.8652246256 6.6753479943 2.14728954019 136.0 136.0 136 76 19.0362252052 3.92271426286 0.176950462284 464.206395775
LAUB micro 1034.0 167 123.324507611 0.651104718864 0.2382 0.247759010442 0.60665516163 -0.0146015371045 0.878996623161 0.535542892748 0.110251450677 0.974864285474 114.0 17.5048355899 6.92855980524 1.35999796365 167.0 167.0 167 100 23.9152074332 5.19345295332 0.0977078041602 5281067.71376
LAUB micro 1548.0 104 1432.99626587 0.41979262557 0.135 0.183876986354 0.367894056848 -0.0323594924498 0.71594469407 0.260218737237 0.154392764858 0.928790337119 239.0 26.0981912145 4.03493970778 1.74226381738 104.0 104.0 104 67 14.0236814016 2.64330855243 0.136827025312 7920.0172135
LAUB micro 681.0 52 867.382730015 0.42992353723 0.1678 0.184168927237 0.406274709138 -0.06461045286 0.708675742104 0.302884766706 0.221732745962 0.885382772592 151.0 40.8223201175 3.53955724399 1.61352606 52.0 52.0 52 33 7.81781450174 1.99264432962 0.196505410124 202.353075253
LAUB micro 1036.0 97 914.428049828 0.54663471497 0.1119 0.223113665413 0.45934999801 -0.0282015757358 0.731049048573 0.284810523427 0.216216216216 0.907900523248 224.0 38.8030888031 5.70646920776 2.02145688123 97.0 97.0 97 74 13.8266321914 3.01364336511 0.191616572644 243.704680857
LAUB micro 952.0 150 156.697807606 0.647840866616 0.2056 0.24790860545 0.593585434174 -0.0162455028034 0.866855845557 0.509908525041 0.144957983193 0.967571587459 138.0 18.9075630252 8.21894897767 1.4531919469 150.0 150.0 150 94 21.7246609523 4.86152792664 0.128465667765 19981.0112652
LAUB micro 1462.0 132 1406.63543835 0.515054338663 0.0808 0.220805478626 0.39739045724 -0.0209592329256 0.69969236124 0.22489592704 0.254445964432 0.906214151108 372.0 35.7729138167 7.55259427883 2.20155117892 132.0 132.0 132 80 17.9758366984 3.45223415438 0.225493754934 83.4340247098
LAUB micro 1062.0 164 120.214125393 0.630348213628 0.2598 0.236504760342 0.599742777089 -0.0156511952201 0.884307739568 0.551584688644 0.10922787194 0.976528668858 116.0 16.0075329567 7.00279226281 1.17312631558 164.0 164.0 164 100 23.3929569515 5.03247457784 0.0968006811229 6755547.62627
LAUB micro 1239.0 177 233.636363636 0.6203907533 0.1742 0.235771931794 0.574656981437 -0.0145511703217 0.856876777125 0.473746209661 0.147699757869 0.967564120353 183.0 19.612590799 9.12689165459 1.38704611576 177.0 177.0 177 114 24.7119517282 5.02849025909 0.130895502307 15004.4134452
LAUB micro 980.0 134 438.096509932 0.612378969975 0.1095 0.241221769719 0.530063965885 -0.0187434190096 0.799388065353 0.369645477105 0.237755102041 0.931867971678 233.0 29.0816326531 9.58764646937 1.74681536961 134.0 134.0 134 81 19.3101974346 4.2804729855 0.210704281425 125.856686064
LAUB micro 1268.0 104 1645.36071695 0.51274818908 0.0836 0.208918195828 0.427384130066 -0.0282407451591 0.692980485755 0.232911776183 0.260252365931 0.884979948054 330.0 45.4258675079 6.60818512139 1.86268026448 104.0 104.0 104 67 14.4152795884 2.92061097277 0.2306377282 73.5014197421
LAUB micro 1231.0 109 1228.22782875 0.492382700913 0.0949 0.214417237935 0.388153138718 -0.0262013119884 0.696640647804 0.233922143831 0.238830219334 0.903289711165 294.0 36.4744110479 6.13210628561 2.12371377232 109.0 109.0 109 64 15.1779570645 3.10668679516 0.211657002064 122.282163383
LAUB micro 1015.0 118 351.369911633 0.551122757612 0.1752 0.211076436901 0.530291391834 -0.0246163120032 0.824419115848 0.42788165965 0.177339901478 0.951621247786 180.0 25.3201970443 7.08883646055 1.30043548639 118.0 118.0 118 77 16.9010571444 3.70381244139 0.157163395577 1459.21432494
LAUB micro 1138.0 188 170.842075321 0.681596361314 0.1774 0.263232415419 0.615273155592 -0.0121225804285 0.866793778423 0.495129573039 0.129173989455 0.970011829714 147.0 21.1775043937 8.49297899971 1.60209954408 188.0 188.0 188 117 26.5737197918 5.57297016725 0.114477467523 148024.228904
LAUB micro 1284.0 174 171.242575244 0.586444466531 0.2423 0.226872474023 0.552878934365 -0.015438279193 0.859764886418 0.482084433444 0.0794392523364 0.976283712309 102.0 14.2523364486 4.56573537427 1.44064431932 174.0 174.0 174 108 24.1696553862 4.85586647802 0.0704012043584 842993526949.0
LAUB micro 1215.0 109 982.496772001 0.466221026433 0.1132 0.197500777662 0.423113225356 -0.0286174104097 0.735259688468 0.282224134007 0.22633744856 0.918946637538 275.0 34.3209876543 6.48467555554 1.6499275 109.0 109.0 109 62 15.20591479 3.12707544249 0.200586135751 174.894721818
LAUB micro 1194.0 155 280.132132384 0.609061324462 0.1757 0.233305217525 0.557372885935 -0.0168092450863 0.840017004282 0.442660368308 0.128140703518 0.963287964109 153.0 23.1993299832 6.71395933008 1.51190655579 155.0 155.0 155 105 21.7358648575 4.48569287134 0.113561741704 173090.892644
LAUB micro 1237.0 182 116.936342663 0.64490547474 0.2843 0.244389876006 0.605226220828 -0.0136027351608 0.887207323811 0.553554309586 0.0759902991108 0.980673376601 94.0 13.7429264349 5.15993412168 1.37490282003 182.0 182.0 182 133 25.4197618202 5.17471621973 0.0673446491452 8.359064597e+12
LAUB micro 1071.0 159 192.410795319 0.620466145059 0.1918 0.244010098278 0.558867572186 -0.01559721363 0.847433708498 0.458058942902 0.126050420168 0.967206926344 135.0 20.6349206349 6.581676532 1.66830375468 159.0 159.0 159 96 22.6479525397 4.85850203425 0.111709276318 240260.763741
LAUB micro 1161.0 110 1040.10250209 0.50560968744 0.0975 0.211499021092 0.432276250881 -0.0263497487909 0.715659422225 0.255990207006 0.209302325581 0.906800917858 243.0 40.0516795866 6.18799222258 1.89054320255 110.0 110.0 110 61 15.4455758532 3.22831998986 0.185489333137 313.609501255
LAUB micro 988.0 187 96.1719280087 0.704077952976 0.2259 0.276455691587 0.631903700015 -0.0115304083752 0.889372976832 0.55826337305 0.118421052632 0.976327263191 117.0 17.3076923077 8.76384072309 1.58754898184 187.0 187.0 187 107 26.9733988863 5.94926253382 0.104947925383 919970.152951
LAUB micro 1231.0 159 306.028023247 0.591875201578 0.1647 0.229899041157 0.541422068268 -0.0166521571908 0.828215926122 0.41495498872 0.132412672624 0.961802501186 163.0 22.9894394801 6.53567651619 1.58645009844 159.0 159.0 159 100 22.2047890388 4.53177248101 0.11734767575 92734.7507174
LAUB micro 1505.0 197 461.864342691 0.611739657563 0.1127 0.248884060074 0.505533163566 -0.0123159090979 0.794860361096 0.334933397771 0.140199335548 0.954957230053 211.0 24.9169435216 7.23297661385 2.0936591938 197.0 197.0 197 121 26.7885887243 5.07806173293 0.124248426093 34144.8297422
LAUB micro 1113.0 99 781.022263451 0.518226540825 0.1405 0.204480792628 0.479212611288 -0.0303589691954 0.767757078228 0.337281645291 0.18957771788 0.928111697984 211.0 33.3333333333 5.56713301029 1.56089913888 99.0 99.0 99 76 13.9704338693 2.96747871418 0.168008877145 743.498717116
LAUB micro 1036.0 152 321.846636459 0.639858681306 0.1269 0.247801695694 0.56398597846 -0.0160394147346 0.829548070464 0.420908070497 0.204633204633 0.948141053353 212.0 25.4826254826 10.0853767957 1.63849940114 152.0 152.0 152 95 21.7481402177 4.72241022161 0.181351444054 376.845698658
LAUB micro 1147.0 174 134.393229686 0.63966184316 0.2454 0.243371797505 0.596057681708 -0.0142939304979 0.877267340647 0.528186849561 0.102005231037 0.976580427771 117.0 15.7802964255 6.34554930929 1.38963180694 174.0 174.0 174 111 24.5567537282 5.13768577961 0.0903997822825 47384603.9888
LAUB micro 1053.0 141 248.593617021 0.613922392119 0.1843 0.237664375166 0.567618354852 -0.0181066513342 0.83477337774 0.437470865274 0.110161443495 0.961519973233 116.0 20.7027540361 5.51253799415 1.61400472051 141.0 141.0 141 91 20.1166810258 4.3451515371 0.0976280373718 5395216.81995
LAUB micro 1622.0 96 2698.09429825 0.415236146061 0.0966 0.181212497363 0.356748355939 -0.0356011739895 0.671201616431 0.214783467853 0.236744759556 0.892156400662 384.0 39.6424167694 5.42512882126 1.76459574607 96.0 96.0 96 67 12.8527483552 2.38366822971 0.209808955002 129.352570864
LAUB micro 1063.0 159 178.634662845 0.632811735829 0.2011 0.239969811943 0.59117721886 -0.0158871801805 0.865051343165 0.501437862472 0.140169332079 0.968732770545 149.0 19.4731890875 8.20236163983 1.3622984867 159.0 159.0 159 99 22.6723191663 4.87674999345 0.124221836211 34266.0966899
LAUB micro 1004.0 184 65.8778807318 0.684998992199 0.3124 0.261351548933 0.636280963104 -0.0124862460985 0.906237890822 0.611148463199 0.0906374501992 0.982605434834 91.0 12.2509960159 7.05328548624 1.27907841988 184.0 184.0 184 108 26.4766624198 5.8069885085 0.0803253488209 2682475314.94
