GENTRY macro 231.0 97 11.8634020619 0.700280991999 0.3257 1.31628068449 0.632704065694 -0.0212100378681 0.889953419931 0.60033275794 0.0995670995671 0.968347669646 23.0 19.9134199134 4.71100462602 1.61299262567 194.147826087 205.128386788 154 195 17.6392193885 6.38213144111 0.0882390445256 100597640.38
GENTRY macro 333.0 167 4.51201212034 0.756158686916 0.4699 1.20205105606 0.686572800345 -0.0107892646405 0.932860223503 0.707445869784 0.048048048048 0.987257527798 16.0 8.40840840841 3.54837831689 1.52274718368 352.642229937 401.161225329 272 348 28.5805660392 9.15154362666 -0.0425814738956 -2.4488197014e+30
GENTRY macro 292.0 165 1.86127124908 0.81482428519 0.6287 1.09826517735 0.733769198838 -0.00972813398073 0.958018948371 0.805887030935 0.0308219178082 0.990359354476 9.0 5.82191780822 2.64682715887 1.21928704442 311.879824692 340.78589024 266 333 28.8897503243 9.65589464368 0.0273152134557 5.32690956527e+71
GENTRY macro 296.0 171 2.17426900585 0.81307289461 0.5809 0.946134525726 0.723407618144 -0.00903743281661 0.953365052829 0.785545869801 0.0371621621622 0.989933345508 11.0 6.75675675676 3.35207177637 1.46593764154 362.90988266 400.433396127 283 363 29.8750898541 9.9391731126 0.0329341087161 6.66960270078e+49
GENTRY macro 298.0 37 201.719219219 0.408712407272 0.2484 1.39328130976 0.484853981498 -0.103394675014 0.772926830471 0.424914084286 0.268456375839 0.891198594658 80.0 35.9060402685 3.78604569857 0.76242361013 45.2093663912 46.2186754352 47 52 6.31901163028 2.14335245154 0.237904269908 62.2060694331
GENTRY macro 261.0 139 4.10812219789 0.77572459987 0.4637 0.764982638888 0.690619917859 -0.0119716760051 0.932008555018 0.712913698424 0.0536398467433 0.984483492609 14.0 10.7279693487 3.9349907626 1.70028762509 317.812765957 351.418163937 231 300 24.7999809325 8.6038840022 0.0475370764611 4.52378530061e+24
GENTRY macro 44.0 17 8.00735294118 0.685355907774 0.4706 0.536665031256 0.644385026738 -0.133585123055 0.863622742511 0.659477543379 0.272727272727 0.875 12.0 40.9090909091 2.4293919932 1.21212049366 22.2093023256 26.8064516129 25 28 4.22811791898 2.56284642891 0.241686182267 57.3277013003
GENTRY macro 214.0 88 8.13322884013 0.68401312622 0.4238 0.907010182905 0.634558198811 -0.024884670569 0.905144765486 0.64998931416 0.0747663551402 0.973185431042 16.0 14.0186915888 3.04827453611 1.27735818078 190.478873239 170.727341736 139 178 16.2132666558 6.01555615782 0.0662599570432 2.03642991143e+13
GENTRY macro 433.0 227 7.18166933063 0.783425398661 0.3373 0.936356607457 0.69401064187 -0.00704950022737 0.923175358914 0.657664533215 0.0646651270208 0.986937900357 28.0 11.0854503464 6.55800823655 2.0578169136 433.009753686 499.487693852 373 468 37.2277654094 10.9089238212 0.0573079767036 2.36493398153e+17
GENTRY macro 538.0 135 38.5221669431 0.581122539949 0.2935 0.765348821944 0.586314195236 -0.0208662844779 0.873799220156 0.535011637336 0.0743494423792 0.974758502508 40.0 13.9405204461 4.06263671578 1.03837960801 170.876208211 180.727810926 183 200 21.3109119294 5.82026328305 0.0658904777288 2.78562429506e+13
GENTRY macro 222.0 109 3.73938158342 0.757662419963 0.5282 1.0611751691 0.697660963716 -0.017233820754 0.936001731659 0.738240358151 0.0540540540541 0.982631279929 12.0 10.3603603604 2.97357002166 1.24207396184 203.191728928 213.422148508 173 216 19.990088685 7.31560100183 0.0479041581326 1.9940661098e+24
GENTRY macro 395.0 212 5.24660198516 0.789513872692 0.3993 1.06863659388 0.702794363506 -0.00763746407914 0.934754663293 0.703648081853 0.0683544303797 0.988187790418 27.0 9.36708860759 7.07976545496 1.77832970367 423.570103273 518.775458696 348 441 35.2908565738 10.666877635 0.0605775366765 4.80211115439e+15
GENTRY macro 374.0 143 10.7453954496 0.670216408037 0.3906 0.941771114985 0.626696832579 -0.0160067018288 0.90761655042 0.629651098057 0.0641711229947 0.982098430038 24.0 11.2299465241 3.62899117232 1.26581300696 234.227530436 255.09825528 218 263 23.9692553556 7.39435396693 0.0568701770344 4.1941102179e+17
GENTRY macro 339.0 94 30.671356669 0.551117501502 0.3 1.09368489011 0.541454842152 -0.0300185321377 0.855293212439 0.512992338311 0.100294985251 0.964540858503 34.0 18.8790560472 3.49894516353 1.21457108617 158.647844463 174.578060738 142 173 15.9629245256 5.10537919798 0.0888841164171 79897324.1794
GENTRY macro 430.0 40 226.705128205 0.360983107595 0.3433 1.61318012948 0.493604651163 -0.106397142136 0.811637599734 0.486308940916 0.16511627907 0.927182260681 71.0 27.4418604651 2.2333881446 0.399881207892 48.0186480186 45.7511463333 49 54 6.43162622979 1.92897128868 0.146330492339 3306.73042817
GENTRY macro 221.0 35 83.9865546218 0.513228872025 0.3283 0.672138156611 0.588881706529 -0.0937584046049 0.833428544429 0.539954151659 0.226244343891 0.912962470056 50.0 34.8416289593 3.53398767117 0.555087046266 37.8127272727 39.5316980182 42 42 6.29843928017 2.35435477899 0.200503626057 175.397200239
GENTRY macro 408.0 178 23.7446835523 0.729601405963 0.182 0.925137772758 0.630865829478 -0.0104376630743 0.875984602993 0.523233767541 0.147058823529 0.969134467512 60.0 18.6274509804 9.77708584827 2.02217340737 381.719651855 349.929716684 288 369 29.444706892 8.81231313249 0.130327489037 16021.5365657
GENTRY macro 430.0 127 60.905511811 0.599540377003 0.1595 0.988536666195 0.52671671855 -0.0193122712746 0.815315470297 0.404059658537 0.16976744186 0.950621957815 73.0 26.0465116279 6.69698179597 1.80943342691 210.029455393 240.899261832 195 236 20.779100127 6.12448384156 0.150452478031 2375.0608341
GENTRY macro 403.0 82 103.313610358 0.505263027431 0.1914 0.962372785663 0.529262240513 -0.0384118672639 0.806615545891 0.41939899258 0.200992555831 0.936278161925 81.0 29.0322580645 5.71526037694 1.09894751597 130.903958469 119.077716206 116 139 13.5023931598 4.08471094737 0.17812500815 438.469620418
GENTRY macro 235.0 129 2.4289001938 0.783884641236 0.5793 0.77323389002 0.699290780142 -0.0129715320115 0.946013114457 0.767426433704 0.0340425531915 0.986618379357 8.0 6.8085106383 2.3371389706 1.3623119999 327.411873412 320.7475235 215 283 23.4450032275 8.41503214239 0.0301694272495 1.20342836029e+59
GENTRY macro 270.0 62 86.757271285 0.521959025594 0.1818 1.4213635409 0.507287933094 -0.0472194172001 0.778025297602 0.390233585703 0.240740740741 0.911275720165 65.0 35.5555555556 5.06762320643 1.44406400475 99.9667043802 101.374352726 92 111 10.8959275394 3.77319984059 0.213350001455 116.277673926
GENTRY macro 350.0 129 9.89365310078 0.657325693686 0.4285 1.09437380671 0.62803986711 -0.0186011688366 0.912156788757 0.649813178495 0.0571428571429 0.981910204082 20.0 11.1428571429 3.18150382463 1.05098741659 216.801882931 224.401034467 195 237 21.8507102462 6.89534004134 0.0506415385973 7.66584894948e+21
GENTRY macro 209.0 13 259.243589744 0.297008900086 0.5193 1.71490433138 0.576002944424 -0.367961987919 0.809730117459 0.581652258289 0.205741626794 0.851857787139 43.0 39.2344497608 0.594153746182 -0.281504988837 19.0288461538 15.944691672 16 19 2.24620913519 0.899228803026 0.182333755479 360.390563949
GENTRY macro 94.0 20 82.7473684211 0.518546220913 0.2194 0.917884494542 0.501063829787 -0.148179108347 0.708888835424 0.387448832039 0.436170212766 0.772068809416 41.0 59.5744680851 3.4739823118 1.5437523282 26.2891278375 26.1693693694 28 32 4.18198706237 2.06284249252 0.382529534074 10.5292704242
GENTRY macro 198.0 14 512.747252747 0.279109516126 0.2958 0.274423842082 0.401875901876 -0.341048332711 0.660310663897 0.36247404895 0.393939393939 0.758545046424 78.0 61.1111111111 1.86921997882 0.754373061397 18.0203045685 16.3601108033 18 21 2.45827223258 0.994936676326 0.347449845987 13.7971538676
GENTRY macro 162.0 22 105.480519481 0.469061609681 0.35 0.393186487135 0.562850729517 -0.16050389771 0.801412991093 0.519423544568 0.271604938272 0.870141746685 44.0 44.4444444444 2.54110366266 0.560864254219 23.0976849238 24.3295864184 26 25 4.12768596726 1.7284832429 0.240692421608 58.5522326135
GENTRY macro 172.0 24 236.405797101 0.436786010696 0.1848 0.832615294284 0.493217054264 -0.14948943091 0.695432234049 0.352905223772 0.447674418605 0.77454029205 77.0 53.488372093 4.13779596358 0.987415517362 32.0467836257 31.1179865532 32 37 4.46819323529 1.82998284399 0.391837405678 9.89058926459
GENTRY macro 139.0 15 154.352380952 0.410165490439 0.3735 0.680077656913 0.532853717026 -0.262091142401 0.770730921093 0.504437993201 0.323741007194 0.821489570933 45.0 53.2374100719 1.9546345479 0.387477507871 16.2086956522 16.6960784314 18 19 2.83718187384 1.27228339452 0.286727524544 26.6448101302
GENTRY macro 145.0 14 192.247252747 0.338448938647 0.3754 0.233764283254 0.471921182266 -0.310181867163 0.734449858622 0.45743234632 0.275862068966 0.809702734839 40.0 53.7931034483 1.33082044248 0.595976074652 14.6712962963 17.1754807692 17 16 2.61215501428 1.16263671795 0.244461540533 54.1057734685
GENTRY macro 333.0 107 39.1193792982 0.621960757173 0.2 0.725593550757 0.571637057618 -0.0226089006678 0.839421223011 0.467218616933 0.165165165165 0.953259565872 55.0 24.6246246246 6.26740860903 1.60356160791 201.741652324 205.571655565 165 206 18.2502409648 5.86356388056 0.146373816513 3294.794397
GENTRY macro 148.0 24 109.971014493 0.472853111746 0.2652 0.431966267126 0.532657657658 -0.143021338924 0.764579746203 0.450324740046 0.344594594595 0.842859751644 51.0 46.6216216216 3.50140766348 0.869746001548 28.6984126984 30.0511296076 31 34 4.60256613888 1.97278784766 0.304989356895 21.1391490079
GENTRY macro 430.0 58 93.4748941319 0.476549455589 0.3743 0.489748295151 0.552044907779 -0.0599492675323 0.85556088373 0.548493578743 0.104651162791 0.953942671714 45.0 19.5348837209 2.26807185748 0.562639428215 60.4885459368 63.0494887858 67 62 9.40006910508 2.79700836859 0.0927446782451 22172633.1535
GENTRY macro 482.0 159 49.5749542234 0.670806613847 0.1572 1.1667495316 0.62261541272 -0.014805776722 0.865149338144 0.501690146775 0.180497925311 0.959995523493 87.0 20.9543568465 10.8107156314 1.27331196502 227.223734799 237.131551974 230 265 25.5748509671 7.24225154692 0.159962121257 1211.15470153
GENTRY macro 212.0 28 141.291005291 0.42179020444 0.2962 1.16121377849 0.551886792453 -0.134341248561 0.786603795326 0.47226596458 0.259433962264 0.879405482378 55.0 43.8679245283 2.97919124278 0.484783407847 52.1137440758 34.9155222638 37 45 5.0405236872 1.92304789528 0.229912737929 74.7923926356
GENTRY macro 188.0 20 218.884210526 0.348954371033 0.2982 0.385719147524 0.487234042553 -0.214013080382 0.735853245417 0.424472955045 0.313829787234 0.832333635129 59.0 51.0638297872 2.34879414629 0.572228182783 34.0748663102 27.2550031176 27 33 3.6284179477 1.45864991498 0.278007078654 30.1617505499
GENTRY macro 351.0 170 2.8064392621 0.757965444942 0.6044 0.963300472176 0.703267973856 -0.0114274216903 0.950440127488 0.7739514725 0.02849002849 0.990267936137 10.0 5.41310541311 2.02584019071 0.924826323699 319.935362998 315.298285714 266 332 28.8357216176 9.07392871562 0.0252486303548 4.71949663123e+83
GENTRY macro 337.0 51 171.363137255 0.420976411665 0.2063 0.966971896407 0.504160121022 -0.0718913199112 0.769518386973 0.392132290933 0.204747774481 0.904947652969 69.0 40.059347181 4.05576568346 0.864947991504 89.2954545455 75.9466758898 72 88 8.59094287802 2.77814702458 0.181452978731 375.099006161
GENTRY macro 379.0 74 49.0124028138 0.49658584915 0.3517 0.557991141179 0.556906510732 -0.0449316534142 0.860638557504 0.542730721294 0.10290237467 0.961577822488 39.0 18.7335092348 2.81588093862 0.707088607155 98.0634920635 98.6864590539 99 112 12.294661873 3.80112467734 0.0911948551257 36392881.8858
GENTRY macro 317.0 62 36.7247488102 0.48679942867 0.4198 0.893176328357 0.574234252569 -0.0551131601442 0.87358969124 0.586839523912 0.0851735015773 0.961577884147 27.0 16.403785489 2.0450187215 0.49345466176 86.3927381746 85.5248449328 84 97 10.5922973503 3.48226692907 0.0754830504329 33581888625.5
GENTRY macro 475.0 234 3.96905836176 0.761910955112 0.5104 0.836312665485 0.702096266307 -0.00794694991754 0.944128124653 0.736143945375 0.0357894736842 0.991627700831 17.0 6.10526315789 3.6726135706 1.27035564808 423.67767193 441.019518139 370 458 37.8043321505 10.7366563451 0.0317175952267 3.9845206487e+53
GENTRY macro 541.0 107 90.6572033151 0.500685450218 0.2216 1.04751109775 0.541710574049 -0.0301372791483 0.835174604634 0.457853285063 0.155268022181 0.957820972321 84.0 20.7024029575 5.85338179169 0.940235166028 163.656449553 148.905232041 148 175 16.8429903211 4.6002893102 0.137602701919 7327.33707494
GENTRY macro 428.0 84 39.7739529547 0.539970217773 0.3978 0.66035947664 0.614931019137 -0.0376263650252 0.888601978145 0.605740972936 0.0864485981308 0.970073805573 37.0 16.8224299065 3.17232060281 0.454134269547 97.2309133489 99.4222406639 106 111 13.6983516131 4.06029325399 0.0766130753312 17846952266.5
GENTRY macro 260.0 114 7.03555348548 0.703977129172 0.4272 1.24870578013 0.642375168691 -0.0180385990946 0.912525233426 0.657802365353 0.0653846153846 0.979467455621 17.0 11.1538461538 3.13600343361 1.432241174 220.3625752 251.23557133 182 229 20.3212497133 7.06997987158 0.0579456066642 1.05045053265e+17
GENTRY macro 199.0 49 17.4336734694 0.553054338383 0.4913 1.23479683145 0.612962773049 -0.0625332288176 0.892551632523 0.651130707643 0.0854271356784 0.958460644933 17.0 16.5829145729 1.71225716703 0.434089491784 80.2479338843 67.7125414012 68 82 9.06805891393 3.47351790454 0.0757078278025 29548105036.2
GENTRY macro 394.0 131 29.9614797416 0.624715704604 0.2333 0.992217249414 0.574069051033 -0.0181101825615 0.853876420343 0.486555421371 0.0964467005076 0.967275631941 38.0 19.2893401015 4.86341784647 1.65915058391 253.543582461 249.170262891 204 256 21.7524040962 6.59968465636 0.0854736628609 286382499.075
GENTRY macro 398.0 161 14.7382763975 0.696519905255 0.2944 1.04527818774 0.634055370018 -0.0132760498675 0.900431642319 0.60045261273 0.103015075377 0.978902047928 41.0 14.5728643216 7.06139565603 1.4367817959 285.630602535 300.424068776 250 308 26.7270162458 8.07020078459 0.0912947335265 35222831.154
GENTRY macro 179.0 119 0.947016094573 0.867767998418 0.7067 0.926024406752 0.766208159241 -0.010509377104 0.967595666404 0.855315554987 0.0335195530726 0.988108985363 6.0 6.70391061453 2.564578301 1.47541470186 271.094132335 284.829289316 202 263 22.7474886998 8.89447760375 0.0297059304621 7.7542136498e+60
GENTRY macro 363.0 186 5.11656495205 0.768473812352 0.4281 0.961094869761 0.690660268373 -0.00941473862923 0.93380223025 0.705979294697 0.0661157024793 0.98744014146 24.0 9.64187327824 5.91586004509 1.53782491884 405.748224152 416.205679336 304 391 31.3857069497 9.76246818812 0.0585935157324 4.73004754526e+16
GENTRY macro 402.0 211 6.63859174001 0.779210150716 0.3546 0.893115131362 0.689255146071 -0.00785359230202 0.928167691315 0.679314460327 0.0771144278607 0.986633994208 31.0 11.6915422886 7.86744268867 1.77583146981 470.632152495 479.319290086 349 451 35.020708395 10.5237234959 0.068340882311 3.82726831016e+12
GENTRY macro 414.0 35 340.616806723 0.336093632107 0.2972 0.65658908457 0.50027605245 -0.126196641995 0.781745162607 0.44438141788 0.222222222222 0.903860066746 92.0 33.8164251208 2.82100166967 0.46692675604 37.2158786798 42.4842905443 42 40 5.64234255254 1.72015615514 0.196939189895 199.162551163
GENTRY macro 178.0 35 90.3159663866 0.490527428587 0.2277 0.662417644711 0.492134831461 -0.0912372961337 0.76799269257 0.421772617253 0.303370786517 0.874510794092 54.0 39.8876404494 4.15054725589 1.20337170323 43.2569134701 51.6894132653 48 52 6.56144736074 2.62336091149 0.268784029601 34.7714834347
GENTRY macro 314.0 131 7.85660598943 0.68773499758 0.4243 0.770322369522 0.634074002042 -0.0165201421766 0.913310915417 0.652672062424 0.0541401273885 0.982007383667 17.0 10.5095541401 3.15494328735 1.3108120338 258.071352503 268.391092663 207 261 22.6110826514 7.39275768858 0.0479804386392 1.68588391107e+24
GENTRY macro 302.0 109 15.3265375467 0.654853297553 0.3358 0.809247021803 0.612977702169 -0.0212998363068 0.885678946318 0.581053266304 0.0860927152318 0.97267663699 26.0 14.9006622517 3.72894068384 1.43410921341 174.749628897 183.101508014 165 198 18.9127712641 6.27224518037 0.0762976823237 21231592518.8
GENTRY macro 293.0 41 165.97804878 0.391951491533 0.2398 0.812421523568 0.485224340298 -0.0927326053656 0.757937178615 0.392185163197 0.18771331058 0.898274877983 55.0 37.2013651877 2.8809878132 0.884747768985 102.409589041 60.6234599798 59 75 7.04203952121 2.39524557513 0.166356589469 817.457013681
GENTRY macro 133.0 34 24.0222816399 0.538275158097 0.3962 0.353318369076 0.571649712517 -0.0894348701923 0.849702238653 0.576135971721 0.172932330827 0.925773079315 23.0 30.0751879699 2.42875492441 0.813300393943 50.2762237762 54.3299459738 49 58 6.74798447611 2.94817389638 0.153257287836 1923.41981307
GENTRY macro 277.0 85 21.2179271709 0.626143664915 0.3362 0.836271861263 0.616224251433 -0.030583186616 0.883452620969 0.591030829081 0.115523465704 0.965006711934 32.0 20.9386281588 4.46157305644 0.996776025584 119.177438308 121.353771626 121 139 14.9359421281 5.10715502907 0.102380005828 1640966.32389
GENTRY macro 45.0 10 40.0555555556 0.558144995985 0.3597 1.47347791001 0.588888888889 -0.295481802799 0.751215924166 0.515464396659 0.488888888889 0.721975308642 22.0 60.0 2.39916666767 1.0631170757 11.2272727273 11.8518181818 13 14 2.36427579912 1.490711985 0.424232269619 8.14362167345
GENTRY macro 251.0 73 15.1662861492 0.594434840092 0.4414 0.926932605617 0.600665829831 -0.0380996163048 0.893882427524 0.629182318415 0.0717131474104 0.968968746528 18.0 13.9442231076 2.2020081959 0.821393261989 97.9565714286 109.217885112 103 116 13.0306059599 4.60771914261 0.063554122144 2.2921046185e+14
GENTRY macro 186.0 59 17.6832261835 0.583806870595 0.3638 0.79971972816 0.57973391653 -0.0450729277813 0.864840816721 0.569000859889 0.123655913978 0.953405017921 23.0 21.5053763441 2.88654162717 1.13829479505 155.518918919 118.3828125 92 120 11.0988923921 4.32608989313 0.109587200459 356839.267613
GENTRY macro 322.0 51 67.4596078431 0.457597679057 0.3761 1.08777356187 0.571489465351 -0.0709059146575 0.856626472607 0.560470044118 0.145962732919 0.947860807839 47.0 22.9813664596 2.94028545613 0.380900360367 63.3914238593 64.827578648 66 73 8.65868104313 2.84211888413 0.129356104026 17957.7361963
GENTRY macro 778.0 200 24.42 0.582065574972 0.3838 0.726781623785 0.619357326478 -0.0144498715975 0.907671651568 0.611181863796 0.0437017994859 0.986971405159 34.0 8.22622107969 3.62532001371 0.669205561572 268.347590633 268.004501342 273 308 29.894573448 7.17034739382 -0.0387297113951 -2.73589032e+36
GENTRY macro 272.0 29 189.958128079 0.431554303902 0.3242 0.787500263503 0.533215010142 -0.129179623078 0.797578633723 0.488150692645 0.209558823529 0.893625648789 57.0 39.3382352941 2.48646722618 0.573436001427 29.926483111 31.2341198547 33 31 4.99482494545 1.75838328151 0.185716647656 310.561872545
GENTRY macro 249.5 53 25.9176342525 0.532664821886 0.4657 1.00105320792 0.610995576058 -0.060480892856 0.88814227979 0.634500047773 0.0921843687375 0.959482090433 23.0 18.0360721443 2.02761441947 0.382555484307 69.0643863179 67.5337727706 70 79 9.421213347 3.35537137051 0.081696269681 1419466137.03
GENTRY macro 389.0 86 56.4876880985 0.525339074376 0.2682 0.858252835132 0.560500986429 -0.0362435970948 0.849198578228 0.505073260123 0.149100257069 0.956641840855 58.0 22.3650385604 4.90252941446 0.873875346336 130.995670103 122.725236041 120 142 14.2531850592 4.36037308845 0.132136662407 13037.4826048
GENTRY macro 302.0 115 13.6396643783 0.682286184587 0.3378 0.946058159382 0.633803627987 -0.0194671450897 0.896588941049 0.608809236254 0.0927152317881 0.974255515109 28.0 17.2185430464 4.82881299736 1.35440855538 177.58459224 196.411914362 173 205 19.9634807788 6.61750638296 0.0821667348102 1149173436.82
GENTRY macro 178.0 75 5.88576576577 0.680712344233 0.4924 0.904348520482 0.631835205993 -0.0294290008211 0.913181688975 0.683176991499 0.0730337078652 0.972920085848 13.0 12.9213483146 2.18206733672 1.12369213969 169.818401937 162.788871951 120 155 14.2807971969 5.62148766747 0.0647244383758 7.75342706319e+13
GENTRY macro 222.0 24 153.847826087 0.378654037031 0.3672 0.544657025415 0.487612612613 -0.168808640409 0.783841640014 0.481497446312 0.162162162162 0.886535183832 36.0 32.4324324324 1.45631432813 0.617494095532 25.8264088852 27.8955996549 29 29 4.25714851625 1.61077453251 0.143712474396 4138.15634424
GENTRY macro 292.0 204 0.837631604366 0.879748457687 0.7108 1.06166213429 0.77544990599 -0.00550756525575 0.972210233378 0.861936052624 0.0239726027397 0.993103771815 7.0 4.45205479452 2.87019428195 1.69226107001 581.55529266 578.350448138 356 478 35.759873877 11.938197014 0.0212451660211 3.1184688974e+117
GENTRY macro 265.0 101 11.197029703 0.664898656922 0.3831 1.1317320287 0.625331589763 -0.0227434032013 0.897793883048 0.620184140096 0.0716981132075 0.974154503382 19.0 13.9622641509 3.43473221325 1.28318667 191.340909091 183.822665425 156 195 17.9220147066 6.20438068002 0.0635407984287 2.32135845673e+14
GENTRY macro 265.0 95 20.444568869 0.690044461589 0.2778 1.11277762517 0.642701092354 -0.0237461413819 0.885968362065 0.590636068873 0.158490566038 0.96210751157 42.0 19.6226415094 7.09152787729 1.28502613474 124.931129477 144.713165164 136 150 16.8466938242 5.83580360992 0.140458607052 5560.71383979
GENTRY macro 355.0 114 28.4028101227 0.590206865292 0.2562 0.749933976891 0.538818878181 -0.0216290152077 0.847692657469 0.481543932299 0.0957746478873 0.965760761754 34.0 18.0281690141 3.89395035489 1.62896502426 244.539144471 255.463334932 182 233 19.2434831949 6.05049177375 0.0848780717335 363530426.003
GENTRY macro 332.0 87 63.9192729217 0.559647437511 0.1873 0.983405269192 0.516583575682 -0.0310915671145 0.805599812848 0.412970045626 0.177710843373 0.938634054289 59.0 30.421686747 5.24209329175 1.5793935402 133.447594701 157.31517256 130 154 14.8144703716 4.77474530955 0.157492134266 1426.93555018
GENTRY macro 331.0 91 51.4336996337 0.538450220477 0.2064 0.896800880201 0.483981275522 -0.0285481291623 0.799499515465 0.398159099049 0.114803625378 0.94676025228 38.0 22.3564954683 3.71892641991 1.78009615774 259.509090909 238.22175415 148 196 15.5115759758 5.00181236036 0.101742063949 1907304.91163
GENTRY macro 206.0 71 15.3758551308 0.661277630461 0.357 1.36750860385 0.643374811979 -0.0341001033649 0.890142726971 0.620732401249 0.145631067961 0.960552361203 30.0 19.4174757282 4.98100143832 1.05863262328 105.373759462 112.412345679 103 121 13.1384434965 4.94680440147 0.12906217361 18597.5329001
GENTRY macro 275.0 18 446.212418301 0.38618574256 0.3564 0.528980276156 0.53696969697 -0.227384939912 0.777741011513 0.498141575428 0.305454545455 0.844138842975 84.0 48.7272727273 2.25529832771 0.269813615361 18.0 18.4359549211 19 16 3.02664995678 1.08544084048 0.270622976997 33.7662107899
GENTRY macro 336.0 16 1964.26666667 0.290306307082 0.1932 1.29514939872 0.380952380952 -0.296130417591 0.592733628046 0.27818406111 0.526785714286 0.676516439909 177.0 70.2380952381 3.00018541702 0.751711629354 18.0059701493 17.8232142857 19 21 2.57859951229 0.872871560944 0.452681194879 7.03627142342
GENTRY macro 385.0 118 26.400478053 0.622608273761 0.2891 0.802168995017 0.614593880696 -0.0221483278868 0.885288756435 0.574935691515 0.12987012987 0.970686456401 50.0 16.6233766234 6.70293845211 0.994829182989 179.83502907 179.196638188 170 201 19.6531526481 6.01383685896 0.115094405903 133487.319818
GENTRY macro 205.0 78 18.4184149184 0.670250054297 0.2753 1.00521196471 0.604565353346 -0.0278523532797 0.861882466001 0.541986730904 0.151219512195 0.953432480666 31.0 23.4146341463 4.78568793246 1.71803592243 139.3314358 148.46875 122 151 14.4654998397 5.447756307 0.134014803361 10614.7773575
GENTRY macro 440.0 103 30.1998857796 0.51869571324 0.379 1.01844975073 0.560900264784 -0.0306131804649 0.878241954518 0.564521349974 0.0659090909091 0.974380165289 29.0 12.7272727273 2.43645078596 0.793314444916 157.851936219 158.922603135 146 173 16.7576433458 4.91033233461 0.0584104109957 5.9106491397e+16
GENTRY macro 361.0 145 6.87662835249 0.713602080428 0.4758 1.20755755818 0.674754035725 -0.0150002583781 0.929261869819 0.701187814366 0.0581717451524 0.985505022214 21.0 8.86426592798 3.54413708281 1.04765586319 199.45464135 230.370329835 211 238 24.4528755764 7.63157894737 0.0515533668546 1.45762453458e+21
GENTRY macro 333.0 214 2.91468123382 0.835098272472 0.4549 0.944087791375 0.719457775533 -0.00556240401172 0.944781747112 0.742360535933 0.0570570570571 0.989728467206 19.0 8.10810810811 6.16831543246 2.39884869499 788.296041308 879.204316366 382 526 36.6726540142 11.7271277611 0.0505655002511 8.8396129577e+21
GENTRY macro 338.0 144 8.42404817405 0.703643425809 0.3971 1.02565224478 0.645545693623 -0.0145401201667 0.913528334892 0.648230177321 0.0562130177515 0.982511116558 19.0 10.9467455621 3.83878909794 1.3818475334 289.238209483 280.856831481 227 287 24.5575945247 7.83256742237 0.0498174898923 3.716801256e+22
GENTRY macro 343.0 166 5.88043081417 0.745199236499 0.4221 0.895608542805 0.67420703221 -0.0111890369526 0.926109521397 0.683510879427 0.0612244897959 0.985728735476 21.0 10.4956268222 4.55716566724 1.529487974 344.588462682 364.562551241 269 343 28.2644088303 8.96315750279 0.0542587913543 1.70975386175e+19
GENTRY macro 418.0 134 12.4066883627 0.61770022499 0.4414 1.0359684046 0.618510319217 -0.0197715493776 0.910841649517 0.643515701068 0.0478468899522 0.983093335775 20.0 9.09090909091 2.6071919672 0.840915357662 211.368766212 212.43544201 196 234 22.036353104 6.5541542398 -0.0424032021748 -4.2972827126e+30
GENTRY macro 268.0 115 8.39862700229 0.684874071116 0.3948 0.821748237122 0.620343932511 -0.0183132457242 0.90629619054 0.637920461434 0.0858208955224 0.977973936289 23.0 13.4328358209 4.07321389644 1.3928619855 296.920185974 274.02843605 188 247 20.3899598403 7.02474305049 0.0760567883784 24277809239.0
GENTRY macro 252.0 12 530.363636364 0.352079806816 0.4756 1.20738545161 0.587301587302 -0.363979806756 0.799177559211 0.571406150073 0.309523809524 0.824798437894 78.0 48.0158730159 1.33489372291 -0.229435797884 12.0 12.4019097222 13 14 1.98935546978 0.755928946018 0.274212196048 31.9327346638
GENTRY macro 406.0 205 3.99961740794 0.769327327618 0.4963 1.06476842512 0.702955665025 -0.00881902963828 0.942578636509 0.735350116669 0.0394088669951 0.990172049795 16.0 7.88177339901 4.23629621015 1.32325741077 400.364309764 392.396049724 328 413 33.9640368422 10.1739791732 -0.0349251990326 -2.96019911715e+44
GENTRY macro 304.0 91 37.0048840049 0.609145181483 0.2337 0.866090789381 0.577284557548 -0.0284844307485 0.85212116588 0.507806160291 0.174342105263 0.95297351108 53.0 23.3552631579 6.35506531142 1.29483924189 131.178678333 145.195804196 133 154 15.7424460228 5.21920794556 0.15450666789 1757.0145862
GENTRY macro 386.0 35 304.087394958 0.335690278273 0.2917 0.946238392405 0.495484826055 -0.126684150802 0.778139947206 0.438347189086 0.199481865285 0.902037638594 77.0 37.3056994819 2.65544580842 0.438511436325 45.025974026 45.0531400966 45 51 5.70868509176 1.78145309496 0.176786194955 467.96345417
GENTRY macro 422.0 79 313.791950665 0.524660691138 0.0843 0.858087225555 0.454406383106 -0.0365984163416 0.697928373925 0.257770387373 0.364928909953 0.8499022933 154.0 44.3127962085 7.70047142038 1.74079681776 103.25259255 112.666862024 111 123 12.9032144635 3.84565982974 0.322640223491 17.4169607138
GENTRY macro 112.0 28 67.4814814815 0.521503598901 0.1974 1.0389160218 0.5 -0.101651104347 0.73362160805 0.389839847091 0.392857142857 0.819036989796 44.0 48.2142857143 4.34441157054 1.50399568512 62.5945945946 58.515941005 44 57 5.72215883408 2.64575131106 0.346533633503 13.9067031271
GENTRY macro 152.0 12 541.696969697 0.279431440717 0.2442 0.70947648192 0.355263157895 -0.377944147308 0.5676341136 0.281643342862 0.493421052632 0.658760387812 75.0 78.2894736842 1.96744163909 1.21397715926 13.7256385998 15.0 16 17 2.18954251686 0.973328526785 0.427702000787 7.9909116377
GENTRY macro 264.0 188 0.851746501308 0.883472870606 0.6995 1.11289550406 0.779497098646 -0.0056409333497 0.971068587665 0.85866812666 0.0265151515152 0.992395546373 7.0 4.54545454545 3.00408869773 1.90918804894 550.636782069 598.781444867 332 448 33.5368914853 11.5706001521 0.0234984412052 2.22964699725e+96
GENTRY macro 175.0 25 371.666666667 0.549949048052 0.1207 0.827774377481 0.457142857143 -0.10731613232 0.616650242887 0.26160288147 0.565714285714 0.668734693878 99.0 62.2857142857 4.60856058765 2.0983243566 25.8045977011 27.1402469136 29 26 4.64685276818 1.88982236505 0.480602439364 6.20340637429
GENTRY macro 267.0 58 64.1733212341 0.546097461617 0.2515 1.22918248202 0.547720521762 -0.0507498952895 0.81915322674 0.470706841222 0.187265917603 0.931448049489 50.0 29.9625468165 4.03843629104 1.1935470913 69.8374384236 72.8489440994 77 82 10.2018011878 3.5495423559 0.16596009782 836.601231018
GENTRY macro 267.0 96 13.5832236842 0.658591089377 0.3653 1.2776125857 0.630032771536 -0.0248624195058 0.895713369963 0.617276473682 0.104868913858 0.971482276368 28.0 16.4794007491 4.33709172761 1.15433368009 160.699462943 156.37168731 144 175 17.0030019797 5.87510458908 0.0929376551037 20881215.5377
GENTRY macro 208.0 47 42.5975948196 0.571885326603 0.3196 0.867690057182 0.594619476268 -0.061683774626 0.846500852019 0.544075834536 0.173076923077 0.933431952663 36.0 30.2884615385 3.51535427744 0.915703675359 55.7085346216 57.6085312743 61 65 8.61820549345 3.25886365282 0.15338542938 1905.4688518
GENTRY macro 534.5 123 173.471844595 0.548431572568 0.0989 0.672697237637 0.5066964795 -0.0230824147438 0.776537075852 0.335779937242 0.265668849392 0.917791209185 142.0 31.9925163704 9.47345729984 1.42358982435 200.027832872 201.049382716 181 218 19.4226328484 5.32024039913 0.235435511737 65.7344869282
GENTRY macro 286.0 64 36.0625 0.528839888295 0.36 0.874045641626 0.594077797203 -0.0488764560246 0.864694506623 0.562826810448 0.111888111888 0.956599344711 32.0 20.6293706294 2.92163117744 0.691902375324 110.315789474 86.3768610127 89 108 11.1386299887 3.78439933433 0.0991582573933 3611087.0217
GENTRY macro 313.0 71 61.3307847082 0.512483685609 0.2432 1.18514221285 0.518561850335 -0.0426410412535 0.812032327263 0.440894719386 0.130990415335 0.942093927671 41.0 24.6006389776 3.4527993374 1.27372262804 121.446886447 115.976549352 104 127 12.1819569686 4.0131572745 0.116087233047 113407.114203
GENTRY macro 265.0 43 60.8062015504 0.484011608103 0.3901 0.600833361796 0.58534444932 -0.0807533406897 0.856482555369 0.572934318851 0.154716981132 0.940377358491 41.0 25.2830188679 2.67942872899 0.408560837562 50.3611111111 51.1989065232 54 58 7.52724617676 2.64146900239 0.137114354504 7693.95419623
GENTRY macro 303.0 122 7.65675382739 0.692871127033 0.4482 0.854194683331 0.650029757074 -0.018202856047 0.918308491837 0.672719021491 0.0627062706271 0.981712032589 19.0 10.8910891089 3.20438470434 1.15505773073 195.942146695 219.599691479 185 222 21.1770490709 7.00871687338 0.0555719854244 2.48331759191e+18
GENTRY macro 322.0 96 29.5364035088 0.627460557695 0.2779 1.00586229831 0.605848861284 -0.0267896208223 0.873744227814 0.557377049896 0.149068322981 0.962520736083 48.0 19.5652173913 6.13765785069 1.13394796469 124.783266578 135.865048192 134 148 16.451493982 5.34987084072 0.132108361558 13078.7716722
GENTRY macro 348.0 73 40.8755707763 0.514290171843 0.3605 0.981418108852 0.585183435679 -0.0442741177244 0.867910616802 0.561372461469 0.0948275862069 0.961999603646 33.0 18.1034482759 2.91897248224 0.630820433318 114.413120868 98.5660027709 100 119 12.3030603006 3.91321075216 0.0840387601722 513107851.689
GENTRY macro 310.0 107 12.4893316875 0.652854422255 0.4042 0.862080916018 0.636448598131 -0.0229337784248 0.904194075077 0.635701511018 0.0774193548387 0.976878251821 24.0 13.8709677419 3.49593231254 1.0409265433 159.435814455 168.420064662 156 183 18.4779332506 6.07719162644 0.0686111168092 3.1143467514e+12
GENTRY macro 445.0 40 201.445512821 0.364383503723 0.3866 0.69265750142 0.567696629213 -0.106096933386 0.843833651805 0.55086987837 0.170786516854 0.935326347683 76.0 24.7191011236 2.70517541442 -0.033836279188 58.0405405405 47.6820211205 50 58 6.39546161549 1.89618185256 0.151355609726 2216.43979518
GENTRY macro 167.0 39 58.1025641026 0.479574587593 0.2446 0.703447373262 0.462613235068 -0.077375252331 0.770906904792 0.41706726907 0.245508982036 0.895191652623 41.0 37.7245508982 3.41970006241 1.40828957228 69.9855421687 94.179160589 61 76 7.4247842793 3.01791060688 0.217575228753 103.015225773
GENTRY macro 338.0 128 12.2477854331 0.681709956282 0.3646 0.833889020926 0.641965606509 -0.0176602578961 0.903617224941 0.623530239152 0.0739644970414 0.978572178845 25.0 13.6094674556 4.18470991522 1.27213272664 207.293419445 200.80192653 192 231 21.8098916408 6.96228215322 0.0655493288057 3.73738093569e+13
GENTRY macro 283.0 116 18.318065967 0.703349821428 0.2468 0.752787033764 0.625411234312 -0.0176791242718 0.880058496339 0.561660267486 0.148409893993 0.965076352558 42.0 20.8480565371 7.31644602846 1.68604419445 200.415936587 227.478318914 182 223 20.3703979658 6.89548426002 0.13152484406 13965.9135628
GENTRY macro 127.0 53 5.32075471698 0.70655869417 0.5238 0.899787293152 0.665725746546 -0.0412007193774 0.915773159164 0.710297653309 0.0787401574803 0.963977927956 10.0 15.7480314961 2.08937681059 1.04025672152 81.3028571429 98.5030142857 80 95 10.7345152183 4.70298949991 0.0697816476734 1.31033473097e+12
GENTRY macro 305.0 49 68.0110544218 0.451072202344 0.3677 0.521317259202 0.544730679157 -0.074012781809 0.844506922338 0.536533410541 0.134426229508 0.944498790648 41.0 22.6229508197 2.37250359172 0.548217538833 61.3935758514 63.8222183145 64 71 8.39115102018 2.80573183814 0.119132144077 70478.0023058
GENTRY macro 268.0 40 180.625641026 0.405363157351 0.2031 0.888563155694 0.462686567164 -0.0923587155367 0.738371474344 0.365065613191 0.268656716418 0.876921363333 72.0 45.1492537313 3.76575744825 1.05501147925 58.2012484395 65.966496226 57 67 6.97551257693 2.44338888713 0.238081689625 61.9634887042
GENTRY macro 262.0 123 8.70425163268 0.742687127111 0.3445 1.01295730069 0.668404393968 -0.0152509643194 0.911182925187 0.649349099924 0.110687022901 0.976399976691 29.0 15.2671755725 6.62176491787 1.60743999347 229.327398392 251.536199095 197 246 21.9095639499 7.59896537755 0.0980938199929 4765295.34637
GENTRY macro 248.0 111 5.21736281736 0.729457869624 0.4912 0.967751118215 0.676583841906 -0.0184698007302 0.929098479979 0.713535427218 0.0685483870968 0.981659729448 17.0 11.2903225806 3.4937569314 1.12922611976 196.46087939 199.989068622 172 212 19.9512871326 7.04850704851 0.0607494263415 3.97990031045e+15
GENTRY macro 304.0 132 11.3273189914 0.737070291525 0.3206 0.751439555472 0.672348484848 -0.0148926370672 0.907823798102 0.634811754335 0.111842105263 0.976367728532 34.0 15.1315789474 6.91657337355 1.53473819987 204.422848439 227.314894266 201 238 22.9140047665 7.57071921773 0.0991174850835 3649070.42742
GENTRY macro 142.0 42 27.6074332172 0.621357001077 0.2978 0.967592618751 0.577800134138 -0.0592676062156 0.834602633332 0.527667206801 0.204225352113 0.920055544535 29.0 33.8028169014 3.62553788268 1.4713298806 49.7968428277 55.5876923077 58 59 8.27308933977 3.52456170485 0.180989994877 383.152332531
GENTRY macro 539.0 58 213.473986691 0.44918671775 0.2916 0.954346783342 0.548045550509 -0.062838024971 0.829792436092 0.49226145073 0.168831168831 0.940875186303 91.0 26.159554731 3.67818482263 0.524720551907 60.6716232962 62.3951991271 66 64 9.06241297518 2.49823685507 0.149622727665 2533.41960874
GENTRY macro 323.0 147 7.94026651757 0.731944293426 0.3797 0.992217217113 0.663549630378 -0.0129996764465 0.913119813867 0.645781454358 0.0588235294118 0.982085517929 19.0 11.7647058824 4.13626043342 1.67619552205 247.875688916 284.009642467 232 282 25.2697794592 8.1792987959 0.0521309956149 5.32429086522e+20
GENTRY macro 186.0 20 213.484210526 0.356169812852 0.299 1.28748853547 0.472043010753 -0.210609317762 0.732087876214 0.419121437158 0.284946236559 0.832755231819 53.0 52.688172043 2.16728281339 0.692497065317 24.3088803089 24.8249665967 26 29 3.63584405949 1.46647115021 0.252500886298 46.1841656006
GENTRY macro 234.0 99 6.78478664193 0.703824344476 0.4541 1.00162293849 0.652680652681 -0.0216435033062 0.916915714641 0.679405353684 0.0769230769231 0.977755862371 18.0 12.8205128205 3.30896818401 1.21349593363 165.843796786 188.214951724 153 186 17.9641120894 6.47183245956 0.0681713019579 4.36118141762e+12
GENTRY macro 449.0 78 109.173659674 0.472036555792 0.2352 1.14987635229 0.494117982982 -0.0427448110922 0.808653230563 0.427119390794 0.153674832962 0.945481421223 69.0 23.6080178174 3.87011307463 1.10499335974 97.7409361472 100.52574954 104 114 12.608434816 3.68104758983 0.136190774735 8449.77601011
GENTRY macro 374.0 36 355.844444444 0.376885069087 0.2378 0.718917849262 0.528669043375 -0.113359350578 0.773437956895 0.428133167478 0.288770053476 0.883182247133 108.0 39.3048128342 4.12799568032 0.341267485757 54.0482573727 42.9930483566 46 54 5.90791505243 1.86151568398 0.255883120169 43.3738595956
GENTRY macro 314.0 43 135.120708749 0.40670001578 0.2878 0.55312617975 0.511553843875 -0.0900461914742 0.803307678438 0.464762350719 0.210191082803 0.919185362489 66.0 31.2101910828 3.40888738688 0.629318448471 57.0447284345 57.8753442798 57 65 7.30511901047 2.42663038633 0.186276970579 303.217818137
GENTRY macro 305.0 105 20.0677655678 0.631796037273 0.298 0.912749937224 0.593911007026 -0.0232329047885 0.877135583679 0.56031750022 0.124590163934 0.968040849234 38.0 17.7049180328 5.24876889408 1.3176913889 184.23414305 191.201926315 161 198 18.1808272104 6.0122825103 0.110415157925 305003.933616
GENTRY macro 487.0 146 18.1141709967 0.62803838423 0.3821 0.899315330148 0.625101966189 -0.0179750412298 0.90492387015 0.620015415724 0.0616016427105 0.982076072337 30.0 11.2936344969 3.77892130289 0.899429808869 189.469541529 200.193887668 202 223 23.4314497759 6.61589151467 0.0545930344221 1.03267913803e+19
GENTRY macro 365.0 178 6.28556465435 0.752382201468 0.4022 0.947635131758 0.679375096198 -0.0102976443292 0.926701308802 0.682200525632 0.0657534246575 0.98603115031 24.0 11.2328767123 5.45844501655 1.53907967905 381.778636618 386.888950784 288 369 30.00052194 9.31694582211 0.0582724553722 7.00070089152e+16
GENTRY macro 433.0 156 43.5815963606 0.66286103335 0.151 0.982882141185 0.576153253982 -0.0138483933956 0.841853975977 0.446403176036 0.173210161663 0.957560176864 75.0 24.0184757506 8.97549585662 1.88282344306 314.32791754 320.662323937 248 314 25.5323169843 7.49688156878 0.153503509001 1889.11271331
GENTRY macro 309.0 133 11.3568010936 0.703562410649 0.3238 0.810031908418 0.630191984816 -0.0151692654854 0.898146711147 0.604713211194 0.0970873786408 0.976780720772 30.0 15.5339805825 5.370749098 1.64793518582 252.632443029 301.262253165 213 267 23.0232239152 7.56610564905 0.0860414490731 229163693.178
GENTRY macro 445.0 152 11.9483705124 0.650012410666 0.4193 1.22354945306 0.638571850976 -0.0163196908246 0.912999694027 0.643575411039 0.0449438202247 0.984310061861 20.0 8.76404494382 3.12402744344 0.981200977051 229.091271599 231.873643334 221 260 24.7619154856 7.20549103973 -0.0398304236159 -3.38367265525e+34
GENTRY macro 467.0 96 20.5814692982 0.544351165225 0.5374 0.941830204362 0.636821912919 -0.0330816907766 0.918006139232 0.68451969694 0.0406852248394 0.980618004576 19.0 8.13704496788 1.39954521998 0.142744145471 128.940100765 117.307999947 124 141 15.4563799005 4.44235020847 -0.0360563417208 -6.55095337567e+41
GENTRY macro 315.0 135 12.3134328358 0.718155415635 0.3082 1.11412118843 0.646560846561 -0.0147078817043 0.897660943103 0.602372700098 0.0984126984127 0.975963718821 31.0 16.1904761905 5.61641472116 1.69865492198 228.740210922 260.791238507 211 257 23.2939257639 7.60638829256 0.0872159831398 146470938.552
GENTRY macro 332.0 148 17.9132193418 0.728400884292 0.2205 1.0678517038 0.630576359492 -0.0123206026517 0.878917055631 0.542944068815 0.135542168675 0.969353316882 45.0 19.8795180723 7.81241993385 2.10120831218 269.699899295 339.46031746 240 298 25.3224086584 8.12255523924 0.120121119414 60840.1528802
GENTRY macro 329.0 171 13.2588923289 0.783544574559 0.2193 1.08245149634 0.671412573988 -0.00884341430226 0.893920343152 0.577121906694 0.130699088146 0.973328036511 43.0 18.5410334347 9.1219704811 2.49409717429 380.436585366 434.897678571 288 373 29.3302805648 9.42753517378 0.115829051047 118272.200615
GENTRY macro 304.0 116 10.6548725637 0.662884595335 0.394 0.951108365458 0.621256805808 -0.0198645213839 0.90205499245 0.62452751486 0.0625 0.978120671745 19.0 12.1710526316 3.2304110972 1.27901715112 207.137002072 220.446096043 179 221 20.1153476957 6.65305628225 0.0553891828408 3.22211487748e+18
GENTRY macro 779.0 46 1680.68454106 0.317320925501 0.1485 0.779726824885 0.448456772897 -0.0988433143205 0.698567877663 0.300134473745 0.336328626444 0.853630522658 262.0 44.8010269576 4.96908112596 0.596905746468 50.8061696658 52.72787323 55 57 6.75877520929 1.64812103697 0.297767010497 23.0690561974
GENTRY macro 366.0 54 573.157232704 0.455372936518 0.0755 0.823502195267 0.387978142077 -0.0591683186391 0.615797091196 0.201185012031 0.48087431694 0.754710501956 176.0 54.6448087432 6.72777171986 1.73276964876 78.0657534247 93.8729254895 78 91 8.97904325178 2.82262521684 0.418051354438 8.42996570063
GENTRY macro 327.0 85 44.0358543417 0.536794522639 0.2538 0.893087865784 0.520633207411 -0.033331460712 0.827444708296 0.458214660723 0.110091743119 0.953642136371 36.0 22.0183486239 3.52273371076 1.39683706287 160.912147239 150.022222222 129 161 14.5078718196 4.70051074068 0.0975662670223 5485497.45854
GENTRY macro 343.0 74 100.481488338 0.500414283632 0.1781 0.857036559346 0.492396186274 -0.0412159144031 0.782438195851 0.383708298221 0.215743440233 0.924138751711 74.0 32.944606414 5.24470688052 1.36948944606 128.942791762 129.194624 110 135 12.5048596643 3.99562442895 0.191197589418 247.769578721
GENTRY macro 132.0 31 13.264516129 0.560703718813 0.5855 1.23723053141 0.631476050831 -0.0990227909785 0.901356050602 0.703088458842 0.0909090909091 0.944903581267 12.0 17.4242424242 0.803367997568 0.1625206337 37.9759248385 40.4336286956 41 45 6.1440133095 2.69820366731 0.0805660841321 2393275337.42
GENTRY macro 244.0 64 27.4563492063 0.52879499816 0.3497 0.625688552768 0.52612704918 -0.0459999492231 0.850282698553 0.529160278656 0.106557377049 0.955321150228 26.0 18.0327868852 2.32873901882 1.13410144646 98.5861911294 116.571337916 95 113 11.460446073 4.09718015785 0.0944340166466 13272132.5683
GENTRY macro 445.0 241 4.03049792531 0.79190832495 0.4593 1.00044754523 0.707063266353 -0.00674160072678 0.942043534466 0.726555887394 0.0426966292135 0.990965787148 19.0 7.6404494382 4.99151979279 1.67957806471 489.579658606 543.816654702 395 502 39.3566868646 11.4244956617 -0.0378389024351 -1.27030730134e+38
GENTRY macro 188.0 15 673.552380952 0.27231921748 0.1999 0.424692656523 0.33829787234 -0.304928733841 0.55545527388 0.250039656882 0.510638297872 0.666534631055 96.0 75.0 2.54475699776 1.24835052347 23.4449197861 28.7176731302 22 27 2.67357111935 1.09398743623 0.440715531472 7.46426789418
GENTRY macro 166.0 30 37.4298850575 0.491708151486 0.4583 0.856363340959 0.567871485944 -0.113725614685 0.856224238763 0.599896571487 0.132530120482 0.927275366526 22.0 24.0963855422 1.43028445273 0.470426364867 33.755959596 37.8352504638 38 39 5.6729399992 2.32845157712 0.117451761205 91231.8241866
GENTRY macro 425.0 181 7.40595457336 0.694454511608 0.4281 1.0738250339 0.639311017225 -0.0118529570593 0.922535372122 0.666671269803 0.0564705882353 0.987094809689 24.0 8.70588235294 4.03546179811 1.22698149229 395.504716981 371.123404625 288 369 29.7417957627 8.77978962632 0.0500457557903 2.38166159522e+22
GENTRY macro 232.0 10 701.733333333 0.197863912323 0.4601 0.288694979057 0.520689655172 -0.581846567646 0.723460627487 0.476673373455 0.284482758621 0.782662009512 66.0 56.4655172414 0.656973893244 0.036825244056 11.2051948052 13.75 13 14 1.652365331 0.656532164299 0.25209085183 46.5438910055
GENTRY macro 109.0 11 65.0909090909 0.444129066623 0.624 1.47980303801 0.675562969141 -0.330736843862 0.866878870009 0.699394791282 0.211009174312 0.854305193166 23.0 40.3669724771 0.520569100042 -0.671129213499 11.6728395062 12.2142518939 13 14 2.13158355574 1.05360891374 0.187001982083 294.058206771
GENTRY macro 410.0 172 5.29049367605 0.710322065974 0.5193 1.18248014555 0.667810550199 -0.0127283806745 0.937314357748 0.722597102758 0.0414634146341 0.988804283165 17.0 7.80487804878 3.06192584335 0.904343261489 285.784770207 287.760866126 261 316 28.423459604 8.49447453119 -0.03674599447 -2.07052287737e+40
GENTRY macro 669.0 203 21.9914158904 0.621440242233 0.3317 1.15404047795 0.613407261776 -0.0128943178144 0.900416983394 0.587097960059 0.0523168908819 0.98514839318 35.0 10.4633781764 4.49311589836 1.01563106154 289.128742515 294.779739347 289 333 31.0492936951 7.84843343122 0.0463646373555 7.05623852533e+25
GENTRY macro 271.0 99 13.0119562977 0.654104883932 0.3678 1.03398194204 0.613179768161 -0.0239221852024 0.894770718929 0.612683771888 0.10332103321 0.972535777018 28.0 15.1291512915 4.22733255897 1.2339713521 155.87654321 180.816711668 150 179 17.4933811891 6.01382171838 0.0915658815966 32249594.3726
GENTRY macro 300.0 121 7.5849862259 0.691790759331 0.4497 0.747983029076 0.647796143251 -0.0183011606537 0.91722691581 0.669628983977 0.0466666666667 0.981622222222 14.0 9.33333333333 2.8344171059 1.18885445952 194.944595192 222.374842371 184 221 21.0386704846 6.98593825719 -0.0413572565211 -1.34913068968e+32
GENTRY macro 247.0 20 274.45 0.32460166782 0.3691 1.39970488053 0.502429149798 -0.227404436978 0.772500116805 0.479834839183 0.259109311741 0.864528184366 64.0 39.6761133603 1.80075422475 0.330772637113 21.0953436807 23.8908992709 24 23 3.44865869659 1.27256952595 0.229625138874 75.313801402
GENTRY macro 391.0 102 18.100660066 0.5691470325 0.4505 1.16740774895 0.602728047741 -0.0289674705968 0.902054324188 0.632113894154 0.0562659846547 0.978237975942 22.0 10.4859335038 2.15015776019 0.648326996874 140.097435897 147.310852072 141 161 16.9215862873 5.15836172173 0.0498644305881 3.39004786351e+22
GENTRY macro 281.0 85 35.4529411765 0.585580101038 0.2378 0.866293091464 0.555578815156 -0.0305107729885 0.838274788439 0.481387105639 0.163701067616 0.950519876901 46.0 24.1992882562 5.09155357252 1.43531673344 179.335714286 158.952990822 132 168 14.897963134 5.07067488331 0.145076293844 3676.55356441
GENTRY macro 338.0 171 2.75239078087 0.766732311068 0.5881 0.871031293403 0.705283919859 -0.0108269845888 0.949093593928 0.768353684892 0.0295857988166 0.990056370575 10.0 5.62130177515 2.24656291722 1.09777432875 335.00904338 349.468719978 273 344 29.1943431413 9.30117381407 0.0262197315223 5.11035343934e+77
GENTRY macro 279.0 175 2.09307060755 0.848144470757 0.5498 0.962521671728 0.746523297491 -0.0076269878051 0.956860958114 0.799123888935 0.0573476702509 0.989607019437 16.0 7.8853046595 6.28099505708 1.75572289684 368.048093032 392.137097558 294 377 30.8992108167 10.4769759516 0.0508230494883 5.46986546128e+21
GENTRY macro 388.0 63 79.4260112647 0.474056247666 0.3267 1.1107421576 0.58685157912 -0.0557076418152 0.858059056677 0.548221273929 0.162371134021 0.951416197258 63.0 22.4226804124 4.40791770012 0.391268622818 76.3387259858 77.8959995621 81 88 10.400930123 3.19834042017 0.143897670884 4071.4635815
GENTRY macro 348.0 120 28.4941176471 0.637348254911 0.2294 0.775384530919 0.585057471264 -0.0196976344347 0.861075337844 0.510139586774 0.140804597701 0.963667591492 49.0 21.5517241379 6.36320092974 1.50438041836 233.711372201 225.841128936 187 235 20.3342246635 6.43267520903 0.12478482571 31802.8646944
GENTRY macro 412.0 143 26.2604156407 0.65225805911 0.2415 1.11192927783 0.606813089823 -0.0165399140832 0.87732366146 0.54077910388 0.128640776699 0.971038740692 53.0 18.2038834951 7.25395328729 1.3765088115 235.434882828 251.197989534 216 261 23.5840307803 7.04510433887 0.114004920022 160396.753637
GENTRY macro 317.0 85 31.0568627451 0.554438520555 0.3119 0.672767977053 0.572573761366 -0.0338490776323 0.860762650507 0.533215672579 0.123028391167 0.962274477804 39.0 18.6119873817 3.83823083094 1.04103473607 171.588940706 129.554899306 126 158 14.586114384 4.77407562856 0.109031072847 397288.51343
GENTRY macro 280.0 62 16.2538339503 0.615033549506 0.5605 0.698606153331 0.676267281106 -0.0456224049387 0.922370697291 0.721374427029 0.0785714285714 0.971224489796 22.0 13.2142857143 1.96279038351 0.0953267371558 71.6132805131 70.277820122 76 81 10.8256038461 3.70520868894 0.0696321155713 1.46006704201e+12
GENTRY macro 375.0 160 6.74272798742 0.725412460126 0.4505 1.02759458577 0.677666666667 -0.013027085475 0.928810668656 0.694864069595 0.0586666666667 0.986126222222 22.0 9.33333333333 4.13124811653 1.1683437484 251.511636665 264.148905646 241 287 26.8267225377 8.26236447191 0.0519919796266 6.76401501802e+20
GENTRY macro 465.0 244 4.25856776631 0.778386194326 0.4613 1.10632008104 0.700035254715 -0.00694433363246 0.940081720236 0.718214122928 0.0387096774194 0.991115735923 18.0 7.09677419355 4.41167055672 1.62059584481 492.555580762 539.650604971 398 505 39.5634190992 11.3152290565 -0.0343055584046 -1.09133105428e+46
GENTRY macro 439.0 250 7.36592771084 0.81186581865 0.2959 0.935989936932 0.698633257403 -0.00554009325583 0.923003292565 0.652291147203 0.0797266514806 0.986483050628 35.0 11.1617312073 8.65385111844 2.48729476702 571.258111031 619.073039197 425 553 40.923662424 11.9318489976 0.0706559052183 705525451163.0
GENTRY macro 95.0 17 25.1323529412 0.48438028959 0.569 1.45769908968 0.611764705882 -0.204286178353 0.866723326501 0.665847777877 0.168421052632 0.896620498615 16.0 30.5263157895 0.68973313356 0.0430278044003 19.8875379939 22.1267946532 22 24 3.513489798 1.74416319854 0.149259271648 2606.90514119
GENTRY macro 226.0 26 233.981538462 0.380030032477 0.2514 0.761769963175 0.452008168822 -0.151962092427 0.725030112417 0.384578772259 0.278761061947 0.847012295403 63.0 50.4424778761 2.66149252868 0.94751331745 29.2451282051 33.0893737442 33 34 4.61209087357 1.72949427362 0.247027669327 51.3650564758
GENTRY macro 184.0 23 183.363636364 0.366613324159 0.2673 0.410631800425 0.45652173913 -0.175752459024 0.729282426343 0.401909935145 0.33152173913 0.837370037807 61.0 47.2826086957 2.87183206209 0.852224913182 28.1187282663 32.5591836735 31 34 4.21865216036 1.69558249578 0.293556679165 24.3339007428
GENTRY macro 162.0 24 74.4565217391 0.39543413517 0.3897 0.25834018119 0.512345679012 -0.163782084168 0.801109378865 0.511112122394 0.172839506173 0.893080323121 28.0 33.950617284 1.52351491075 0.564768621907 34.3496007098 36.1307612842 33 39 4.52079891652 1.88561808316 0.153175024128 1935.05549895
GENTRY macro 211.0 23 135.968379447 0.427848666276 0.3929 0.609025656256 0.554708427777 -0.165154759625 0.811308789278 0.533119678024 0.199052132701 0.889333123694 42.0 36.4928909953 1.77774487987 0.434523178829 23.4637362637 24.9538858862 26 23 4.11072181872 1.58338529889 0.176405354723 476.829432046
GENTRY macro 186.0 21 106.428571429 0.407271622053 0.4363 0.603426197629 0.543010752688 -0.188790813046 0.821082609301 0.559005581485 0.209677419355 0.890854434039 39.0 34.4086021505 1.50449217021 0.273355538222 22.3405405405 23.8238086865 25 25 3.82720427314 1.53979470772 0.185821750058 309.166215503
GENTRY macro 117.0 18 97.7941176471 0.405607218926 0.3139 0.87665892063 0.5 -0.211711618627 0.745068807725 0.447951803214 0.333333333333 0.822996566586 39.0 52.9914529915 2.34912999599 0.802745723218 24.0517241379 27.9837962963 25 29 3.56979821249 1.66410058868 0.295144276557 23.8437551542
GENTRY macro 118.0 20 37.9894736842 0.507386803833 0.491 0.517681145454 0.628813559322 -0.168133238535 0.861709969318 0.642964165986 0.228813559322 0.89816144786 27.0 33.0508474576 2.08628266343 0.0751943524023 22.8815628816 23.6902599625 25 27 3.98265689217 1.8411492358 0.202780465942 162.234740714
GENTRY macro 119.0 20 58.8921052632 0.430427689109 0.3875 1.39745583361 0.560504201681 -0.185401665963 0.807291473693 0.538326700476 0.27731092437 0.870983687593 33.0 39.4957983193 2.35698386272 0.42744349875 31.2949152542 30.2672340426 28 34 3.97562440631 1.83339699406 0.245744096888 52.708856618
GENTRY macro 141.0 22 124.443722944 0.450574675027 0.2569 0.445366789951 0.506769825919 -0.160912414357 0.74873104569 0.434211402839 0.375886524823 0.823097429707 53.0 47.5177304965 3.52168781796 0.849357619103 28.0428571429 30.2017125051 29 33 4.24348735141 1.85273422635 0.332068924957 15.8638819469
GENTRY macro 257.0 34 314.678253119 0.454421569077 0.1576 1.44411623976 0.462233920806 -0.100545694209 0.698870700651 0.325977265244 0.396887159533 0.813365834456 102.0 49.8054474708 4.68860764259 1.21993019613 39.5600961538 39.565234375 43 46 5.94693593945 2.12086172928 0.349941353603 13.506886588
GENTRY macro 320.0 173 2.10518886947 0.807122040265 0.6204 1.02798552846 0.73712066474 -0.00973890926442 0.95755497298 0.802395133199 0.034375 0.99068359375 11.0 6.25 2.97765668821 1.09863556322 293.153256705 311.399358601 272 331 29.8180354605 9.67099400269 0.0304640505624 9.39771213736e+57
GENTRY macro 350.0 64 230.411706349 0.477003231749 0.1165 0.75508811668 0.434732142857 -0.0477750085563 0.69898358632 0.274629304938 0.311428571429 0.86587755102 109.0 46.5714285714 5.63669887615 1.70034463739 111.373447947 108.279362388 96 118 10.7546464493 3.42094389648 0.275891291867 31.1290721049
GENTRY macro 342.0 95 27.7319148936 0.554811480952 0.3208 1.35148024816 0.553801169591 -0.0299864003845 0.865242289516 0.53648126869 0.108187134503 0.96718648473 37.0 17.2514619883 3.66498067018 1.10348437739 160.707278059 174.768735698 142 173 16.1102054953 5.13701166914 0.0958783515841 8738555.0254
GENTRY macro 376.0 47 620.347826087 0.43380310165 0.0954 1.607218163 0.409574468085 -0.0736975871421 0.644708711174 0.23843147241 0.454787234043 0.776878678135 171.0 52.3936170213 6.1586552602 1.40679636124 57.0266666667 56.9451333713 62 67 7.75770443578 2.42383992871 0.397535360979 9.53416341706
GENTRY macro 290.0 137 8.61861313869 0.74802677576 0.3437 0.91266548184 0.672942360936 -0.0135383625896 0.913293664563 0.650175357263 0.0965517241379 0.978763376932 28.0 15.8620689655 6.33545506969 1.63072424945 253.929521034 265.646361496 219 273 23.9863943965 8.04491700735 0.0855667376299 276025258.787
GENTRY macro 152.0 38 15.7837837838 0.595375494215 0.5101 0.755472671967 0.618421052632 -0.0751482423616 0.892689014345 0.668083295113 0.0986842105263 0.948407202216 15.0 19.0789473684 1.52002864244 0.53328304001 44.513439813 48.6096938776 49 52 7.36482482943 3.08220700148 0.0874566044855 133927867.45
GENTRY macro 438.0 109 36.1292898403 0.57106977269 0.3109 0.692180522424 0.596979598676 -0.0267034449139 0.877560587299 0.558993350082 0.111872146119 0.970486436897 49.0 17.8082191781 4.85057236671 0.843278179847 142.267442427 149.162976284 149 166 17.7566775533 5.20822145999 0.0991441080986 3624218.30928
GENTRY macro 344.0 215 1.86728971963 0.832592821357 0.5794 0.945304913765 0.729651162791 -0.00626681975941 0.95633402194 0.78997818642 0.0261627906977 0.991972011898 9.0 5.23255813953 3.32480824094 1.8168403637 572.307340847 676.206920446 370 492 36.6398098965 11.5920231194 0.0231861695613 8.2384834899e+98
GENTRY macro 148.0 29 25.5960591133 0.517063705592 0.5131 0.794706357081 0.635368126747 -0.113789801251 0.880773770114 0.657525958647 0.141891891892 0.932797662527 21.0 26.3513513514 1.64265818831 0.146110899498 37.0544217687 36.28595 38 43 5.60312399515 2.38378531593 0.125748415098 28053.0703292
GENTRY macro 330.0 149 10.4805913296 0.706311512434 0.3203 0.8076505703 0.61822249339 -0.0126341978106 0.89486062116 0.588133832364 0.0727272727273 0.979044995409 24.0 13.0303030303 4.3309561767 1.90508206319 379.932353149 399.378789563 249 328 25.5212338927 8.20218005019 0.0644528673057 9.9191234372e+13
GENTRY macro 400.0 235 1.8168757956 0.834869952223 0.6156 0.970716137357 0.747234042553 -0.00641042502005 0.963298043438 0.817645789419 0.0375 0.9930875 15.0 5.25 4.9071605941 1.25593830487 427.930925444 433.28232985 379 470 39.0555594814 11.75 0.0332335097045 9.06837351298e+48
GENTRY macro 372.0 209 4.59555576003 0.791977515746 0.4092 0.997626379986 0.691812008026 -0.00722975212568 0.934002700823 0.701444099348 0.0645161290323 0.988307896867 24.0 8.87096774194 6.28960804747 1.97725931396 512.096465586 633.35375362 356 468 35.1417013248 10.8361452099 0.0571759306744 2.80718011615e+17
GENTRY macro 288.0 83 16.8131060829 0.630933912148 0.4202 1.07994973841 0.63453815261 -0.0318241167341 0.900813328132 0.640811027271 0.0798611111111 0.971330054012 23.0 15.9722222222 3.17052439683 0.795583735489 99.8585365854 105.713726733 111 117 14.4800586703 4.89082190321 0.0707750669632 649568398835.0
GENTRY macro 261.0 118 4.27096914385 0.726219923914 0.536 1.14584896344 0.674297032275 -0.0175190538717 0.935021268934 0.73117387854 0.0536398467433 0.984189897388 14.0 8.8122605364 2.6492483247 1.01773896042 237.973180873 223.627436766 185 234 21.0260707906 7.30401663496 0.0475370764611 4.52378530061e+24
GENTRY macro 152.0 28 115.291005291 0.460747774421 0.2095 0.746852797462 0.510338345865 -0.119183559475 0.73046620969 0.385374992682 0.361842105263 0.8295533241 55.0 51.9736842105 3.86902359408 1.12913516544 59.4066225166 42.9475925926 41 52 5.37433163228 2.27109989583 0.319972852186 17.9047153792
GENTRY macro 152.0 35 90.7025210084 0.568415336156 0.1763 0.963124219725 0.531015037594 -0.0785914471728 0.749610340013 0.393228096138 0.375 0.837950138504 57.0 44.7368421053 5.0468541166 1.54380596602 44.2372419166 47.2055555556 48 53 6.76767687028 2.83887486979 0.331308538559 15.9800826738
GENTRY macro 220.0 59 56.4079485681 0.594033234842 0.2005 1.06045723393 0.579429892142 -0.0451268739262 0.814654165574 0.46051222737 0.254545454545 0.915454545455 56.0 32.2727272727 5.9646313341 1.30642981646 102.531202435 82.1447288871 85 104 10.7534306923 3.97777918853 0.225581900361 83.2476305725
GENTRY macro 282.0 92 68.5231724797 0.660165181489 0.1217 0.901369584673 0.56683626272 -0.0239801158208 0.794853026852 0.388846447907 0.276595744681 0.910718776721 78.0 34.0425531915 8.27691432218 2.01522527174 144.651824878 155.993153488 140 167 16.1292979228 5.47852027441 0.245111019628 53.3914419377
GENTRY macro 450.0 70 118.683229814 0.414973552784 0.261 1.09894752475 0.494920634921 -0.053315454816 0.8138004944 0.4454381657 0.162222222222 0.945274074074 73.0 24.2222222222 3.89965100946 0.807811393483 98.1425389755 104.566441127 97 112 11.2943532023 3.29983164554 0.143765701239 4118.85217212
GENTRY macro 373.0 80 40.1757911392 0.522947999286 0.354 0.768211215539 0.577949061662 -0.0397940178445 0.870407942565 0.561243521833 0.11528150134 0.964687448339 43.0 16.890080429 3.4402683411 0.700560648868 106.139043382 105.522422877 108 122 13.3410375413 4.14224298463 0.102165570495 1725534.07067
GENTRY macro 270.0 34 112.541889483 0.374391869824 0.366 0.83774908163 0.527450980392 -0.120949514861 0.812872800076 0.50227545195 0.148148148148 0.919643347051 40.0 28.1481481481 1.84379431884 0.435442273893 52.92724376 47.3566917093 46 55 5.89451817703 2.06917410613 0.131292877845 14338.4060593
GENTRY macro 326.0 70 40.2575569358 0.57539247059 0.3534 1.03979992127 0.624189307625 -0.0423232919828 0.882636828614 0.601679860005 0.147239263804 0.959576950582 48.0 19.9386503067 4.83944043698 0.511174595628 84.9153177258 84.1551256614 89 97 11.9234877436 3.87694142935 0.130487400067 15727.1077347
GENTRY macro 533.0 52 606.661764706 0.339856935327 0.1501 0.525829635594 0.360225140713 -0.0770579965115 0.664580918022 0.251319539461 0.208255159475 0.871860578903 111.0 41.2757973734 3.29442172813 1.34559400052 79.2275541796 77.128440367 74 88 8.12293158764 2.25237002549 0.184561309601 326.477207233
GENTRY macro 257.0 27 137.951566952 0.36617259287 0.4055 1.38708645969 0.551088053034 -0.156901720962 0.818375207563 0.532253438459 0.15953307393 0.908658723069 41.0 31.5175097276 1.61623674252 0.231442388961 31.6848958333 33.6126204059 34 37 4.68546467957 1.68421372619 0.141382505616 5103.15843851
GENTRY macro 192.0 19 138.988304094 0.350601398422 0.4368 0.346383562731 0.540296052632 -0.229045134664 0.807349579723 0.54303336926 0.197916666667 0.879503038194 38.0 39.0625 1.33629151325 0.137128403458 21.8721017203 23.615752551 24 26 3.42368347023 1.37120688933 0.175399074984 501.345186568
GENTRY macro 148.0 21 77.0476190476 0.538695441259 0.4037 0.799459830467 0.575933075933 -0.14836967527 0.829167788687 0.574182593107 0.243243243243 0.882030679328 36.0 40.5405405405 2.19612462689 0.667699972365 21.1830550402 21.6979949875 23 20 4.00223142511 1.72618936671 0.215567540431 109.030711258
GENTRY macro 337.0 240 0.835965829847 0.884073128967 0.7031 1.03773181376 0.780526706231 -0.00441743505222 0.972593566097 0.859948199505 0.0178041543027 0.994074087119 6.0 3.26409495549 2.83553258398 1.90617017834 673.832792208 748.828891887 423 568 41.0647069569 13.0736330569 -0.0157785209279 -3.79136225115e+211
GENTRY macro 359.0 142 12.6906902407 0.683949164549 0.3365 1.05667830609 0.629565695006 -0.0155384887436 0.902866487497 0.615222279502 0.0947075208914 0.979073719167 34.0 14.2061281337 5.71892700261 1.35078755666 241.463497775 268.619658911 219 267 23.9660502501 7.49447335836 0.0839323550568 536411681.119
GENTRY macro 256.0 99 18.7144918573 0.638916402665 0.2652 1.06816248222 0.555871212121 -0.0213663690557 0.856075362188 0.511216351815 0.12890625 0.9619140625 33.0 19.921875 4.57124060341 1.84964802376 316.803174603 319.555051557 167 225 17.6730142509 6.1875 0.114240189609 154094.115673
GENTRY macro 347.0 77 71.1742993848 0.543995842012 0.2243 0.784482051663 0.573898723755 -0.039545695157 0.840581743525 0.49375818857 0.204610951009 0.9420890465 71.0 25.3602305476 6.55215230794 0.839047646041 101.457579713 104.674746943 105 118 12.992952667 4.13357657863 0.181331722332 377.186225976
GENTRY macro 384.0 80 28.2632911392 0.528788430586 0.4522 0.769763204387 0.6046875 -0.0402253825116 0.894935267529 0.626362955838 0.0677083333333 0.972357855903 26.0 13.28125 2.10262858716 0.418831046949 100.74367516 101.904937299 105 116 13.2758772354 4.08248290464 0.0600049480775 9.0812065287e+15
GENTRY macro 278.0 135 4.57855168601 0.759330230141 0.4827 0.992953262271 0.7 -0.0137562107241 0.933193999271 0.71849263112 0.0539568345324 0.984654003416 15.0 10.071942446 3.61099022777 1.39048265755 228.224227838 269.129327897 212 258 23.8111268141 8.0967619427 0.0478179995748 2.41274047777e+24
GENTRY macro 275.0 106 15.5767295597 0.686564759381 0.3037 0.901741309023 0.640754716981 -0.0208447199421 0.89112037036 0.59805415371 0.130909090909 0.968938842975 36.0 17.8181818182 6.22709245779 1.3530316895 199.673965937 188.762537303 162 202 18.6940144389 6.39204050505 0.11601516115 114741.591146
GENTRY macro 310.0 112 22.9546332046 0.689425948355 0.2519 1.06949598245 0.651440092166 -0.0202610467058 0.887082511787 0.583237476142 0.158064516129 0.964557752341 49.0 18.7096774194 8.199823173 1.20424340331 173.874012192 173.36958403 164 195 19.3495338756 6.36117254357 0.140081030152 5761.99287018
GENTRY macro 81.0 15 40.6857142857 0.444734214805 0.4344 0.53063808489 0.538271604938 -0.241251824271 0.797859094171 0.548336463191 0.259259259259 0.846517299192 21.0 44.4444444444 1.35541185944 0.57487943389 21.075 24.01056 21 25 3.18583729319 1.66666666667 0.229757973605 75.072311517
GENTRY macro 431.0 60 199.677683616 0.386872377586 0.2081 1.0573758457 0.463031709203 -0.0640163219383 0.766356164006 0.373752420356 0.197215777262 0.919913221828 85.0 32.2505800464 3.84894494364 0.944823325803 98.3242134063 97.9450581185 86 104 9.72617024353 2.89009830515 0.174777928369 517.31009143
GENTRY macro 268.0 127 4.95600549931 0.746646954655 0.4752 1.00760153001 0.686479022212 -0.0151867941497 0.931237736662 0.714452069775 0.0708955223881 0.983431721987 19.0 10.447761194 4.25028650938 1.2803115524 222.921552605 248.902358329 200 246 22.5362714024 7.75775971663 0.0628295208343 4.62189695312e+14
GENTRY macro 388.0 55 136.534006734 0.424129349053 0.2707 1.2870202385 0.509981255858 -0.067514055146 0.805161880843 0.44801186875 0.159793814433 0.932843554044 62.0 28.0927835052 3.1673439329 0.785886021936 63.911857594 71.0125178416 71 74 9.05887462322 2.79220195412 0.141613580871 4995.97486774
GENTRY macro 164.0 34 28.3921568627 0.579699804799 0.4578 1.44392313859 0.634505021521 -0.087192627838 0.880330055107 0.645302163421 0.158536585366 0.935752528257 26.0 27.4390243902 2.49676072428 0.393903525824 39.122141662 39.4046803738 42 45 6.47075770847 2.65495395211 0.14049939062 5539.48827081
GENTRY macro 345.0 27 1200.48717949 0.327339647141 0.1238 1.64623362994 0.398389694042 -0.158711115708 0.592110521124 0.232278319257 0.527536231884 0.70072673808 182.0 60.0 4.54700317168 1.0765141991 32.1057082452 34.8808510638 35 38 4.44935438913 1.45363113556 0.453231776018 7.0177289277
GENTRY macro 172.0 43 23.2857142857 0.545677276873 0.413 1.01571373764 0.587209302326 -0.0704564139271 0.865526701651 0.593582869262 0.133720930233 0.943685776095 23.0 22.6744186047 2.27436129883 0.726042406285 77.1988304094 65.7180932704 61 75 8.15930938619 3.27871926215 0.118507088869 77484.1274778
GENTRY macro 142.0 56 4.90779220779 0.676167419429 0.5715 1.05634671121 0.65291750503 -0.0421267093575 0.922242281172 0.726361935441 0.0633802816901 0.968756199167 9.0 11.9718309859 1.42008501527 0.712306582226 123.397708674 98.7849544073 86 110 11.0980466753 4.69941560646 0.0561693121766 1.07904973822e+18
GENTRY macro 516.0 90 56.3550561798 0.500303214715 0.371 0.64231071682 0.580490956072 -0.0373438721958 0.87627005373 0.568265034768 0.0910852713178 0.970051379124 47.0 15.1162790698 2.96215889035 0.516015222326 109.071442919 108.12471316 114 124 14.2488758745 3.96202907847 0.080722219954 2223784226.24
GENTRY macro 279.0 154 3.19960105254 0.794402382626 0.508 0.898359659224 0.709072289717 -0.0104556843452 0.942297559524 0.74613301176 0.0501792114695 0.987217533177 14.0 9.31899641577 4.03819783994 1.60419441175 311.708119219 350.050562563 254 323 27.1699957181 9.21973883737 0.0444701683023 9.51158751513e+27
GENTRY macro 364.0 73 50.2914764079 0.514874069667 0.3339 1.29057896434 0.570713533042 -0.0443235084675 0.862581748604 0.548369306633 0.134615384615 0.958972346335 49.0 19.5054945055 3.82992556617 0.674915809626 97.0661157025 94.516565097 97 110 12.2092795298 3.82623965404 0.119299778426 68725.9684263
GENTRY macro 441.0 112 87.8969594595 0.56618695323 0.1511 0.857607518362 0.535714285714 -0.024441795794 0.804591255424 0.392282455819 0.165532879819 0.940904252858 73.0 31.746031746 6.39513360003 1.45257712953 202.204545455 182.511248545 167 206 18.2294600008 5.33333333333 0.14669969514 3206.69431111
GENTRY macro 242.0 104 7.29014189694 0.699208297963 0.4286 0.963053811173 0.641211061666 -0.0201936945328 0.910815280729 0.657570423655 0.0619834710744 0.977563007991 15.0 12.3966942149 3.0758357815 1.37147953192 203.329370865 227.202634205 165 208 18.7650152249 6.68537320395 0.0549314209991 6.25617792838e+18
GENTRY macro 378.0 116 59.0455772114 0.621927718153 0.1535 1.03370655964 0.548759350483 -0.0207110229269 0.818512629665 0.416988122775 0.190476190476 0.943856554968 72.0 29.6296296296 7.24165938665 1.75099227211 182.96962114 205.079896609 176 210 19.3769250486 5.96639619853 0.168805127584 710.941104055
