12777 4272 0.646941692163 0.465625568585 -0.00059596331192 0.676014592465 0.761734431431 0.953177505818 0.00305235970885 0 0.000234082397004 1856 3.17386010354
4 4 1.0 1.0 0.0 1.0 -0.0 1.0 0.25 0 0.25 4 0.0
417 275 0.855971636372 0.670544683312 -0.0045860583433 0.836391691283 0.573205588053 0.968318598259 0.0191846522782 0 0.00363636363636 200 2.65546408889
8672 3864 0.739088145268 0.532668051311 -0.000531634887442 0.741781027052 0.711591569204 0.963846162978 0.00299815498155 0 0.000258799171843 1984 3.42866634663
32 3 0.236177792486 0.378418329638 -1.70059869083 0.159657958451 0.876778729665 0.252239448211 0.9375 0 0.333333333333 2 0.707106781187
7 1 1.0 1.0 nan nan nan nan 1.0 0 7.0 0 0.0
37 14 0.707496913793 0.565235342692 -0.162942148926 0.726996608908 0.736987868656 0.889216548307 0.27027027027 0 0.0714285714286 6 2.15804539779
63 12 0.498742444934 0.589572192513 -0.282867422814 0.676342740366 0.817610183471 0.858364266641 0.206349206349 0 0.0833333333333 4 0.610885751866
531 206 0.668818638996 0.407485179651 -0.0111275169853 0.640168939836 0.738120091574 0.916796432597 0.045197740113 0 0.00485436893204 112 3.47060303062
17 5 0.52409106041 0.382781456954 -0.566296048014 0.427951520707 0.783868860765 0.619852966326 0.705882352941 0 0.2 3 1.47084005237
20209 2255 0.382156386021 0.362389433121 -0.00182760394124 0.52867787591 0.848456207859 0.917499221707 0.00445346132911 0 0.000443458980044 602 2.4170737416
42 4 0.427329971972 0.374363327674 -0.849964003217 0.333265344012 0.817886697831 0.499926430356 0.809523809524 0 0.5 0 1.15154587235
696 269 0.714445434863 0.583161584837 -0.00842183003893 0.755499537118 0.735365578219 0.950100418459 0.0186781609195 0 0.00371747211896 113 2.08448233299
3555 619 0.441028627008 0.276467408904 -0.00572871865983 0.463618230901 0.825016148685 0.880707222841 0.02194092827 0 0.0016155088853 251 3.35295889226
9838 1608 0.480243664926 0.440607067293 -0.00218748853906 0.616479670899 0.823665006265 0.93453071651 0.00620044724538 0 0.000621890547264 427 2.38326976061
98 7 0.477312343953 0.652091254753 -0.45737621849 0.732093488027 0.80726998213 0.865929189342 0.367346938776 0 0.142857142857 1 1.08690938404
192 57 0.629943230318 0.44176013805 -0.0463958090392 0.650890471856 0.769851793768 0.896106159226 0.119791666667 0 0.0175438596491 21 3.0177853877
50287 5458 0.444779943779 0.470481631866 -0.000687186605759 0.63304306027 0.834123445032 0.946877483442 0.00178972696721 0 0.000183217295713 914 2.04855744848
34282 6634 0.505864858311 0.403685091274 -0.000503115512628 0.600386211755 0.814680438096 0.942035914686 0.00210022752465 0 0.000150738619234 2100 3.09044163255
3686 513 0.422041778081 0.397106075398 -0.00749719341011 0.563765241661 0.838060490238 0.908399861747 0.0138361367336 0 0.00194931773879 145 2.24286166294
11 1 1.0 1.0 nan nan nan nan 1.0 0 11.0 0 0.0
3 3 1.0 1.0 0.0 1.0 -0.0 1.0 0.333333333333 0 0.333333333333 3 0.0
42 11 0.517916635696 0.269066503966 -0.251090861448 0.393954824171 0.77885421556 0.66611494509 0.547619047619 0 0.0909090909091 6 2.53060751207
15273 1714 0.429752424171 0.465422259665 -0.002242879102 0.621102964988 0.837989290658 0.936091168336 0.00432135140444 0 0.000583430571762 332 1.80762149553
24527 1984 0.40598894077 0.478552918815 -0.0020102912273 0.630252864981 0.843606821079 0.93924056445 0.00399559668936 0 0.000504032258065 282 1.79811201179
87847 9590 0.446366700968 0.443044104813 -0.000389514064318 0.619632864679 0.833477739324 0.947803308526 0.00111557594454 0 0.000104275286757 1615 2.51352449279
2 2 1.0 1.0 0.0 1.0 -0.0 1.0 0.5 0 0.5 2 0.0
9415 647 0.378971041104 0.473955811435 -0.00642128290154 0.631747076031 0.849626837027 0.929180918325 0.0184811471057 0 0.0015455950541 88 2.77817240497
612 64 0.40128920804 0.453662790698 -0.0629056737576 0.589364623162 0.84500810768 0.875475589751 0.0637254901961 0 0.015625 13 1.39635186095
36548 3111 0.408832698864 0.49117728993 -0.00127569864732 0.63930475174 0.842860857499 0.944397688997 0.00262668271862 0 0.00032144005143 461 1.74516087638
1607 513 0.607570598057 0.431548533667 -0.00521104282388 0.633852348314 0.772116259796 0.927116388216 0.0136901057872 0 0.00194931773879 249 2.57129201609
171 89 0.7718704716 0.581505419111 -0.0200773760225 0.76347566335 0.675191102387 0.940650308992 0.0526315789474 0 0.0112359550562 55 2.16614781159
80 44 0.809259217208 0.577200577201 -0.0369913212897 0.781459359338 0.649262817963 0.936510474464 0.125 0 0.0227272727273 26 3.48848885229
314 120 0.694849727955 0.534917534722 -0.0192941688482 0.720885750084 0.740444768378 0.932312512198 0.0414012738854 0 0.00833333333333 54 2.19755371534
95 36 0.687876771241 0.50645342312 -0.0641583165382 0.693294948278 0.739883045108 0.901190390261 0.126315789474 0 0.0277777777778 16 2.17049093318
4956 1486 0.600020216668 0.416470814208 -0.00185054692414 0.630424934863 0.777958994351 0.936887095243 0.0092816787732 0 0.000672947510094 658 3.35639490835
9100 3171 0.655257042739 0.472272683141 -0.000785572600482 0.68069178187 0.756973851415 0.952306229167 0.00351648351648 0 0.000315357931252 1439 2.99953132765
455 144 0.636059287683 0.368350912404 -0.0175266971307 0.606064481348 0.759838801109 0.900144088946 0.0637362637363 0 0.00694444444444 58 3.69142068717
1 1 1.0 1.0 nan nan nan nan 1.0 0 1.0 1 0.0
6 1 1.0 1.0 nan nan nan nan 1.0 0 6.0 0 0.0
6684 2188 0.640347322701 0.422885041687 -0.00117142602436 0.653027647884 0.763183110197 0.944622646524 0.00598444045482 0 0.000457038391225 951 3.90879603346
394 153 0.69603297273 0.530656056007 -0.0150460256744 0.723934670799 0.739111338055 0.936274970238 0.0380710659898 0 0.00653594771242 73 2.61096752444
33 5 0.490363560747 0.577718832891 -0.715461535691 0.617734141882 0.826468946306 0.773204391492 0.484848484848 0 0.2 1 0.644939407873
1 1 1.0 1.0 nan nan nan nan 1.0 0 1.0 1 0.0
4280 980 0.560249223821 0.469748816294 -0.00312656378467 0.654706706939 0.799166787391 0.938580519732 0.00747663551402 0 0.00102040816327 313 2.38214175902
8 1 1.0 1.0 nan nan nan nan 1.0 0 8.0 0 0.0
1 1 1.0 1.0 nan nan nan nan 1.0 0 1.0 1 0.0
1 1 1.0 1.0 nan nan nan nan 1.0 0 1.0 1 0.0
312 120 0.68106867572 0.482282996433 -0.019319771613 0.685222398955 0.740751927665 0.921839872738 0.0480769230769 0 0.00833333333333 59 2.46938912577
391 186 0.742913162853 0.444532644789 -0.0102187401179 0.693353171346 0.691666431103 0.930375341263 0.0460358056266 0 0.00537634408602 111 4.00426502424
15 1 1.0 1.0 nan nan nan nan 1.0 0 15.0 0 0.0
1187 698 0.821596515099 0.528009476648 -0.00210831004249 0.771842084774 0.620029181074 0.960515692804 0.0160067396799 0 0.00143266475645 462 4.84026678118
40393 14863 0.674594200039 0.443535905846 -0.000159589915214 0.67464342337 0.746003370347 0.959034694257 0.00143589235759 0 6.72811680011e-05 6929 3.93619207489
2285 873 0.665655555624 0.374759361528 -0.00263178815557 0.623386882293 0.738656742992 0.930315910168 0.0144420131291 0 0.00114547537228 473 4.12942889512
157 83 0.787697942637 0.463300941676 -0.0202822421349 0.728410929272 0.658761762709 0.929300957402 0.108280254777 0 0.0120481927711 51 5.20136082642
70574 4295 0.317602052745 0.371510921057 -0.0010874081244 0.521750772568 0.865718573403 0.922255137089 0.00218210672486 0 0.00023282887078 748 2.11438520805
11824 1461 0.448848356004 0.457833329292 -0.00254690355736 0.624198391673 0.832861880408 0.935380401694 0.00583558863329 0 0.000684462696783 301 2.12348816742
570 116 0.575308442149 0.467433589614 -0.0258802291207 0.656048621189 0.79530125952 0.912274531544 0.0508771929825 0 0.00862068965517 25 2.42004375978
2090 757 0.665685481139 0.473051107627 -0.00320577481958 0.683736709576 0.751165613709 0.942743895152 0.0105263157895 0 0.00132100396301 359 2.91094447148
194746 31692 0.526104411227 0.502780862137 -0.000103754676225 0.671582679191 0.81205021489 0.961587259232 0.00032349830035 0 3.15537044049e-05 6445 2.10177708897
2213 323 0.538846717936 0.572134377078 -0.00994991420394 0.716797446077 0.807957312352 0.942582296893 0.017171260732 0 0.0030959752322 54 1.58664651569
2345 337 0.507659106672 0.550469979502 -0.0100842138107 0.688668823499 0.817811851228 0.936142798065 0.0119402985075 0 0.00296735905045 60 1.20830006372
11 1 1.0 1.0 nan nan nan nan 1.0 0 11.0 0 0.0
1 1 1.0 1.0 nan nan nan nan 1.0 0 1.0 1 0.0
142 13 0.347330697607 0.451419360616 -0.333275881435 0.558068528349 0.855591324164 0.795652184966 0.295774647887 0 0.0769230769231 4 1.48733153291
5 5 1.0 1.0 0.0 1.0 -0.0 1.0 0.2 0 0.2 5 0.0
18 1 1.0 1.0 nan nan nan nan 1.0 0 18.0 0 0.0
39 5 0.565398189781 0.607185628743 -0.61862086239 0.655953477769 0.800933226228 0.799985527789 0.461538461538 0 0.4 0 0.585676413555
11 8 0.898523539705 0.796052631579 -0.132809784803 0.883829566644 0.519279110939 0.948450312207 0.272727272727 0 0.125 6 1.56430424346
400 169 0.712770155164 0.484021248533 -0.0127689600529 0.707447220401 0.723743402478 0.933010704602 0.05 0 0.00591715976331 89 3.62917581343
783 74 0.428213142794 0.498825124119 -0.0521789934206 0.634542789996 0.838670389282 0.896121984112 0.0561941251596 0 0.0135135135135 10 1.32378856747
30767 7903 0.571100178977 0.390222312507 -0.000371208107022 0.608089217046 0.7908580515 0.944584707686 0.00165762017746 0 0.000126534227509 2993 3.48089120896
28687 4366 0.456394795504 0.402034019988 -0.0008343045967 0.581638050641 0.829430289775 0.935365319972 0.0024052706801 0 0.000229042601924 1192 2.48174207771
380 73 0.480319892892 0.41766938171 -0.0472454576351 0.583360670854 0.820341071771 0.876653407564 0.0684210526316 0 0.013698630137 26 1.97080462519
27933 9150 0.645194847075 0.452886233745 -0.000279836059689 0.67053861141 0.762965914127 0.956189234891 0.00146779794508 0 0.000109289617486 3855 3.39470486397
885 171 0.507634380311 0.309289159153 -0.0191347795395 0.531409849104 0.81117610288 0.878039800322 0.0700564971751 0 0.00584795321637 54 4.05249521712
3 3 1.0 1.0 0.0 1.0 -0.0 1.0 0.333333333333 0 0.333333333333 3 0.0
4 2 0.813438684068 0.8 -1.09861228867 0.754765350603 0.728097636328 0.811278124459 0.75 0 0.5 1 0.0
10 4 0.798861290798 0.735294117647 -0.48283137373 0.796415092447 0.69584247493 0.880482023722 0.5 0 0.25 1 0.888888888889
403 177 0.703978236939 0.495713112778 -0.0119710315083 0.699885096389 0.719278607617 0.931528371277 0.0397022332506 0 0.00564971751412 105 2.64325169961
1 1 1.0 1.0 nan nan nan nan 1.0 0 1.0 1 0.0
171 121 0.882062219643 0.641011026591 -0.0087382933116 0.842389369943 0.517736642897 0.964558949605 0.0584795321637 0 0.00826446280992 93 4.98616591256
20 13 0.858553096144 0.732600732601 -0.102543175132 0.849196133754 0.590272111674 0.941559378119 0.2 0 0.0769230769231 9 1.61213092273
567 85 0.443589327895 0.411245354943 -0.0437353146782 0.582445204643 0.832710617509 0.880224354611 0.0881834215168 0 0.0117647058824 25 2.53503057089
742 130 0.479945581067 0.261814273758 -0.0258962638423 0.470670085579 0.816181208803 0.846948368788 0.0808625336927 0 0.00769230769231 40 3.85912922328
4066 1274 0.625710488192 0.401532630551 -0.00206123673247 0.633608163311 0.768365710798 0.936241109824 0.00909985243483 0 0.000784929356358 543 3.86272487884
3 1 1.0 1.0 nan nan nan nan 1.0 0 3.0 0 0.0
48 31 0.849428578683 0.640711902113 -0.0416128515553 0.815776995048 0.580192719 0.942819829759 0.125 0 0.0322580645161 22 2.67608858216
327 171 0.79122778787 0.402132340498 -0.00977738235291 0.709650924098 0.656843566123 0.933758347277 0.0764525993884 0 0.00584795321637 103 6.89005145588
3260 1711 0.777261009492 0.491325612925 -0.00100297728021 0.73231961724 0.664109426539 0.958182459657 0.00521472392638 0 0.000584453535944 1077 3.95158743108
4 3 0.932286320469 0.888888888889 -0.34657359028 0.914213562373 0.512395732156 0.946394630357 0.5 0 0.333333333333 2 0.707106781187
11 8 0.928613399822 0.889705882353 -0.123776282243 0.93384720228 0.496868525288 0.971325691061 0.181818181818 0 0.125 5 0.516397779494
787 285 0.686921261389 0.529409150159 -0.00835061749529 0.720034574557 0.746764142477 0.942132982681 0.0216010165184 0 0.00350877192982 118 2.44059306065
1086 464 0.73416970037 0.572994076677 -0.00456227908467 0.754304962093 0.719049386824 0.954191844034 0.0110497237569 0 0.00215517241379 218 2.19917869233
553 114 0.602406896406 0.541816822403 -0.0253549522121 0.710545369819 0.787957369485 0.928601929934 0.0433996383363 0 0.00877192982456 23 2.0588823108
15 4 0.640145000383 0.592105263158 -0.699713884012 0.645847524912 0.781541727745 0.777304880633 0.6 0 0.25 1 0.979409375242
3617 1908 0.796255342806 0.584199986461 -0.000908086433885 0.787064451031 0.66675865243 0.968320181754 0.00663533314902 0 0.000524109014675 1091 3.9864365307
29059 8850 0.625164722655 0.440760113395 -0.000301294660771 0.656069110426 0.771583098943 0.953628752089 0.00144533535221 0 0.000112994350282 3529 3.26724222406
33 21 0.824182651916 0.450931677019 -0.0548791741296 0.704002599682 0.54501769457 0.89123101108 0.272727272727 0 0.047619047619 17 3.74312375586
32232 7136 0.526869488031 0.384206990117 -0.000444543308214 0.584818945424 0.805593901086 0.939551552495 0.00167535368578 0 0.000140134529148 2552 2.8801051168
801 399 0.760943271724 0.430758788211 -0.00447846810806 0.696478483736 0.675194489559 0.939784758613 0.0274656679151 0 0.00250626566416 243 4.72703047617
42147 12536 0.619612391157 0.452993879661 -0.000215953966406 0.661204330616 0.774738907182 0.956164082326 0.000972785726149 0 7.97702616465e-05 4899 3.02548755487
24458 4386 0.550690750597 0.518874070181 -0.000720087214246 0.686534397736 0.804787448511 0.955164905887 0.00183988878894 0 0.000227998176015 924 2.02252669177
4849 1678 0.637262593924 0.386282461892 -0.00148704314065 0.624824136431 0.757345076011 0.936713181398 0.00907403588369 0 0.000595947556615 841 4.1548417456
38941 9056 0.564980363429 0.407044604299 -0.000333062439542 0.624822055042 0.796194418592 0.948390665682 0.00169487172903 0 0.000110424028269 2920 3.71223656122
3031 305 0.4888484231 0.495830114184 -0.0114030272254 0.66147975375 0.821761999446 0.928045984862 0.0204552952821 0 0.00327868852459 33 1.96003005531
9419 1615 0.511660147259 0.442280699677 -0.00207167886995 0.628889012188 0.815103893858 0.937264179739 0.00615776621722 0 0.00061919504644 388 2.61411257396
63620 15249 0.583567608269 0.506085224138 -0.000194142313534 0.682462700152 0.792620889156 0.960339886144 0.000660169757938 0 6.55780706932e-05 4653 2.1569039608
22146 5777 0.612775156008 0.521757427631 -0.000487347803974 0.701117661736 0.782728425398 0.959014023083 0.00216743429965 0 0.00017310022503 1782 2.45639103542
15592 2665 0.545925196755 0.520289728339 -0.00119483282893 0.688170937765 0.806280253801 0.952643264836 0.00314263724987 0 0.000375234521576 529 2.12501413281
1740 264 0.58731052219 0.561175465756 -0.0112137345353 0.724740376471 0.792617614751 0.942520248233 0.0229885057471 0 0.00378787878788 33 2.08758621083
24 1 1.0 1.0 nan nan nan nan 1.0 0 24.0 0 0.0
42 11 0.50348292365 0.466173361522 -0.284895940993 0.572726569326 0.803359295906 0.794934122617 0.309523809524 0 0.0909090909091 6 1.20247555425
108853 9193 0.437451347529 0.515459358122 -0.000410863299813 0.664516721853 0.835231670056 0.955223375746 0.000863549925128 0 0.000108778418362 1124 1.76775456063
2150 701 0.6532141308 0.457228623808 -0.00362809099515 0.681819482223 0.761507595277 0.941652133592 0.0190697674419 0 0.00142653352354 283 4.16714814734
72008 12658 0.560245990322 0.517264770956 -0.000245547695057 0.691602377651 0.801835234495 0.960966852129 0.00106932563049 0 7.90014220256e-05 2443 2.39540531884
8565 1130 0.444703886993 0.456727250699 -0.00331271735316 0.618046253992 0.833814708871 0.9316291498 0.00677174547577 0 0.000884955752212 264 1.97290993693
25325 4772 0.489096963873 0.342584719195 -0.000709829443142 0.549683077422 0.817248371452 0.929373677796 0.00323790720632 0 0.000209555741827 1596 3.52860940933
33499 2828 0.377537322547 0.420728691882 -0.00148376850201 0.576693810186 0.851061062344 0.930771135184 0.00250753753843 0 0.00035360678925 490 1.9455711505
10 4 0.714865583331 0.735294117647 -0.554517744448 0.766256592311 0.73035709813 0.860964047444 0.4 0 0.25 2 0.0
2434 453 0.509542624976 0.405144007594 -0.00734301190492 0.600071379268 0.814086871344 0.91673553041 0.0180772391126 0 0.00220750551876 129 2.76607702334
170 62 0.715593177704 0.539501194743 -0.0365488873473 0.739980017533 0.735423570266 0.928405396295 0.1 0 0.0161290322581 23 3.25537657266
611 225 0.670193915137 0.490163794518 -0.0106546475744 0.688679606713 0.748413246746 0.93150569835 0.0278232405892 0 0.00444444444444 105 2.47129972747
7245 997 0.442815341046 0.276273024463 -0.00366797536627 0.482515132498 0.830070322634 0.894613448416 0.0168391994479 0 0.00100300902708 252 4.04553679583
3205 920 0.613614496359 0.468950588652 -0.00299574230684 0.668448026935 0.778416864956 0.941055741859 0.011232449298 0 0.00108695652174 345 2.8057616512
47 14 0.660099793088 0.471002132196 -0.178308426497 0.653150501108 0.757438388234 0.85270576509 0.31914893617 0 0.0714285714286 4 2.43694431391
2160 628 0.610084444266 0.468784664504 -0.00439535592947 0.663761463193 0.778727543302 0.936511668047 0.0111111111111 0 0.0015923566879 246 2.48108905662
13864 3716 0.568695740725 0.316373118073 -0.000770583750963 0.555392778966 0.786106197069 0.928487168509 0.00454414310444 0 0.0002691065662 1607 4.46759252549
35766 3544 0.384207065161 0.380979609579 -0.00116631478104 0.550644354267 0.848885897116 0.927023728045 0.00310350612313 0 0.000282167042889 772 2.49506948592
34 8 0.47860832232 0.501736111111 -0.416377352402 0.575511349084 0.81433110201 0.776716967065 0.352941176471 0 0.125 4 0.842847705694
28553 2892 0.407790744818 0.405891367861 -0.00137545746378 0.579738824525 0.843206893627 0.931625192448 0.00430777851714 0 0.000345781466113 558 2.51493502643
993 142 0.422510406776 0.39158670514 -0.0269793426973 0.555468732826 0.837453849823 0.882497313017 0.0422960725076 0 0.00704225352113 43 2.13067007121
1 1 1.0 1.0 nan nan nan nan 1.0 0 1.0 1 0.0
102 57 0.809947069715 0.58129399933 -0.0281984505669 0.78326260832 0.645687863861 0.94077630922 0.0980392156863 0 0.0175438596491 35 3.33327791368
199 78 0.674143929441 0.543000137118 -0.0301949418222 0.7110637234 0.744381555134 0.922924108688 0.0552763819095 0 0.0128205128205 41 1.65108368709
3473 1342 0.689574549271 0.475825907082 -0.00171072852403 0.692781248504 0.73847884851 0.949081524716 0.00835012957098 0 0.000745156482861 641 3.1433689893
135 41 0.668435547135 0.463516366133 -0.0610074643297 0.685705919387 0.757876747855 0.901391663809 0.162962962963 0 0.0243902439024 13 3.6659412923
11319 4522 0.696207514978 0.44917391987 -0.00049407770346 0.683077662961 0.73208324917 0.954727662337 0.00300379892217 0 0.000221141088014 2273 3.75266084187
1149 180 0.434632816763 0.382900026103 -0.0207501348818 0.556137911683 0.83346004412 0.887864502305 0.0382941688425 0 0.00555555555556 61 2.39456284717
1975 114 0.354093237803 0.495202384716 -0.0377397147376 0.634015481217 0.854610507108 0.904853839115 0.0496202531646 0 0.00877192982456 16 1.7394336899
6017 405 0.364152189482 0.458500100902 -0.0105472539128 0.611400189994 0.853602269208 0.918313681525 0.0197772976566 0 0.00246913580247 61 2.19934227994
6523 764 0.427189414848 0.361956110052 -0.00501867778447 0.554121183443 0.837583823249 0.911227959503 0.0159435842404 0 0.00130890052356 162 3.16184087039
1806 545 0.606767285525 0.402627368878 -0.00497441955794 0.622697697217 0.775033555665 0.924996186788 0.0177187153931 0 0.00183486238532 238 3.24985380453
79 27 0.65235371827 0.410565094402 -0.0902931228451 0.619670073897 0.752191270032 0.861616125008 0.20253164557 0 0.037037037037 12 2.73828092027
5932 1305 0.555305730725 0.450203072683 -0.00237022089245 0.646432234203 0.800935271665 0.939243043604 0.0074173971679 0 0.000766283524904 395 2.9307589982
55 14 0.505821410682 0.451088577393 -0.224487411484 0.57002890311 0.803885554928 0.806904089163 0.236363636364 0 0.0714285714286 7 1.26495732786
3321 430 0.526601680603 0.604514189779 -0.00761322859732 0.73008721632 0.811265303725 0.94826137962 0.00903342366757 0 0.00232558139535 63 1.02244294002
1210 452 0.675196588866 0.451513701148 -0.00520949235405 0.673692610187 0.744331475992 0.935569053631 0.0173553719008 0 0.00221238938053 217 3.18648662722
11350 960 0.395526096469 0.413103628828 -0.0042304749524 0.588764079577 0.846303063329 0.922963805531 0.0114537444934 0 0.00104166666667 154 2.77443095161
152 48 0.684798295691 0.490156143924 -0.0502489414845 0.700795943394 0.749788721716 0.910445599793 0.118421052632 0 0.0208333333333 15 3.04856583471
2993 378 0.473142450631 0.495029397114 -0.00947456395889 0.651664008235 0.826656889328 0.928084132463 0.0150350818577 0 0.0026455026455 70 1.74681994731
12295 2800 0.566763690744 0.455124412755 -0.001083019061 0.651946521811 0.797213352916 0.946128019713 0.00422936152908 0 0.000357142857143 851 2.90393908708
1895 251 0.494492413512 0.515804611528 -0.013729492466 0.67560125146 0.820201952838 0.929373922231 0.0221635883905 0 0.00398406374502 46 1.9459976269
155 82 0.762412838318 0.516733341937 -0.0209350038353 0.725968516883 0.664202385406 0.928369410401 0.0645161290323 0 0.0121951219512 56 2.62994891074
28541 11100 0.700362941646 0.527386563213 -0.000206410594473 0.726124647613 0.738006971461 0.965645743223 0.00133141796013 0 9.00900900901e-05 5096 2.96478146354
2442 531 0.555308987442 0.456521978779 -0.00582916157005 0.647272894394 0.801064504144 0.93084015694 0.015561015561 0 0.00188323917137 156 2.61344371954
704 239 0.654456177763 0.541720771413 -0.0106476010351 0.71512725709 0.761634104542 0.939079406342 0.0255681818182 0 0.00418410041841 102 2.0483082145
14037 5528 0.709983045907 0.543702705594 -0.000408022075312 0.73715820442 0.734331311856 0.964620206286 0.00163852675073 0 0.000180897250362 2478 2.74600603101
34 17 0.787819102248 0.641509433962 -0.107587339771 0.792270418858 0.681470054171 0.923215459813 0.205882352941 0 0.0588235294118 9 2.11217701282
174 91 0.787171293494 0.652359405301 -0.0197194613401 0.802495190871 0.676338951982 0.951821038906 0.0344827586207 0 0.010989010989 53 1.61156622771
538 144 0.573115672561 0.309425458402 -0.0197219316592 0.551837786837 0.784465812299 0.881509187596 0.092936802974 0 0.00694444444444 59 4.85593594423
7930 3942 0.775472477132 0.579460108368 -0.000470776826963 0.775200505897 0.685355218939 0.969253971598 0.00365699873897 0 0.00025367833587 2167 3.40542145236
2 2 1.0 1.0 0.0 1.0 -0.0 1.0 0.5 0 0.5 2 0.0
13 8 0.849911069683 0.728448275862 -0.18153854729 0.83656849959 0.616114395637 0.925787598355 0.307692307692 0 0.125 5 1.57185225283
9979 2051 0.541405032643 0.426236214056 -0.00154011908073 0.624358758418 0.804815387367 0.938272785782 0.0050105220964 0 0.000487567040468 583 2.79573977179
1085 416 0.689513504396 0.538099978791 -0.00563059043619 0.725165139287 0.743123310426 0.946864207961 0.0175115207373 0 0.00240384615385 196 2.47047558528
1167 673 0.823882174425 0.639370999204 -0.00231924308146 0.815836189194 0.637258616441 0.968793876182 0.00942587832048 0 0.00148588410104 413 2.92271115432
49 24 0.771101174622 0.606313131313 -0.0789837603438 0.772135505526 0.690964468032 0.922476462282 0.163265306122 0 0.0416666666667 13 2.17912756282
737 265 0.696481158122 0.530321950743 -0.00889575619609 0.732535085889 0.744592391273 0.944465560465 0.0325644504749 0 0.00377358490566 106 3.41782602253
404 149 0.689125276912 0.502942789703 -0.0157445855053 0.706431928572 0.743477900199 0.931105717592 0.0420792079208 0 0.00671140939597 64 2.76063212978
118 51 0.729489660918 0.449045407637 -0.0403545703772 0.690529158186 0.712059905739 0.908045789822 0.14406779661 0 0.0196078431373 26 3.96869026193
2 1 1.0 1.0 nan nan nan nan 1.0 0 2.0 0 0.0
246 131 0.793552415128 0.619241552913 -0.013244612109 0.792297164015 0.667142460885 0.952654309311 0.0325203252033 0 0.00763358778626 77 2.24815969631
15092 4667 0.676829632139 0.605148819524 -0.000538760893877 0.759217333007 0.759020073238 0.967401705706 0.00119268486615 0 0.000214270409256 1465 1.68665664061
12 4 0.745861408715 0.72 -0.578074351579 0.772099568092 0.74014389043 0.864786979257 0.5 0 0.25 1 0.687243193489
11 7 0.841088725309 0.691428571429 -0.198042051589 0.809620998653 0.602169971904 0.908449690315 0.363636363636 0 0.142857142857 5 1.66323377596
4896 225 0.486138390233 0.61939372798 -0.0150626301279 0.740198831183 0.817339461726 0.944742954694 0.016339869281 0 0.00444444444444 9 1.00717041981
39649 9453 0.590980516677 0.491608949774 -0.00030919870091 0.679654929277 0.790139802607 0.957819912705 0.00126106585286 0 0.000105786522797 2741 2.60933669901
10821 3632 0.668519825588 0.534608220437 -0.000687607617383 0.720144292693 0.757532803469 0.959963996467 0.00249514832271 0 0.000275330396476 1412 2.44020501859
63 21 0.666261053985 0.592476489028 -0.120480622775 0.731430535177 0.760377424981 0.902966987495 0.15873015873 0 0.047619047619 8 1.37270618037
19 2 0.905552660282 0.880487804878 -0.773189888233 0.865734575048 0.634559949251 0.899743758698 0.684210526316 0 3.0 0 0.0
125 36 0.571472603613 0.348616688978 -0.0769252529595 0.546498227347 0.77939225991 0.837747479015 0.192 0 0.0277777777778 17 2.84907356807
6488 1233 0.500850389636 0.397786329578 -0.0027260110301 0.591947346883 0.815905029471 0.926406695697 0.00801479654747 0 0.00081103000811 385 2.85222151718
35706 3599 0.534130493616 0.581751434776 -0.000890301475537 0.728261577003 0.807414820833 0.961287812392 0.00165238335294 0 0.000277854959711 337 1.69154347326
5776 946 0.572601859835 0.58529841711 -0.00321481209108 0.733127755059 0.797758831729 0.954751955337 0.00709833795014 0 0.00105708245243 159 1.73890847878
2954 530 0.516099468138 0.465200322427 -0.00627089667062 0.641060578254 0.813938526867 0.929286763555 0.0159106296547 0 0.00188679245283 136 2.2485633243
579 104 0.531920372949 0.521344194379 -0.0312987079679 0.673271312608 0.810248190029 0.915822860754 0.0431778929188 0 0.00961538461538 24 1.54419040149
11150 848 0.389696180616 0.512109549036 -0.00482052256787 0.645422806226 0.847263228012 0.935160941963 0.00529147982063 0 0.00117924528302 128 1.29028089159
1 1 1.0 1.0 nan nan nan nan 1.0 0 1.0 1 0.0
4474 669 0.533471007842 0.500959263547 -0.00484732420561 0.677871641489 0.809575760426 0.94034735019 0.0134108180599 0 0.00149476831091 114 2.46353739607
30848 6288 0.494331884395 0.376217471881 -0.000531280635218 0.566133991491 0.814838901013 0.934967217039 0.00158843360996 0 0.00015903307888 2330 2.62310967932
35054 7550 0.533482403888 0.419571706529 -0.000420993453853 0.613742981724 0.805952305417 0.945337761531 0.00176869972043 0 0.000132450331126 2451 2.72373069567
15 6 0.852197539175 0.797872340426 -0.2646738539 0.867320876195 0.642234888929 0.934606232455 0.333333333333 0 0.166666666667 1 1.0038561022
294 57 0.524678331663 0.478668261563 -0.0572821523666 0.639461847159 0.810796609572 0.891842719441 0.0918367346939 0 0.0175438596491 15 1.85737631496
1220 247 0.503508760017 0.337397028621 -0.0132817977498 0.54375606591 0.811640331226 0.890030751712 0.0401639344262 0 0.00404858299595 86 3.33322514463
3 1 1.0 1.0 nan nan nan nan 1.0 0 3.0 0 0.0
386 138 0.657013110531 0.498007914862 -0.0179679648508 0.692693744817 0.755956258155 0.926133764303 0.0518134715026 0 0.00724637681159 66 2.68744308259
758 221 0.607547849039 0.295637605648 -0.0121003733491 0.564692977039 0.77218794215 0.89478067205 0.0738786279683 0 0.00452488687783 92 5.94965401091
189 82 0.765449127764 0.681724493301 -0.0248671757651 0.814662218569 0.709735410151 0.954112999814 0.047619047619 0 0.0121951219512 35 1.55063562185
4183 1120 0.580050678466 0.368800501303 -0.00255492987595 0.595578653509 0.785969942766 0.926276950919 0.010279703562 0 0.000892857142857 442 3.66340771209
25 14 0.78163223043 0.646997929607 -0.118131269127 0.780833300561 0.653784076155 0.913778631582 0.2 0 0.0714285714286 10 1.33206940431
2586 181 0.391854534144 0.490233516792 -0.0225950055925 0.629086190963 0.847331240776 0.911467719301 0.0320959010054 0 0.00552486187845 20 1.52494370222
618 217 0.66375410048 0.339903135029 -0.0110061007756 0.613988920017 0.747563997022 0.909870886622 0.0598705501618 0 0.00460829493088 102 5.30131263576
137 68 0.775748498615 0.523747069985 -0.0268773136059 0.749860651247 0.681275458575 0.932936660736 0.102189781022 0 0.0147058823529 38 3.9858312585
20 8 0.766336346436 0.757575757576 -0.260700466271 0.828856007876 0.715370351998 0.92198577365 0.25 0 0.125 3 0.397747564417
2 1 1.0 1.0 nan nan nan nan 1.0 0 2.0 0 0.0
363 29 0.383609285215 0.487580064459 -0.141558243048 0.61878708927 0.847885694897 0.863696884443 0.146005509642 0 0.0344827586207 5 1.62804859252
713 235 0.616271101106 0.432395031066 -0.0112015387595 0.644504691838 0.768876286823 0.919970338245 0.0434782608696 0 0.00425531914894 118 3.41104537664
1817 334 0.466126526548 0.358465914952 -0.0104750278519 0.542033835505 0.822764495424 0.895046360647 0.0236653824986 0 0.00299401197605 121 2.59125809422
3 1 1.0 1.0 nan nan nan nan 1.0 0 3.0 0 0.0
15 7 0.857468465196 0.824175824176 -0.227003845025 0.884216483053 0.642412641551 0.946287461289 0.266666666667 0 0.142857142857 2 0.595392465102
98 27 0.61386378899 0.585038986355 -0.103538448536 0.714042060399 0.781302395803 0.902273734742 0.102040816327 0 0.037037037037 9 0.990236444594
18 7 0.785054957756 0.723214285714 -0.284927431897 0.814632729848 0.704129919104 0.911081017453 0.333333333333 0 0.142857142857 2 1.1471564452
223 112 0.760103583647 0.231134267866 -0.0137303316248 0.54915254508 0.632942473439 0.87452036735 0.14798206278 0 0.00892857142857 80 6.67097584645
514 216 0.702935032472 0.469711839335 -0.0100077259403 0.688334330933 0.724160851575 0.930908398788 0.0330739299611 0 0.00462962962963 116 3.0032235593
562 59 0.476838903627 0.439226135182 -0.0600964237665 0.612541794904 0.82499795767 0.882410860304 0.0925266903915 0 0.0169491525424 7 2.21251175276
1021 219 0.54673151516 0.423073910427 -0.014267766539 0.6256997961 0.802815742881 0.9134996203 0.0362389813908 0 0.00456621004566 67 2.98414314247
699 120 0.528836193762 0.447191103789 -0.0270655587752 0.628417545941 0.80985216973 0.903992510575 0.0500715307582 0 0.00833333333333 24 2.25216239255
207 28 0.458385124777 0.404312134365 -0.126370021576 0.54394618296 0.824653543963 0.826120801952 0.154589371981 0 0.0357142857143 4 1.58705654262
153 24 0.486386574451 0.562175792507 -0.143222293372 0.684993353617 0.819767431353 0.886922546931 0.137254901961 0 0.0416666666667 7 1.28162767636
44 2 0.175426729804 0.523243243243 -3.76120011569 0.114572963345 0.915863435329 0.156491062906 0.977272727273 0 0.5 1 0.0
18 2 0.857138587581 0.835051546392 -0.955511445027 0.805508457957 0.693087094385 0.852405178649 0.722222222222 0 2.5 0 0.0
499 76 0.449432564266 0.414777686716 -0.0484496442872 0.583203151119 0.831179420893 0.877651182786 0.0821643286573 0 0.0131578947368 22 2.27056007956
139 55 0.683148116116 0.590404889228 -0.0426402919324 0.740426635438 0.743406697806 0.926590854767 0.0719424460432 0 0.0181818181818 29 1.44136242234
1196 265 0.523738963284 0.410853724038 -0.0120983280815 0.603487112159 0.80751997118 0.909932147942 0.0309364548495 0 0.00377358490566 98 2.7066351712
108763 11779 0.42356569943 0.427557007774 -0.000329291377042 0.599191425054 0.839366815363 0.945368748515 0.00115848220443 0 8.48968503269e-05 2275 2.44176457247
8222 1764 0.543730091767 0.448722815746 -0.00178327490092 0.635022215655 0.804053573568 0.939297801313 0.00535149598638 0 0.000566893424036 534 2.37900267402
126 13 0.307239200946 0.189573233348 -0.325397484635 0.253822057318 0.852217828893 0.544921205042 0.611111111111 0 0.0769230769231 7 2.86739576334
21918 3864 0.484070381899 0.382447480714 -0.000895004735627 0.578719049037 0.820802992059 0.933803190854 0.00287434984944 0 0.000258799171843 1170 3.01251980598
2704 861 0.603262659029 0.387550412822 -0.00308592022989 0.606575869508 0.770836576117 0.926137102779 0.0110946745562 0 0.00116144018583 430 3.18242491713
57 30 0.781585176742 0.598342541436 -0.0585265560848 0.769358717475 0.670407432999 0.925833545764 0.122807017544 0 0.0333333333333 18 2.02204562254
78 37 0.756395087366 0.595769682726 -0.0529598244941 0.763858828416 0.699593126786 0.927704865209 0.102564102564 0 0.027027027027 20 1.97058319201
2199 797 0.682788649646 0.366402165012 -0.00291842692787 0.646849292174 0.741510161086 0.934894981621 0.0259208731241 0 0.00125470514429 351 6.67100682774
58 22 0.641606397989 0.298650568182 -0.10056781548 0.520555961299 0.729755871571 0.802058425824 0.344827586207 0 0.0454545454545 14 3.6027992012
288 55 0.523816283764 0.503026259931 -0.0597260762582 0.655958294793 0.811874411213 0.897146780751 0.0798611111111 0 0.0181818181818 15 1.62556169769
146 29 0.51816433488 0.50902665011 -0.113289848474 0.643131514316 0.811899860775 0.87454247652 0.123287671233 0 0.0344827586207 8 1.223725341
17 5 0.747432300807 0.770666666667 -0.449980967033 0.817959386372 0.733740128945 0.902205709195 0.352941176471 0 0.2 1 0.157987551438
29690 3177 0.404953739003 0.336081043448 -0.00125115192595 0.526816858887 0.843096571745 0.92055505351 0.00417649040081 0 0.000314762354422 661 3.27950133854
22755 9411 0.723452894681 0.464979763737 -0.00022829546533 0.714716136339 0.722674269313 0.96329608419 0.00272467589541 0 0.000106258633514 4465 6.03918086856
655 99 0.514310318055 0.35918656101 -0.0332412060142 0.574235341418 0.812194879379 0.880905279585 0.0870229007634 0 0.010101010101 19 3.41059901774
6606 475 0.328951965932 0.385340350936 -0.0096175184154 0.532881877493 0.86280863515 0.898169772463 0.0161973963064 0 0.00210526315789 95 2.01808302159
144 23 0.478068907379 0.299125818643 -0.148774809111 0.48179819352 0.818993506237 0.781684487282 0.3125 0 0.0434782608696 6 3.08240797742
17976 2457 0.430327085267 0.369638721827 -0.00154450811032 0.55098362396 0.835970287315 0.923691336496 0.0037271918113 0 0.000407000407 657 2.6649279197
222 34 0.558302481826 0.581673118686 -0.0918287923156 0.710301131775 0.802670023201 0.90637884258 0.0900900900901 0 0.0294117647059 5 1.05731908536
6177 1257 0.524729806841 0.395521261793 -0.00256645576729 0.598070700392 0.80864123683 0.928044137247 0.00793265339161 0 0.00079554494829 389 2.98417538744
16113 1206 0.417843282291 0.445175124611 -0.00323784462611 0.617173452037 0.840396612576 0.932052629424 0.00726121765034 0 0.000829187396352 132 2.3996621937
35 17 0.752432291361 0.661090124123 -0.115811254207 0.783419620533 0.700808974384 0.919541690224 0.142857142857 0 0.0588235294118 10 1.00040445136
33574 2536 0.399490108562 0.492703754817 -0.00158372758162 0.643436343032 0.844651044753 0.943774638275 0.00345505450646 0 0.000394321766562 336 1.98272837586
102 25 0.597610868979 0.49308056872 -0.114519457893 0.669900877863 0.786071399333 0.881602475947 0.196078431373 0 0.04 8 2.39407478723
32477 4871 0.461533462401 0.448473448455 -0.000745734344546 0.613666783249 0.828978402623 0.942507263547 0.00163192413092 0 0.000205296653665 1254 1.97406911544
1446 110 0.32719270622 0.433505000746 -0.0416325828678 0.556014329576 0.863135726076 0.876666178083 0.0408022130014 0 0.00909090909091 23 1.31798762179
22866 2847 0.508317022987 0.529714175161 -0.00118791589497 0.685950683073 0.816977000004 0.952629149262 0.00236158488586 0 0.000351246926589 410 1.7720159624
13162 1577 0.419076121885 0.436614335138 -0.0024744410069 0.596579765697 0.840292825993 0.929907100951 0.00440662513296 0 0.000634115409004 369 1.96928249343
317 22 0.341768682095 0.566358563941 -0.199284641871 0.64600446404 0.85723660323 0.866599706106 0.110410094637 0 0.0454545454545 4 0.49745386069
461 80 0.462781162738 0.342554803353 -0.0441010867808 0.5311022886 0.824168481101 0.858096449379 0.0976138828633 0 0.0125 28 2.88109661509
461 77 0.498131485095 0.484637925727 -0.0444765795501 0.638959346343 0.819137461897 0.898567510652 0.058568329718 0 0.012987012987 19 1.62212821127
6157 639 0.398701499645 0.355067059159 -0.00629497869311 0.541613248623 0.84487956727 0.905280409801 0.0168913431866 0 0.00156494522692 136 3.00142828047
260 108 0.705642904137 0.563897230564 -0.0206393669959 0.73670899131 0.731533118802 0.935444219695 0.0423076923077 0 0.00925925925926 56 1.91156834585
7449 3062 0.707400465859 0.498730120153 -0.000720015645877 0.712143607955 0.728910631364 0.957723788499 0.00335615518862 0 0.000326583932071 1541 3.18086248568
15985 6592 0.722686392436 0.553105264688 -0.000331075436017 0.745276101398 0.726474566063 0.966572476257 0.00137629027213 0 0.000151699029126 3068 2.74608715281
1467 382 0.58407428902 0.501534838217 -0.00766697350891 0.677291592397 0.790534580433 0.934671255718 0.0163599182004 0 0.00261780104712 140 2.11684964716
896 320 0.671085179545 0.489808668489 -0.00761322970677 0.699562268775 0.752037071068 0.938290658445 0.0245535714286 0 0.003125 144 3.21794384137
22 18 0.923898109345 0.746913580247 -0.0350507862203 0.885545950735 0.358315638549 0.960421629335 0.181818181818 0 0.0555555555556 16 3.35202220639
12891 4688 0.672196807221 0.46406362785 -0.000511885372971 0.683594938906 0.748641666569 0.955009849498 0.00255992552944 0 0.000213310580205 2151 3.37286851198
1087 443 0.697841894509 0.511447487171 -0.00506023812103 0.710448425703 0.732874318152 0.944049324982 0.0147194112236 0 0.00225733634312 228 2.52429348297
645 336 0.784802245108 0.612046289104 -0.00531635101283 0.787993717432 0.675101116184 0.95917823388 0.0170542635659 0 0.00297619047619 197 2.36132969178
3457 366 0.415621203311 0.437661250234 -0.0107364280643 0.600446970867 0.841358387274 0.913891907584 0.0193809661556 0 0.00273224043716 72 2.09820350556
21867 1512 0.403585762064 0.468562192001 -0.0026419239905 0.62705500688 0.843838851372 0.936304368036 0.00475602506059 0 0.000661375661376 168 1.97895662888
8964 2722 0.645298747863 0.505340096852 -0.000962307639641 0.699520317981 0.76783125839 0.954836625874 0.00356983489514 0 0.000367376928729 965 2.66189201789
16764 6851 0.716926338786 0.532443817191 -0.000321068588921 0.734156971353 0.728361351863 0.965016494745 0.00190885230255 0 0.000145964092833 3228 3.06414728469
730 357 0.771113162608 0.572800110067 -0.00525460532704 0.768172783286 0.688209483552 0.955272640972 0.0178082191781 0 0.00280112044818 194 2.80386616763
1374 263 0.537882680363 0.459495310552 -0.012179692821 0.646938994008 0.807361930662 0.922214933963 0.0291120815138 0 0.00380228136882 68 2.61967422165
2457 1215 0.775545597817 0.593974895398 -0.00153823271777 0.780844849546 0.687228782558 0.965202695554 0.00529100529101 0 0.00082304526749 663 2.81981528765
13578 5293 0.699383427251 0.50588657519 -0.000431114384819 0.715588626769 0.737059513411 0.960978626983 0.00228310502283 0 0.000188928773852 2459 3.22555078719
8 2 0.517445699263 0.64 -1.94591014906 0.457569264981 0.839884849674 0.5435644432 0.875 0 0.5 1 0.0
21 9 0.747813148163 0.620253164557 -0.232830820335 0.753558238856 0.716540810642 0.887468892237 0.333333333333 0 0.111111111111 4 1.69185412207
68281 3818 0.327735463311 0.407213584351 -0.00119935600101 0.559303714498 0.863122892486 0.929571682307 0.00256293844554 0 0.000261917234154 547 2.06102149171
1 1 1.0 1.0 nan nan nan nan 1.0 0 1.0 1 0.0
148 23 0.521905727771 0.520408648135 -0.144295425603 0.658684007832 0.813685554314 0.87394909099 0.162162162162 0 0.0434782608696 4 1.45150623578
13 2 0.600000422302 0.676 -1.70474809224 0.5362171861 0.818374088399 0.619382194679 0.846153846154 0 1.0 0 0.0
108018 14446 0.469255059155 0.480625899722 -0.000249591324729 0.640699479288 0.827764717804 0.953523918258 0.000592493843619 0 6.92233144123e-05 2921 1.84307873966
96 48 0.745719969669 0.574850299401 -0.039380963186 0.747137580674 0.690224954611 0.926513811248 0.0833333333333 0 0.0208333333333 31 1.86703708647
16669 6108 0.690994215715 0.530989861024 -0.000387369273408 0.726784347612 0.745432109796 0.963398995834 0.00227968084468 0 0.000163719711853 2577 2.97361722639
7475 1219 0.502491048304 0.453955653006 -0.00279293381437 0.634223939247 0.818126171548 0.935984540401 0.00869565217391 0 0.000820344544709 282 2.56112205981
389 124 0.633220925754 0.516432774084 -0.0213391042821 0.692683889667 0.769970225347 0.924566644272 0.0437017994859 0 0.00806451612903 52 1.99517376586
4795 1621 0.66371425732 0.502207717316 -0.0015423279219 0.703556139019 0.757772088211 0.95246146865 0.00542231491137 0 0.000616903146206 662 2.95194000928
3746 799 0.562833891223 0.410456161723 -0.00381991886383 0.63315905272 0.798433888431 0.931724658765 0.0176187933796 0 0.00125156445557 221 4.12655969893
10670 3043 0.612756164615 0.465491016484 -0.000907040459416 0.666244247128 0.778715768844 0.949388528196 0.00318650421743 0 0.000328623069339 1126 2.77930549034
8 5 0.810087380377 0.64 -0.277258872224 0.75 0.602169971904 0.861353116147 0.5 0 0.2 4 1.5
1761 647 0.674682901263 0.482055444006 -0.00369317897504 0.690905015398 0.747674382863 0.942978684571 0.0130607609313 0 0.0015455950541 298 2.88849137922
14448 6671 0.756542216165 0.552402044486 -0.000296894410355 0.760072210477 0.702341126186 0.96884972594 0.00242248062016 0 0.000149902563334 3409 3.95971728781
394 166 0.702344286451 0.497953475243 -0.0131715750532 0.704536056655 0.726919302589 0.931984851942 0.0431472081218 0 0.00602409638554 91 2.82727183079
1489 523 0.649044441102 0.47993174388 -0.00477503079696 0.675569701346 0.757528426157 0.937490846679 0.0120886501007 0 0.0019120458891 247 2.31120385306
645 129 0.603306863928 0.598219254313 -0.0224601104471 0.740868855097 0.788425236799 0.938840447161 0.0387596899225 0 0.0077519379845 24 1.59945920399
164 19 0.441166415648 0.436368356155 -0.196636153295 0.56283720421 0.833505281298 0.818403874272 0.19512195122 0 0.0526315789474 3 1.3938531529
102 11 0.574746853806 0.557018952779 -0.276820393582 0.669303230726 0.797995354034 0.850877453732 0.245098039216 0 0.181818181818 0 1.0484554042
366 52 0.48418782573 0.548802071384 -0.0676543756057 0.676887003423 0.823690993543 0.903546073631 0.068306010929 0 0.0192307692308 11 1.13266334518
10587 593 0.391256458764 0.548281048777 -0.00681979578811 0.672643797003 0.845677668867 0.938025534594 0.00736752621139 0 0.00168634064081 56 1.13238933084
1708 685 0.705625455825 0.537724692177 -0.00327938574417 0.727427280479 0.733369396379 0.951344157621 0.00819672131148 0 0.0014598540146 325 2.28062807751
458 260 0.810577332446 0.614927298311 -0.00614765383054 0.798078864967 0.644096512329 0.959613724599 0.0240174672489 0 0.00384615384615 164 2.73900320734
13003 1008 0.335420097313 0.328976274562 -0.00445961933752 0.491430249461 0.860649968558 0.897420836513 0.00922863954472 0 0.000992063492063 215 2.61974873225
5380 864 0.459650708179 0.348049525859 -0.00415108160463 0.544929491525 0.826893669507 0.910356243602 0.0126394052045 0 0.00115740740741 262 3.11616112804
73 19 0.60135983667 0.60058604756 -0.151387863613 0.716057649055 0.786993959779 0.89358274758 0.13698630137 0 0.0526315789474 6 0.844289954315
5 5 1.0 1.0 0.0 1.0 -0.0 1.0 0.2 0 0.2 5 0.0
175 24 0.342804218592 0.320050581055 -0.170484883448 0.425469190086 0.8474009279 0.748328940037 0.234285714286 0 0.0416666666667 12 1.83852829379
48 4 0.328397894546 0.578313253012 -1.15024541651 0.537696137411 0.863752932236 0.69287796909 0.520833333333 0 0.25 1 0.111531436908
332 44 0.53365786191 0.564973141428 -0.073827918548 0.699925847431 0.809883110032 0.908280403567 0.0753012048193 0 0.0227272727273 6 1.22557919225
14 1 1.0 1.0 nan nan nan nan 1.0 0 14.0 0 0.0
16460 2658 0.462459889826 0.399536788398 -0.00135309967796 0.581468651283 0.827351901812 0.931273959527 0.00400972053463 0 0.000376222723853 780 2.57326959853
9247 891 0.481342885117 0.569144643789 -0.00393520342798 0.705534698997 0.823129510201 0.948717115877 0.00594787498648 0 0.00112233445567 104 1.38373937286
2579 366 0.428481250162 0.399938150432 -0.0104030972714 0.569836469725 0.83649268458 0.905068567272 0.0236525785188 0 0.00273224043716 106 2.33994415423
134731 10825 0.381873976187 0.426741949546 -0.000384536023506 0.58636697463 0.849906362807 0.942543973179 0.000846130437687 0 9.23787528868e-05 1723 2.05375868999
17 6 0.580509175983 0.517921146953 -0.435014898449 0.596005339085 0.767074808176 0.770911805066 0.470588235294 0 0.166666666667 4 1.00726937592
4292 2572 0.827552489178 0.55928730919 -0.000566124719623 0.791520535813 0.616883816859 0.970238921926 0.00675675675676 0 0.000388802488336 1724 5.86588700853
107 44 0.695451310681 0.46382271917 -0.0493979278318 0.669118200936 0.725483604052 0.896776181576 0.11214953271 0 0.0227272727273 23 2.43848759027
12 7 0.796805981466 0.605042016807 -0.221950289229 0.744548265413 0.635920596078 0.873001762357 0.416666666667 0 0.142857142857 5 1.81047346418
935 225 0.620456267113 0.511309967686 -0.0123724026044 0.698364504744 0.780450820099 0.934067635019 0.0299465240642 0 0.00444444444444 54 2.54404314795
3301 355 0.408862791688 0.37827848002 -0.0111587823705 0.554762009442 0.842581761276 0.90004324372 0.0242350802787 0 0.00281690140845 73 2.5799264644
11 1 1.0 1.0 nan nan nan nan 1.0 0 11.0 0 0.0
645 105 0.479856690581 0.384935670567 -0.0331940159671 0.570174137708 0.82212336457 0.880819873155 0.0728682170543 0 0.00952380952381 28 2.59990281851
20886 5083 0.586226761734 0.491728438287 -0.000578485531604 0.676574147959 0.791306721617 0.95422604933 0.00201091640333 0 0.000196734212079 1580 2.47315520002
285 66 0.568043746621 0.492469715159 -0.0458120118924 0.662152276843 0.796658639971 0.90343864321 0.0701754385965 0 0.0151515151515 21 1.88135132334
19 5 0.975756115546 0.962666666667 -0.130933331998 0.976267790673 0.369015907996 0.988090058536 0.263157894737 0 0.6 0 0.343621596745
8184 1088 0.47563135971 0.476976766657 -0.00328003896247 0.640983345175 0.826070070957 0.936465816576 0.00623167155425 0 0.000919117647059 207 1.9505052388
3992 2028 0.773619953168 0.469864848354 -0.00087965683928 0.732262207553 0.674743796071 0.959101207186 0.00926853707415 0 0.000493096646943 1210 6.23709318215
220 128 0.815978606986 0.53863960114 -0.0117561645122 0.770265720764 0.626601941768 0.946683692308 0.0545454545455 0 0.0078125 85 4.11139146671
47 12 0.590888783099 0.56991744066 -0.245396527413 0.687901784411 0.791591214679 0.864381859818 0.255319148936 0 0.0833333333333 4 1.17578444397
3 3 1.0 1.0 0.0 1.0 -0.0 1.0 0.333333333333 0 0.333333333333 3 0.0
5925 2129 0.671045683311 0.485535040753 -0.00113988326149 0.695849400991 0.751169303078 0.952708148554 0.0064135021097 0 0.000469704086426 953 3.39854427716
146 15 0.666679574031 0.75749822317 -0.162352489126 0.83100395971 0.751950188583 0.936613353501 0.130136986301 0 0.0666666666667 1 0.249154881612
126 13 0.484457397336 0.571737251513 -0.262724513473 0.688049418453 0.818672262938 0.867594539531 0.253968253968 0 0.0769230769231 2 1.36531299015
54 4 0.34310777042 0.535242290749 -1.13522714621 0.530391097449 0.862006061129 0.686802751613 0.62962962963 0 0.25 1 0.783626330671
55 8 0.552643976151 0.610864297254 -0.394222817422 0.695206968235 0.80452491634 0.850829146696 0.327272727273 0 0.125 1 0.816614680458
47 25 0.820585414109 0.71837398374 -0.0676365754317 0.840949614598 0.660001110198 0.948526523259 0.127659574468 0 0.04 13 1.70479812808
18 10 0.779243917844 0.578571428571 -0.165344588767 0.737440493641 0.65371727296 0.882920768559 0.333333333333 0 0.1 7 1.99255231552
2223 313 0.476338606071 0.482541384685 -0.0113756651133 0.644269799774 0.82569389301 0.923797471889 0.0215924426451 0 0.00319488817891 67 1.94501795538
150 53 0.625130313246 0.258858720663 -0.0425827721738 0.488343735842 0.734471470657 0.824405867133 0.186666666667 0 0.0188679245283 32 3.90438370173
13 1 1.0 1.0 nan nan nan nan 1.0 0 13.0 0 0.0
43 7 0.598285108212 0.66201217329 -0.419004760051 0.736763646005 0.790816667509 0.868592605733 0.325581395349 0 0.142857142857 1 0.643979999815
2 2 1.0 1.0 0.0 1.0 -0.0 1.0 0.5 0 0.5 2 0.0
1 1 1.0 1.0 nan nan nan nan 1.0 0 1.0 1 0.0
36 15 0.726138998024 0.626086956522 -0.146689740095 0.759513104303 0.72843822612 0.90613595582 0.194444444444 0 0.0666666666667 7 1.3491635345
206 93 0.731253601976 0.243490435042 -0.0192333930568 0.544632395667 0.675467081535 0.86791375303 0.145631067961 0 0.010752688172 59 5.78810889262
1 1 1.0 1.0 nan nan nan nan 1.0 0 1.0 1 0.0
417 56 0.391515831651 0.348776897033 -0.0709290333131 0.519205858995 0.842987217589 0.841242686823 0.136690647482 0 0.0178571428571 21 2.76540038425
938 94 0.346154560303 0.28629236414 -0.0461604769277 0.455504722949 0.855800268865 0.829702288938 0.102345415778 0 0.0106382978723 30 3.2359389186
5378 460 0.497241817406 0.551435992901 -0.00742231192606 0.70165459192 0.818614178413 0.942362249337 0.0119003346969 0 0.00217391304348 37 1.74815689296
402 129 0.634807634347 0.44079668756 -0.0201303613889 0.653877409801 0.765988438456 0.913424562016 0.0597014925373 0 0.0077519379845 55 3.04297733633
110 30 0.613526851566 0.542114695341 -0.093448925599 0.698232864911 0.78187363724 0.898594780665 0.145454545455 0 0.0333333333333 10 1.83607740938
6 4 0.923898109345 0.9 -0.277258872224 0.926587716562 0.532883469188 0.959147917027 0.333333333333 0 0.25 2 0.0
101 59 0.810789061638 0.58609594944 -0.0258304284853 0.781196012831 0.63031461738 0.940603082638 0.0891089108911 0 0.0169491525424 40 2.90319994575
15042 3193 0.534529102761 0.425954625286 -0.000998094632834 0.6230067145 0.806433681234 0.94137747878 0.00445419492089 0 0.00031318509239 1013 3.04444788557
364 92 0.560432921853 0.404998288257 -0.0324244945278 0.604900194304 0.794082875596 0.890393534494 0.0714285714286 0 0.0108695652174 35 2.77113801126
1619 541 0.659093619124 0.398538255726 -0.00458100850002 0.651772938556 0.755844569919 0.932139918302 0.0210006176652 0 0.00184842883549 225 4.68353071081
10374 2601 0.567941850567 0.378994504376 -0.00113431344947 0.600106553661 0.791958605967 0.935094796579 0.00539811066127 0 0.000384467512495 952 3.58677369601
4898 1599 0.631397722504 0.42947786146 -0.00161899751583 0.647303638578 0.765325685659 0.941088353486 0.00714577378522 0 0.000625390869293 716 3.22611692476
1203 622 0.781356332568 0.578062750894 -0.00287398442489 0.774006584124 0.675302184339 0.960250587418 0.00997506234414 0 0.0016077170418 367 2.91885345327
4438 1749 0.703284151447 0.543651780107 -0.00130138231971 0.7322445203 0.736466379588 0.958291135415 0.00428120775124 0 0.000571755288736 810 2.43627768754
31208 7857 0.600167427689 0.48605706084 -0.000364864384219 0.678527596161 0.786330890273 0.956766316579 0.00144193796462 0 0.000127275041364 2411 2.72865359727
1 1 1.0 1.0 nan nan nan nan 1.0 0 1.0 1 0.0
2282 447 0.529306355679 0.506739531729 -0.00728062259874 0.66707737466 0.810213742117 0.933841953307 0.0148992112182 0 0.00223713646532 127 1.80906765687
3393 1356 0.691705734876 0.481211054649 -0.00167068413498 0.69626990978 0.735363025075 0.949850044789 0.00766283524904 0 0.000737463126844 693 3.18151694123
3890 455 0.413708738035 0.297882258544 -0.00852748351182 0.492021994121 0.839417662062 0.884488398797 0.0269922879177 0 0.0021978021978 105 3.45495177351
6266 990 0.508155057735 0.42841625432 -0.00339975637942 0.627742023114 0.816142204599 0.93258233424 0.011011809767 0 0.0010101010101 217 3.15662452065
3 3 1.0 1.0 0.0 1.0 -0.0 1.0 0.333333333333 0 0.333333333333 3 0.0
10 4 0.709451453743 0.694444444444 -0.592692602597 0.738821151775 0.74588663715 0.842737648614 0.5 0 0.25 2 0.493382200218
22 12 0.818340567807 0.775641025641 -0.134445559802 0.854718312699 0.646757125677 0.942485553884 0.136363636364 0 0.0833333333333 7 0.338061701891
4415 790 0.528372732818 0.407998388287 -0.00410662193069 0.61903253198 0.8096515448 0.928234956053 0.0178935447339 0 0.00126582278481 189 3.73708187261
163 61 0.674386293537 0.53838983566 -0.0393659556583 0.713995554509 0.748792729411 0.919644018128 0.0858895705521 0 0.016393442623 29 2.14445391354
167 56 0.642105462075 0.453155466008 -0.0454043937636 0.65550799442 0.761452538915 0.897399275907 0.107784431138 0 0.0178571428571 25 2.67027391426
184 62 0.626033084042 0.494623655914 -0.0420683277369 0.671186876363 0.766923714117 0.905300600112 0.0815217391304 0 0.0161290322581 30 1.98839492051
41 17 0.776628194967 0.701293283271 -0.118163886552 0.818389817073 0.70594752317 0.933839310467 0.170731707317 0 0.0588235294118 6 1.38452955798
4247 1931 0.745442542084 0.535133815281 -0.00104312008776 0.744117171374 0.706638717277 0.960958660647 0.0047092064987 0 0.000517866390471 1008 3.23700120992
17 5 0.69360903768 0.583838383838 -0.479991426278 0.679337075478 0.748664130052 0.815819350281 0.529411764706 0 0.2 1 1.32108696788
14 5 0.799081581356 0.784 -0.391202300543 0.837452232947 0.699131814495 0.913444320561 0.357142857143 0 0.2 1 0.347767062247
487 124 0.585095947239 0.506126812862 -0.0235850383256 0.672035390002 0.790252446496 0.91836236636 0.041067761807 0 0.00806451612903 40 1.72628508698
5061 638 0.460780744822 0.430045504998 -0.00571778859143 0.608451125811 0.829669792141 0.923226296368 0.0136336692353 0 0.00156739811912 118 2.46372428753
1038 147 0.436871622919 0.355527309876 -0.025492793112 0.546203669611 0.8339871216 0.879944789647 0.0655105973025 0 0.00680272108844 41 3.16840271814
20239 2578 0.451434918054 0.418783776053 -0.00143380292106 0.601316415989 0.831796885421 0.93527793897 0.00405158357626 0 0.000387897595035 553 2.65118668516
