4483538.3 81 49
4483538.3 36 33
4483538.3 20 24
4483538.3 19 20
4483538.3 16 19
4483538.3 10 16
4483538.3 9 14
4483538.3 7 13
4483538.3 6 10
4483538.3 6 9
4483538.3 6 8
4483538.3 6 6
4483538.3 5 6
4483538.3 5 5
4483538.3 5 5
4483538.3 4 4
4483538.3 3 3
4483538.3 3 3
4483538.3 1 1
4483538.3 1 1
4483538.3 1 1
4483538.3 1 1
4483567.3 24 31
4483567.3 22 18
4483567.3 22 17
4483567.3 14 12
4483567.3 11 9
4483567.3 4 5
4483567.3 2 4
4483567.3 2 4
4483567.3 1 2
4483567.3 1 1
4483603.3 365 244
4483603.3 286 196
4483603.3 251 145
4483603.3 178 143
4483603.3 172 106
4483603.3 159 105
4483603.3 103 98
4483603.3 96 98
4483603.3 90 90
4483603.3 83 87
4483603.3 80 86
4483603.3 80 82
4483603.3 79 70
4483603.3 78 66
4483603.3 75 65
4483603.3 75 61
4483603.3 71 60
4483603.3 57 57
4483603.3 51 49
4483603.3 32 49
4483603.3 32 44
4483603.3 30 44
4483603.3 29 42
4483603.3 29 41
4483603.3 27 39
4483603.3 25 38
4483603.3 24 37
4483603.3 22 36
4483603.3 21 30
4483603.3 21 29
4483603.3 21 28
4483603.3 20 28
4483603.3 18 28
4483603.3 17 28
4483603.3 16 27
4483603.3 16 26
4483603.3 16 26
4483603.3 16 26
4483603.3 16 26
4483603.3 16 23
4483603.3 16 23
4483603.3 16 23
4483603.3 16 21
4483603.3 16 21
4483603.3 16 21
4483603.3 15 19
4483603.3 14 19
4483603.3 8 18
4483603.3 8 18
4483603.3 7 18
4483603.3 7 16
4483603.3 7 16
4483603.3 6 14
4483603.3 5 14
4483603.3 5 14
4483603.3 5 14
4483603.3 4 13
4483603.3 4 13
4483603.3 4 10
4483603.3 4 10
4483603.3 3 10
4483603.3 3 10
4483603.3 3 9
4483603.3 3 8
4483603.3 3 8
4483603.3 3 8
4483603.3 3 8
4483603.3 3 8
4483603.3 3 8
4483603.3 2 8
4483603.3 2 8
4483603.3 2 8
4483603.3 2 8
4483603.3 2 8
4483603.3 2 5
4483603.3 2 5
4483603.3 2 5
4483603.3 2 5
4483603.3 2 4
4483603.3 2 4
4483603.3 2 4
4483603.3 2 4
4483603.3 2 4
4483603.3 2 4
4483603.3 2 4
4483603.3 1 4
4483603.3 1 4
4483603.3 1 4
4483603.3 1 4
4483603.3 1 4
4483603.3 1 4
4483603.3 1 4
4483603.3 1 3
4483603.3 1 2
4483603.3 1 2
4483603.3 1 2
4483603.3 1 2
4483603.3 1 2
4483603.3 1 2
4483603.3 1 2
4483603.3 1 2
4483603.3 1 2
4483603.3 1 1
4483603.3 1 1
4483604.3 193 199
4483604.3 130 170
4483604.3 126 127
4483604.3 124 90
4483604.3 120 89
4483604.3 99 83
4483604.3 96 75
4483604.3 77 66
4483604.3 65 64
4483604.3 65 63
4483604.3 62 62
4483604.3 59 57
4483604.3 57 55
4483604.3 54 54
4483604.3 48 53
4483604.3 47 52
4483604.3 46 50
4483604.3 46 44
4483604.3 42 42
4483604.3 40 41
4483604.3 37 41
4483604.3 37 41
4483604.3 36 38
4483604.3 33 37
4483604.3 29 35
4483604.3 28 35
4483604.3 28 33
4483604.3 28 28
4483604.3 25 27
4483604.3 24 27
4483604.3 24 26
4483604.3 24 24
4483604.3 24 23
4483604.3 22 22
4483604.3 21 20
4483604.3 21 19
4483604.3 20 19
4483604.3 20 17
4483604.3 18 17
4483604.3 17 16
4483604.3 17 16
4483604.3 16 16
4483604.3 14 14
4483604.3 14 13
4483604.3 13 13
4483604.3 12 12
4483604.3 12 11
4483604.3 11 11
4483604.3 11 11
4483604.3 10 11
4483604.3 10 11
4483604.3 9 11
4483604.3 9 9
4483604.3 9 9
4483604.3 9 9
4483604.3 8 9
4483604.3 8 9
4483604.3 8 9
4483604.3 8 9
4483604.3 8 9
4483604.3 8 9
4483604.3 8 9
4483604.3 7 9
4483604.3 6 9
4483604.3 6 9
4483604.3 6 8
4483604.3 6 7
4483604.3 6 6
4483604.3 6 6
4483604.3 5 6
4483604.3 5 6
4483604.3 4 5
4483604.3 4 5
4483604.3 4 4
4483604.3 4 4
4483604.3 4 4
4483604.3 3 4
4483604.3 3 4
4483604.3 3 4
4483604.3 3 4
4483604.3 3 3
4483604.3 2 3
4483604.3 2 3
4483604.3 2 3
4483604.3 2 3
4483604.3 2 2
4483604.3 2 2
4483604.3 2 2
4483604.3 2 2
4483604.3 2 2
4483604.3 1 1
4483604.3 1 1
4483604.3 1 1
4483604.3 1 1
4483604.3 1 1
4483604.3 1 1
4483604.3 1 1
4483604.3 1 1
4483604.3 1 1
4483604.3 1 1
4483604.3 1 1
4483606.3 650 293
4483606.3 317 181
4483606.3 250 177
4483606.3 141 117
4483606.3 140 117
4483606.3 132 113
4483606.3 124 105
4483606.3 123 105
4483606.3 115 99
4483606.3 115 91
4483606.3 111 89
4483606.3 110 84
4483606.3 106 80
4483606.3 100 78
4483606.3 79 70
4483606.3 51 59
4483606.3 50 59
4483606.3 48 55
4483606.3 46 53
4483606.3 46 51
4483606.3 45 51
4483606.3 45 48
4483606.3 40 48
4483606.3 40 47
4483606.3 40 40
4483606.3 38 40
4483606.3 37 40
4483606.3 37 38
4483606.3 37 38
4483606.3 36 38
4483606.3 31 37
4483606.3 30 37
4483606.3 28 37
4483606.3 22 37
4483606.3 20 37
4483606.3 20 35
4483606.3 18 34
4483606.3 18 34
4483606.3 11 31
4483606.3 11 31
4483606.3 9 29
4483606.3 9 28
4483606.3 9 26
4483606.3 9 26
4483606.3 8 24
4483606.3 8 23
4483606.3 8 23
4483606.3 8 23
4483606.3 7 23
4483606.3 6 22
4483606.3 6 22
4483606.3 6 22
4483606.3 5 21
4483606.3 5 20
4483606.3 5 19
4483606.3 5 19
4483606.3 5 17
4483606.3 5 17
4483606.3 5 17
4483606.3 5 17
4483606.3 5 17
4483606.3 5 15
4483606.3 5 13
4483606.3 5 13
4483606.3 5 13
4483606.3 5 13
4483606.3 4 12
4483606.3 4 11
4483606.3 4 11
4483606.3 4 11
4483606.3 4 11
4483606.3 3 11
4483606.3 3 11
4483606.3 3 11
4483606.3 3 11
4483606.3 3 11
4483606.3 3 10
4483606.3 3 9
4483606.3 3 9
4483606.3 3 9
4483606.3 2 9
4483606.3 2 9
4483606.3 2 9
4483606.3 2 9
4483606.3 2 9
4483606.3 2 9
4483606.3 2 9
4483606.3 2 9
4483606.3 2 9
4483606.3 2 8
4483606.3 2 6
4483606.3 1 6
4483606.3 1 6
4483606.3 1 6
4483606.3 1 5
4483606.3 1 5
4483606.3 1 5
4483606.3 1 5
4483606.3 1 5
4483606.3 1 5
4483606.3 1 4
4483606.3 1 4
4483606.3 1 4
4483606.3 1 4
4483606.3 1 4
4483606.3 1 3
4483606.3 1 3
4483606.3 1 3
4483606.3 1 3
4483606.3 1 2
4483606.3 1 2
4483606.3 1 2
4483606.3 1 2
4483606.3 1 2
4483606.3 1 2
4483606.3 1 2
4483606.3 1 2
4483606.3 1 2
4483606.3 1 1
4483606.3 1 1
4483606.3 1 1
4483606.3 1 1
4483606.3 1 1
4483608.3 478 296
4483608.3 352 193
4483608.3 312 169
4483608.3 299 169
4483608.3 294 166
4483608.3 253 159
4483608.3 220 150
4483608.3 176 116
4483608.3 171 115
4483608.3 153 114
4483608.3 145 114
4483608.3 121 103
4483608.3 104 98
4483608.3 86 94
4483608.3 72 94
4483608.3 71 80
4483608.3 65 79
4483608.3 61 78
4483608.3 57 77
4483608.3 56 75
4483608.3 48 71
4483608.3 47 65
4483608.3 45 65
4483608.3 42 63
4483608.3 40 59
4483608.3 40 58
4483608.3 39 55
4483608.3 37 53
4483608.3 31 53
4483608.3 29 50
4483608.3 27 49
4483608.3 26 48
4483608.3 24 47
4483608.3 24 47
4483608.3 23 46
4483608.3 23 45
4483608.3 21 43
4483608.3 21 43
4483608.3 20 43
4483608.3 20 38
4483608.3 18 35
4483608.3 17 35
4483608.3 16 35
4483608.3 16 34
4483608.3 15 33
4483608.3 15 32
4483608.3 15 32
4483608.3 14 30
4483608.3 14 27
4483608.3 13 27
4483608.3 13 26
4483608.3 12 26
4483608.3 12 26
4483608.3 12 26
4483608.3 12 23
4483608.3 12 22
4483608.3 12 21
4483608.3 12 21
4483608.3 12 21
4483608.3 12 21
4483608.3 12 21
4483608.3 12 20
4483608.3 10 20
4483608.3 9 19
4483608.3 9 19
4483608.3 9 16
4483608.3 8 16
4483608.3 8 16
4483608.3 8 14
4483608.3 8 14
4483608.3 7 14
4483608.3 7 12
4483608.3 6 12
4483608.3 6 12
4483608.3 6 12
4483608.3 5 12
4483608.3 5 12
4483608.3 4 12
4483608.3 4 12
4483608.3 4 10
4483608.3 4 10
4483608.3 4 10
4483608.3 4 10
4483608.3 4 10
4483608.3 4 10
4483608.3 4 10
4483608.3 3 10
4483608.3 3 10
4483608.3 3 10
4483608.3 3 10
4483608.3 3 8
4483608.3 3 8
4483608.3 3 8
4483608.3 2 8
4483608.3 2 8
4483608.3 2 7
4483608.3 2 7
4483608.3 2 7
4483608.3 2 7
4483608.3 2 6
4483608.3 2 6
4483608.3 2 6
4483608.3 2 5
4483608.3 2 5
4483608.3 2 5
4483608.3 2 5
4483608.3 2 4
4483608.3 1 4
4483608.3 1 4
4483608.3 1 3
4483608.3 1 3
4483608.3 1 3
4483608.3 1 3
4483608.3 1 3
4483608.3 1 3
4483608.3 1 3
4483608.3 1 2
4483608.3 1 2
4483608.3 1 2
4483608.3 1 2
4483608.3 1 2
4483608.3 1 2
4483608.3 1 2
4483608.3 1 2
4483608.3 1 2
4483608.3 1 1
4483608.3 1 1
4483608.3 1 1
4483608.3 1 1
4483608.3 1 1
4483608.3 1 1
4483608.3 1 1
4483608.3 1 1
4483615.3 305 137
4483615.3 295 134
4483615.3 267 120
4483615.3 112 103
4483615.3 96 78
4483615.3 81 77
4483615.3 77 77
4483615.3 66 69
4483615.3 61 59
4483615.3 61 57
4483615.3 50 57
4483615.3 44 57
4483615.3 40 56
4483615.3 36 55
4483615.3 33 52
4483615.3 33 40
4483615.3 29 39
4483615.3 28 37
4483615.3 27 37
4483615.3 23 36
4483615.3 23 36
4483615.3 22 32
4483615.3 18 28
4483615.3 16 26
4483615.3 16 26
4483615.3 12 26
4483615.3 8 26
4483615.3 7 22
4483615.3 7 21
4483615.3 6 21
4483615.3 6 21
4483615.3 6 20
4483615.3 6 20
4483615.3 6 20
4483615.3 6 18
4483615.3 6 16
4483615.3 6 14
4483615.3 5 14
4483615.3 5 14
4483615.3 4 13
4483615.3 4 13
4483615.3 4 12
4483615.3 3 11
4483615.3 3 11
4483615.3 3 11
4483615.3 3 9
4483615.3 3 9
4483615.3 2 8
4483615.3 2 8
4483615.3 2 8
4483615.3 2 8
4483615.3 2 8
4483615.3 2 6
4483615.3 2 6
4483615.3 2 6
4483615.3 2 6
4483615.3 2 6
4483615.3 2 6
4483615.3 2 6
4483615.3 2 6
4483615.3 1 6
4483615.3 1 6
4483615.3 1 5
4483615.3 1 3
4483615.3 1 3
4483615.3 1 3
4483615.3 1 3
4483615.3 1 2
4483615.3 1 2
4483615.3 1 2
4483615.3 1 2
4483615.3 1 2
4483615.3 1 2
4483615.3 1 2
4483615.3 1 1
4483615.3 1 1
4483617.3 648 260
4483617.3 391 174
4483617.3 318 162
4483617.3 214 129
4483617.3 167 127
4483617.3 157 109
4483617.3 142 90
4483617.3 134 89
4483617.3 132 87
4483617.3 124 85
4483617.3 120 80
4483617.3 94 80
4483617.3 89 76
4483617.3 70 74
4483617.3 61 73
4483617.3 53 71
4483617.3 46 71
4483617.3 38 68
4483617.3 35 64
4483617.3 32 64
4483617.3 32 60
4483617.3 26 57
4483617.3 25 52
4483617.3 22 50
4483617.3 20 47
4483617.3 16 44
4483617.3 16 44
4483617.3 14 41
4483617.3 13 40
4483617.3 12 38
4483617.3 12 38
4483617.3 11 38
4483617.3 10 37
4483617.3 10 37
4483617.3 9 34
4483617.3 9 33
4483617.3 9 30
4483617.3 9 28
4483617.3 8 28
4483617.3 8 28
4483617.3 8 24
4483617.3 7 24
4483617.3 7 23
4483617.3 7 23
4483617.3 7 23
4483617.3 7 21
4483617.3 6 21
4483617.3 6 21
4483617.3 6 21
4483617.3 5 20
4483617.3 5 20
4483617.3 5 20
4483617.3 5 20
4483617.3 5 18
4483617.3 5 17
4483617.3 5 16
4483617.3 4 16
4483617.3 4 14
4483617.3 4 13
4483617.3 3 13
4483617.3 3 13
4483617.3 3 13
4483617.3 3 12
4483617.3 3 12
4483617.3 3 12
4483617.3 3 12
4483617.3 3 12
4483617.3 3 11
4483617.3 2 11
4483617.3 2 11
4483617.3 2 11
4483617.3 2 11
4483617.3 2 11
4483617.3 2 11
4483617.3 2 10
4483617.3 2 10
4483617.3 2 10
4483617.3 2 10
4483617.3 2 10
4483617.3 2 8
4483617.3 2 8
4483617.3 2 8
4483617.3 2 6
4483617.3 1 6
4483617.3 1 6
4483617.3 1 6
4483617.3 1 5
4483617.3 1 5
4483617.3 1 4
4483617.3 1 3
4483617.3 1 3
4483617.3 1 3
4483617.3 1 3
4483617.3 1 3
4483617.3 1 3
4483617.3 1 3
4483617.3 1 3
4483617.3 1 3
4483617.3 1 3
4483617.3 1 2
4483617.3 1 2
4483617.3 1 2
4483617.3 1 2
4483617.3 1 2
4483617.3 1 2
4483617.3 1 2
4483617.3 1 1
4483617.3 1 1
4483617.3 1 1
4483617.3 1 1
4483617.3 1 1
4483617.3 1 1
4483617.3 1 1
4483617.3 1 1
4483617.3 1 1
4483617.3 1 1
4483619.3 1567 217
4483619.3 478 199
4483619.3 212 191
4483619.3 170 151
4483619.3 143 140
4483619.3 132 131
4483619.3 127 129
4483619.3 123 127
4483619.3 105 121
4483619.3 102 118
4483619.3 92 114
4483619.3 68 110
4483619.3 56 101
4483619.3 55 101
4483619.3 53 88
4483619.3 50 87
4483619.3 49 80
4483619.3 46 77
4483619.3 45 75
4483619.3 41 74
4483619.3 36 66
4483619.3 36 66
4483619.3 35 64
4483619.3 34 63
4483619.3 34 56
4483619.3 31 55
4483619.3 29 55
4483619.3 28 55
4483619.3 28 54
4483619.3 27 54
4483619.3 26 52
4483619.3 25 51
4483619.3 25 46
4483619.3 23 43
4483619.3 23 43
4483619.3 20 40
4483619.3 19 40
4483619.3 18 38
4483619.3 18 37
4483619.3 17 37
4483619.3 16 37
4483619.3 15 37
4483619.3 15 37
4483619.3 14 35
4483619.3 14 35
4483619.3 12 34
4483619.3 12 34
4483619.3 12 34
4483619.3 11 32
4483619.3 11 29
4483619.3 11 29
4483619.3 10 28
4483619.3 10 27
4483619.3 10 26
4483619.3 9 26
4483619.3 9 25
4483619.3 9 24
4483619.3 9 23
4483619.3 9 23
4483619.3 9 23
4483619.3 9 23
4483619.3 9 21
4483619.3 9 21
4483619.3 8 20
4483619.3 8 20
4483619.3 8 20
4483619.3 8 19
4483619.3 7 19
4483619.3 7 19
4483619.3 7 19
4483619.3 7 19
4483619.3 7 18
4483619.3 7 18
4483619.3 7 18
4483619.3 7 16
4483619.3 7 16
4483619.3 7 16
4483619.3 7 16
4483619.3 7 16
4483619.3 7 16
4483619.3 7 16
4483619.3 7 16
4483619.3 7 16
4483619.3 6 14
4483619.3 6 14
4483619.3 6 14
4483619.3 6 14
4483619.3 6 12
4483619.3 5 12
4483619.3 5 10
4483619.3 5 9
4483619.3 5 9
4483619.3 5 9
4483619.3 4 9
4483619.3 4 9
4483619.3 4 9
4483619.3 4 7
4483619.3 4 7
4483619.3 4 7
4483619.3 4 7
4483619.3 4 7
4483619.3 3 7
4483619.3 3 7
4483619.3 3 7
4483619.3 3 7
4483619.3 3 6
4483619.3 3 6
4483619.3 2 5
4483619.3 2 5
4483619.3 2 5
4483619.3 2 5
4483619.3 2 5
4483619.3 2 5
4483619.3 2 5
4483619.3 2 5
4483619.3 2 5
4483619.3 2 5
4483619.3 2 5
4483619.3 2 5
4483619.3 1 4
4483619.3 1 3
4483619.3 1 3
4483619.3 1 3
4483619.3 1 3
4483619.3 1 3
4483619.3 1 3
4483619.3 1 3
4483619.3 1 3
4483619.3 1 3
4483619.3 1 3
4483619.3 1 3
4483619.3 1 3
4483619.3 1 2
4483619.3 1 2
4483619.3 1 2
4483619.3 1 2
4483619.3 1 2
4483619.3 1 1
4483619.3 1 1
4483619.3 1 1
4483619.3 1 1
4483619.3 1 1
4483619.3 1 1
4483619.3 1 1
4483619.3 1 1
4483619.3 1 1
4483619.3 1 1
4483619.3 1 1
4483619.3 1 1
4483619.3 1 1
