HYDRO micro 5598.0 11 702645.490909 0.115013377336 0.2885 0.0790157265654 0.392591509955 -0.728678105041 0.59315067255 0.314670147859 0.469096105752 0.684872908599 2626.0 73.3297606288 1.73518177561 -0.285965740619 11.0 11.0 11 9 1.15872644176 0.147019938957 0.408863428566 8.89288620012
HYDRO micro 10923.0 52 743871.427979 0.161541729684 0.057 0.0966646685154 0.221399446475 -0.12567627785 0.44979668431 0.0963452766643 0.55579968873 0.662800665975 6071.0 65.7694772498 6.25239723876 0.701449321889 54.8574044524 54.9782436138 57 59 5.48468132242 0.497545012126 0.473612682855 6.39305104983
HYDRO micro 7670.0 23 667130.442688 0.0985698062742 0.1484 0.0732254457905 0.322147270563 -0.376330200615 0.529215878698 0.193450494894 0.489178617992 0.707037731455 3752.0 67.7183833116 3.48228284434 0.363867390431 23.8572546244 25.1208888889 26 26 2.45945479923 0.262621425321 0.424454631774 8.13366731027
HYDRO micro 2878.0 65 23738.5158654 0.202798282234 0.0774 0.10973099943 0.292387876196 -0.0883703233137 0.571942956745 0.154474505684 0.407574704656 0.801193159291 1173.0 52.6407227241 6.33987087652 0.857520547943 72.7804812111 81.8398216429 80 82 8.03530422658 1.21162426375 0.358923672827 12.5456890281
HYDRO micro 327.0 13 1591.47435897 0.206936218428 0.301 0.108271946437 0.414255469301 -0.447924716772 0.644011020725 0.351387595804 0.403669724771 0.744475306044 132.0 61.4678899083 1.74890067498 0.39699359391 17.0122699387 17.8230452675 17 20 2.07255311709 0.718901642692 0.355651217718 12.8812562317
HYDRO micro 5230.0 22 289790.683983 0.10689013127 0.1696 0.0762248357064 0.338797149313 -0.377814484271 0.550371016913 0.213363364787 0.410325047801 0.732060659016 2146.0 69.9808795411 2.77531181548 0.164848039143 42.0038248231 27.9639149778 27 32 2.45265025622 0.304208844435 0.361221782984 12.3193222895
HYDRO micro 251.0 22 309.396103896 0.421573918424 0.3059 0.166058625512 0.542013763129 -0.170289085238 0.781087884468 0.484894666759 0.322709163347 0.851415056904 81.0 46.6135458167 3.09362068269 0.227136019577 34.048 23.688834188 26 30 3.80059340498 1.38862768682 0.285820691374 26.9786976967
HYDRO micro 7007.0 63 144596.982079 0.154333873588 0.08 0.0929551079836 0.336980479838 -0.107935544799 0.570679723661 0.155446548677 0.393606393606 0.801532908161 2758.0 54.2314828029 5.84499826599 0.417889744545 75.2239667587 70.989963762 74 81 7.0019589111 0.752617809006 0.347168018029 13.8306874364
HYDRO micro 10437.0 46 1034250.23237 0.188635100467 0.0484 0.106609956815 0.203656722946 -0.128599122851 0.381450612055 0.0735076499097 0.651336590974 0.551006243229 6798.0 79.1990035451 6.09503427244 0.798186302543 47.2001149866 47.2521350649 49 50 4.86322847322 0.450266866458 0.537784978251 4.99267863216
HYDRO micro 7739.0 162 36372.0903688 0.195542859496 0.0594 0.110895236807 0.255367634508 -0.0350774631445 0.595110498583 0.122045414865 0.228840935521 0.896052921552 1771.0 40.1473058535 6.9684455742 1.11553546778 221.309989361 222.428448671 213 243 17.980734964 1.8415036806 0.202804726645 162.102012809
HYDRO micro 920.0 14 6724.37362637 0.194133506051 0.4088 0.103720183246 0.523447204969 -0.434532431817 0.750019937403 0.479846536915 0.263043478261 0.825290642722 242.0 51.6304347826 1.29151579747 -0.369140762494 14.0 14.5714285714 15 14 1.90493672072 0.461566331377 0.233110130219 69.3383290696
HYDRO micro 5984.0 80 102102.744304 0.186340910051 0.0526 0.103730628375 0.26878342246 -0.076035381215 0.514242617407 0.107851716192 0.437332887701 0.76224142276 2617.0 62.9177807487 6.9079282921 0.677234546186 98.0030085242 99.8148637231 98 108 9.08375443777 1.03417537999 0.383475329886 10.460911284
HYDRO micro 3435.0 27 48710.3333333 0.151788105431 0.2565 0.092571768464 0.331101407084 -0.252907454221 0.654559360802 0.294151448665 0.204075691412 0.855628060318 701.0 37.4963609898 1.58493176474 0.534795506499 27.0 27.3221062556 28 26 3.19340793951 0.460681098197 0.180857361784 385.501771689
HYDRO micro 3676.0 11 276730.963636 0.156511613627 0.3074 0.0962658831225 0.436764269463 -0.596605309298 0.637139408299 0.360799839587 0.432535364527 0.70430185031 1590.0 73.7758433079 1.66242944827 -0.601861094841 11.0 11.0 11 10 1.21808903879 0.181428259307 0.379565430646 10.7489518809
HYDRO micro 2781.0 26 59281.3984615 0.129878155681 0.1672 0.0876188067278 0.303764556192 -0.277686691447 0.568225287064 0.214732071991 0.417116145271 0.769911562781 1160.0 56.3825961884 3.35840215007 0.720065881314 36.0035971223 29.6283636364 32 37 3.15236017953 0.49302944079 0.366871775698 11.7930868882
HYDRO micro 3755.0 25 62419.0833333 0.152181576918 0.2735 0.0925323523391 0.419014647137 -0.273258056455 0.710750799738 0.368892485113 0.294007989348 0.853754940151 1104.0 42.4766977364 2.50344133329 -0.33472912113 26.200319659 31.8150510204 28 29 2.91586151684 0.4079763968 0.260514014446 39.9361582754
HYDRO micro 5374.0 88 22796.0642633 0.198431581273 0.142 0.106719803128 0.317458639239 -0.067151765716 0.679608059059 0.229477891324 0.146818012654 0.919963714526 789.0 29.2333457387 3.62567185815 0.554318859232 100.135591538 97.0630185605 102 109 10.1288485124 1.2004217098 0.130114075955 16424.7520842
HYDRO micro 1084.0 11 43399.2727273 0.229380435636 0.1975 0.113707066041 0.391227775914 -0.503555150788 0.51819150861 0.246450224089 0.658671586716 0.539752999006 714.0 79.0590405904 2.65287687428 0.406982460559 11.0 11.0 11 10 1.43094000592 0.334101206577 0.542438342552 4.91485344729
HYDRO micro 1941.0 41 13512.0304878 0.173246459152 0.1453 0.102637797735 0.290772923185 -0.149969552863 0.588271831603 0.197175068144 0.288511076765 0.832150182045 560.0 49.7166409067 3.15532049413 0.938348939089 49.8045360825 57.7599228775 53 58 5.28334682598 0.930617229931 0.255654089773 43.5557058832
HYDRO micro 6148.0 151 16644.0183664 0.224958129994 0.0911 0.113877588297 0.356728295855 -0.0366267093037 0.693799891573 0.209945432318 0.219583604424 0.927326128983 1350.0 30.3513337671 7.60414724304 0.648987891272 158.369619755 166.553025531 172 165 17.194180091 1.92579483629 0.194600810738 217.226273205
HYDRO micro 6791.0 24 545069.780797 0.130378527104 0.1329 0.0854698985774 0.360740931625 -0.308485909223 0.549669375663 0.20594216447 0.523486968046 0.686493885068 3555.0 69.1503460462 3.90767672679 -0.192117720838 26.0002945508 26.6801470588 27 29 2.60671864035 0.29123554326 0.45025538798 7.1191223433
HYDRO micro 1088.0 16 13489.7333333 0.192117043479 0.2677 0.102368439201 0.432904411765 -0.385325880479 0.650735558885 0.338349567071 0.335477941176 0.766562702747 365.0 65.3492647059 2.00101853855 0.0777394322357 18.0018399264 17.3128078818 18 20 2.14527933871 0.485071250073 0.29702242117 23.2846965932
HYDRO micro 14270.0 145 309107.327586 0.181138326218 0.0306 0.106631425224 0.205772901916 -0.0407885937297 0.461002675166 0.0619261670338 0.420882971268 0.774516691556 6006.0 60.7708479327 9.1082554647 1.1981511331 187.970753201 175.14761416 182 204 15.0534480349 1.21382482582 0.369990300474 11.5198188894
HYDRO micro 3036.0 89 13056.1463228 0.253413222059 0.0827 0.120633487946 0.387322171396 -0.0585841602167 0.669333341119 0.217886210449 0.337285902503 0.864113510079 1024.0 44.2028985507 7.61712190128 0.415474721409 103.00461285 100.526639534 104 112 10.9749002132 1.61524766923 0.298604618117 22.8304195222
HYDRO micro 3154.0 104 3536.22218073 0.223887918236 0.208 0.112330351333 0.411498219599 -0.053927406734 0.768018570247 0.334072235337 0.115726062143 0.953770091547 365.0 20.6404565631 3.41611953577 0.410579902139 114.366923277 118.901608325 123 126 12.784824212 1.85183588147 0.102559552248 1573724.99729
HYDRO micro 103.0 10 91.7888888889 0.368032417087 0.5622 0.149265219232 0.597087378641 -0.418658117391 0.815699945662 0.615760046354 0.233009708738 0.822132151946 24.0 44.6601941748 0.37600954124 -0.181127646421 10.4039215686 11.5277777778 12 12 1.94186111483 0.985329278164 0.206499051518 143.540409572
HYDRO micro 4804.0 150 18434.4959284 0.26155818366 0.053 0.124065078593 0.357132944768 -0.0337747464148 0.649628347516 0.16725455952 0.326186511241 0.874315637607 1567.0 42.568692756 9.99890706681 0.595708725943 187.207745159 170.806023197 181 200 17.5765496241 2.16416196309 0.288875686327 25.8803032995
HYDRO micro 3659.0 72 13025.7275039 0.165112953862 0.1674 0.0981603576311 0.307316813944 -0.0893615220046 0.670922786643 0.234153539791 0.139655643618 0.917033784995 511.0 27.001913091 2.84389733375 0.72371228537 128.237591884 101.338436385 95 114 8.65331803833 1.19028590731 0.123766591666 36422.8099166
HYDRO micro 5843.0 46 114450.510628 0.115315879557 0.126 0.0822044233573 0.295946840887 -0.167418680242 0.588985629526 0.189676312934 0.357864110902 0.827406297988 2091.0 48.2286496663 4.56975656143 0.696644248945 66.2256837461 61.3821574875 60 70 5.18851629824 0.601782963282 0.316528612265 18.5701779312
HYDRO micro 4158.0 19 163510.695906 0.164995512566 0.2362 0.0953191767785 0.387331966279 -0.348886199935 0.628412131098 0.297881247665 0.351851851852 0.777133089062 1463.0 60.6301106301 2.17784344971 0.115809996069 19.0 19.0 19 17 2.16014097899 0.294653333293 0.311309418469 19.6626006694
HYDRO micro 5515.0 28 86124.0357143 0.124323896811 0.3184 0.0830564358377 0.407913482709 -0.272191725419 0.715740561947 0.365148027251 0.183680870354 0.887832261639 1013.0 34.505893019 1.49627716944 0.128716126899 30.0003627131 29.3822829964 31 33 3.13398593143 0.377038130149 0.162782932717 1012.89908259
HYDRO micro 3134.0 92 6071.95174391 0.214489885051 0.1619 0.112131330534 0.33919702561 -0.0610718929467 0.708670699352 0.259804030798 0.153477983408 0.932874062967 481.0 28.2705807275 3.75939942205 0.757721863164 99.3536977769 105.714055109 109 108 11.3042559556 1.64338126383 0.13601632136 8602.42421539
HYDRO micro 2350.0 11 69244.2545455 0.193516961307 0.4203 0.106154695364 0.491450676983 -0.540128094114 0.732607910262 0.47933867114 0.285106382979 0.783705205976 670.0 57.0212765957 1.02402099717 -0.668024891884 11.0 11.0 11 10 1.28829943403 0.226912674177 0.252642562456 46.0608675868
HYDRO micro 4695.0 88 26983.4951672 0.180919107947 0.0964 0.102843746868 0.297197211734 -0.0697297990554 0.621827343652 0.174548707782 0.250053248136 0.882137183985 1174.0 41.0223642173 5.12167034237 0.76625143994 114.29131414 112.404691055 112 126 10.2906780729 1.28429524273 0.221601769319 92.3116979939
HYDRO micro 328.0 12 2820.78787879 0.26737384716 0.2242 0.12397504989 0.460365853659 -0.422498813035 0.59166965119 0.304572348591 0.582317073171 0.628253271862 191.0 70.4268292683 2.71810380901 0.499716901564 12.0 12.5665509259 13 11 1.89883897115 0.662589156449 0.492127663312 5.91403998765
HYDRO micro 5377.0 24 691678.563406 0.181916390427 0.0704 0.10493801549 0.217794929019 -0.250482564669 0.326603669457 0.0792809873537 0.760647201041 0.408093433728 4090.0 86.5538404315 4.45048746092 0.980445834286 24.0 24.0 24 21 2.67756758703 0.327296396256 0.603707034467 4.08202909462
HYDRO micro 6159.0 153 29314.243808 0.244067556787 0.0527 0.120631282928 0.31086342639 -0.0340790057905 0.60859707558 0.133945934182 0.249715862965 0.876000839474 1538.0 47.523948693 7.71371184812 0.825462800104 179.197801968 172.217324286 182 196 17.41986634 1.94955875708 0.221302831087 93.0496496952
HYDRO micro 5320.0 32 182361.677419 0.124916582585 0.1353 0.0855937331845 0.223543233083 -0.231025641043 0.51105969877 0.157351307867 0.374436090226 0.76900679801 1992.0 57.6127819549 3.0821219599 0.855188057344 38.0011280316 40.6348760331 39 43 3.61337848764 0.438726797686 0.330824632596 16.0548078166
HYDRO micro 1285.0 24 7801.21557971 0.21207376179 0.2772 0.108224990531 0.481485084306 -0.242733214298 0.725171321375 0.392195870422 0.303501945525 0.84966979061 390.0 44.9805447471 2.6355759936 -0.0312807402042 24.2859368046 24.8062381853 26 25 3.21295732726 0.669514023182 0.268899798267 34.7068030531
HYDRO micro 11562.0 94 191996.537634 0.155218380773 0.0738 0.0949490651665 0.251600069192 -0.0707985799439 0.571786144771 0.133699531612 0.28680159142 0.855791244041 3316.0 49.9048607507 5.87400334924 0.828572831167 103.579775925 102.859998338 108 113 9.94069877467 0.874201145204 0.254142131969 44.7863699153
HYDRO micro 5073.0 31 217928.169892 0.142670481462 0.1127 0.0894569024805 0.262216796068 -0.228051472157 0.510877431057 0.159322328263 0.48531440962 0.713700298916 2462.0 65.3459491425 4.15055711581 0.55108749359 37.6679810726 34.9386104846 36 40 3.51630313655 0.435240462052 0.421482718603 8.26866675366
HYDRO micro 1492.0 11 54533.4545455 0.180121409057 0.2707 0.0985935469255 0.41749939069 -0.582300580069 0.599468158518 0.320999669856 0.519436997319 0.664113879924 775.0 73.4584450402 2.10702488359 0.0396641907931 11.0 11.0 11 10 1.36838725851 0.284779205193 0.447264096216 7.22394814059
HYDRO micro 2996.0 45 20700.2949495 0.155344403801 0.1797 0.0945298513815 0.325834445928 -0.148556026071 0.65134865696 0.248519808752 0.237650200267 0.876305924588 712.0 42.4232309746 3.09826870418 0.650198748804 57.8614357262 51.5061856661 55 62 5.49654175138 0.822132107147 0.210611321807 126.213377359
HYDRO micro 9910.0 65 419947.283654 0.126147626574 0.0532 0.0886308646323 0.213537219592 -0.109790083892 0.450133081363 0.0866742150822 0.494954591322 0.710945227532 4905.0 67.9011099899 6.47903224694 1.04066542163 126.339522993 103.602971429 89 109 6.95553917296 0.652944893004 0.428871874007 7.94065701385
HYDRO micro 7432.0 34 168100.067736 0.259358431113 0.2265 0.122489748451 0.430989995568 -0.150971668103 0.723701926817 0.358581173938 0.287540365985 0.870156624946 2137.0 39.4913885899 3.34893658744 0.140426171073 34.0 34.0 34 34 3.70222851294 0.394390156145 0.254795573241 44.2479776855
HYDRO micro 2017.0 20 39271.5026316 0.178810870969 0.2142 0.0997149734622 0.359147248389 -0.316604935567 0.620669263496 0.285243163956 0.40555280119 0.766591557286 818.0 59.395141299 2.68771603419 0.195576959708 20.6669973545 21.0545124717 22 23 2.49692269458 0.445324969219 0.357230662806 12.7173038438
HYDRO micro 3606.0 33 95839.2045455 0.179711323888 0.1139 0.101106816915 0.312711138002 -0.189196311512 0.545163496375 0.178976950429 0.465058236273 0.733843790884 1677.0 65.4187465336 4.30204280404 0.618009892807 39.0016643551 34.3137234012 36 39 3.90703483909 0.549542238789 0.405685076111 9.06443193088
HYDRO micro 4134.0 18 143262.705882 0.192976325411 0.2805 0.102596860498 0.444928237381 -0.341736006201 0.67705852179 0.357512528121 0.32801161103 0.801935827102 1356.0 57.3778422835 2.05612715214 0.129820959811 18.0 18.0 18 18 2.04155139771 0.279954381521 0.290477863651 25.3332313187
HYDRO micro 6698.0 51 104686.626667 0.202858564181 0.1439 0.106525421494 0.421867224047 -0.116085155904 0.68079174209 0.270756659487 0.280979396835 0.863719006783 1882.0 48.805613616 4.37626043082 0.0121561022514 51.6667662137 51.759522807 53 54 5.67564961922 0.623157181694 0.248990955261 49.408560172
HYDRO micro 5581.0 35 267923.431933 0.171052867252 0.089 0.101464009519 0.217769472957 -0.177746404604 0.450152302166 0.116330954391 0.470166636803 0.678969181568 2624.0 76.8141910052 3.94688997791 0.686007786517 36.333572282 39.4746723953 39 39 3.94105879928 0.468502629885 0.409703648244 8.84855989373
HYDRO micro 12296.0 45 991369.870707 0.114724333066 0.0715 0.0805258439448 0.220069760717 -0.174746084094 0.444870945613 0.100871323369 0.504391672088 0.689267902263 6202.0 68.7378009109 5.09017507621 0.648071436869 55.0008133388 56.7678571429 55 61 4.67238644665 0.405817327523 0.43602467046 7.64617606513
HYDRO micro 4317.0 26 88024.5184615 0.14278324552 0.2457 0.0877972780627 0.442499242708 -0.277115020164 0.691852856973 0.341077532667 0.312253880009 0.843457584741 1348.0 47.857308316 2.8175493014 -0.0316825457655 26.0 26.3835508262 27 25 2.98674506593 0.395714827487 0.276618619103 30.7909831509
HYDRO micro 13094.0 81 354281.654012 0.124432810679 0.0695 0.0844131302276 0.2663702346 -0.0925612903545 0.561816345952 0.135114184849 0.383381701543 0.8223462807 5020.0 47.50267298 6.98934783189 0.663239800443 87.3641223971 92.0215467421 96 95 8.43889922543 0.707862410357 0.338479310199 14.9402130841
HYDRO micro 8489.0 31 581183.006452 0.127369272512 0.1176 0.0862219325781 0.221132471244 -0.236719372318 0.471854111966 0.135160454254 0.36989044646 0.725794460109 3140.0 70.7975026505 3.15288034557 0.891861391718 31.1818396024 32.0623818526 33 30 3.31618992593 0.336459989505 0.326917458792 16.6811433417
HYDRO micro 4693.0 133 5766.5995671 0.220443152116 0.1787 0.111438308224 0.382910718091 -0.0425134336441 0.754076770188 0.295096944979 0.101853824846 0.957919700236 478.0 17.6859151928 3.45285317546 0.446706787216 155.418570127 157.474630669 159 171 15.6142295163 1.94145068679 0.0902656020384 49576271.7937
HYDRO micro 5328.0 68 70017.3959614 0.178250981682 0.0817 0.102441227716 0.275492404169 -0.0905993676498 0.55567219699 0.140742664548 0.344594594595 0.820039986496 1836.0 51.0135135135 5.20769551686 0.8486421756 75.3347099681 74.9856918341 79 83 7.8081923723 0.931594261397 0.304989356895 21.1391490079
HYDRO micro 13681.0 26 1217538.72154 0.118422809979 0.1913 0.0798146609289 0.358099104316 -0.305168894888 0.61019469392 0.252058076289 0.302828740589 0.798913538176 4143.0 59.4474088151 2.66882506475 0.0341568855254 26.0 26.4923874312 27 27 2.62501274383 0.222287185235 0.268305561648 35.0408444117
HYDRO micro 9407.0 29 929257.743842 0.10567774262 0.105 0.0774643436191 0.208157534924 -0.281987221029 0.431784310321 0.117141710414 0.461252258956 0.671487046196 4339.0 77.8462846816 3.38001313002 0.60989301727 35.0006378907 41.1144258065 36 40 3.06037372866 0.299000852029 0.402676007754 9.23269671024
HYDRO micro 3335.0 53 27968.6480406 0.186748560324 0.1261 0.103487823589 0.336827812509 -0.115044482955 0.619698488079 0.205948189108 0.306446776612 0.85036959781 1022.0 45.1274362819 4.25481226095 0.687303297491 55.4713292636 57.1197776496 60 59 6.4100762783 0.917757517305 0.271498402907 33.3037997677
HYDRO micro 6946.0 12 602608.333333 0.153003465606 0.3775 0.0936804078791 0.435406468951 -0.562211127141 0.691551608711 0.415984548481 0.333573279585 0.779275674325 2317.0 53.8295421826 1.12640466559 -0.577614525833 12.0 12.0 12 11 1.24351095944 0.143983874709 0.29535448043 23.7800836776
HYDRO micro 2461.0 101 1159.49445545 0.302127386224 0.3409 0.130722518434 0.524430622664 -0.0475383084096 0.850062243972 0.495589358703 0.0784234051199 0.970954447281 193.0 13.1247460382 2.47240784573 -0.0287695735609 106.791827129 106.938047923 112 114 12.8068471751 2.03594277487 0.0695009332029 1.60636275047e+12
HYDRO micro 18583.0 52 1827125.9227 0.101273748237 0.0665 0.0791671058165 0.205829149057 -0.153845648257 0.451093306835 0.0969408603563 0.498573965452 0.710928812355 9265.0 63.5903783027 5.77941338185 1.02950236926 56.7370970209 57.9603718945 62 63 5.18819808953 0.381456860589 0.431624586381 7.82477565648
HYDRO micro 1814.0 10 269690.933333 0.152513734323 0.1194 0.0979026724533 0.185997794928 -0.645123536098 0.184083288838 0.0586510047105 0.914002205072 0.162377271473 1658.0 95.3142227122 2.65730911377 1.31206854267 10.0 10.477375 11 11 1.19947388985 0.234790953021 0.686044256705 3.33469628022
HYDRO micro 2789.0 14 83760.6428571 0.11590389786 0.3379 0.0803585183386 0.411565845413 -0.56286595718 0.671387729803 0.375508540892 0.330225887415 0.788584873654 921.0 52.6712083184 1.36453761569 -0.327979652889 14.400143472 16.0 16 16 1.63863376317 0.26509636855 0.292420463414 24.6950069404
HYDRO micro 6197.0 53 118812.686502 0.140890077445 0.105 0.0914166835499 0.239050544847 -0.130490615922 0.546308381966 0.149030056844 0.316927545587 0.820251664403 1964.0 54.6716152977 4.118634562 0.906479323011 57.2864059762 60.5276234874 63 63 5.95523001257 0.67326357916 0.280734947557 28.9843167103
HYDRO micro 2284.0 34 40977.9679144 0.162012355265 0.1019 0.0987164460561 0.288271350572 -0.188153027238 0.509080353899 0.152141937518 0.49649737303 0.711366055189 1134.0 64.3607705779 4.57394248728 0.923871072533 42.0035041612 42.852317508 43 48 4.26704812758 0.711427858042 0.430046670818 7.89079951883
HYDRO micro 3256.0 52 8952.35897436 0.170760344948 0.3087 0.0970112947223 0.468578718579 -0.125220240626 0.793043404658 0.430477590591 0.175061425061 0.937702800802 570.0 24.6007371007 3.16392466714 -0.070724561213 58.2241338112 57.7385349338 60 64 6.30543939584 0.911299528403 0.155144148457 1679.06199965
HYDRO micro 9991.0 50 367373.864898 0.12019105735 0.0998 0.0807964520509 0.337405665099 -0.156739062797 0.581813900422 0.178333209317 0.388749874887 0.799662344494 3884.0 58.1323190872 5.08913471081 0.204923846975 62.8584298584 61.6239845929 60 67 5.32062754923 0.500225151989 0.343049452214 14.3377668076
HYDRO micro 5053.0 97 23919.8142182 0.163034057076 0.1028 0.0990983804762 0.289286144191 -0.0656922374112 0.636216356577 0.180896755834 0.241044923808 0.89975536965 1218.0 36.2556896893 5.39425151873 0.821438099042 163.328916115 163.348888999 133 160 11.2573822853 1.36457397795 0.213619549415 115.360652613
HYDRO micro 9123.0 55 634328.261279 0.145960169522 0.0423 0.0937513778142 0.20138511056 -0.122570034234 0.379590398069 0.0662493389279 0.641455661515 0.570258833299 5852.0 73.5503672038 6.81113465236 1.04022152834 62.3341372506 64.4293199045 66 70 5.92199159429 0.575829422902 0.531458905855 5.1026061765
HYDRO micro 9184.0 93 34540.188172 0.183733484708 0.222 0.100712387 0.421228129332 -0.0674015642982 0.774502603179 0.352884068686 0.12206010453 0.951572700857 1121.0 21.875 3.31122651372 -0.120473421651 98.5390646596 100.168571429 102 105 10.0819507879 0.970436250188 0.108172951158 470363.805877
HYDRO micro 7612.0 76 188087.281404 0.188897369983 0.0513 0.118679879288 0.147633929806 -0.0697617238565 0.411424822411 0.0658715821347 0.390567524961 0.743384619081 2973.0 67.0257488177 5.41219010472 1.84265715806 80.6672798143 84.6232922921 91 84 8.39162601668 0.871092355465 0.344592722439 14.1439493578
HYDRO micro 7402.0 92 70451.7892977 0.16102934677 0.085 0.0981649014481 0.245662159463 -0.0699318151662 0.579648083998 0.140110987215 0.270197243988 0.872117126453 2000.0 42.2183193731 5.24711288359 0.939211801487 112.242734766 115.416699088 115 126 10.2138103925 1.06933378164 0.239445913886 60.1447571678
HYDRO micro 2020.0 76 3449.92701754 0.233428406346 0.1718 0.116358002904 0.388118811881 -0.0711862502238 0.719627786445 0.287568240125 0.15099009901 0.923430546025 305.0 29.702970297 3.67965043095 0.638161345751 84.8932915084 87.4023159912 92 95 9.85434905464 1.69097780606 0.133811491219 10849.3338352
HYDRO micro 3258.0 26 57151.5015385 0.160629520275 0.2222 0.0940465589088 0.397648392124 -0.258457056901 0.657071249889 0.300250128302 0.287906691222 0.826932128347 938.0 53.1000613874 2.49521193061 0.180444859937 26.0 26.0 26 19 3.09066702052 0.455509887064 0.255119568373 43.9847325205
HYDRO micro 5001.0 111 34690.560688 0.227223828884 0.0558 0.121902081371 0.24551305955 -0.0464720905995 0.539499766119 0.106269977084 0.294941011798 0.838413561039 1475.0 52.9894021196 6.33271051042 1.31844946107 118.120067797 126.831565143 132 124 12.9147495937 1.56962010007 0.261338612054 39.3686936068
HYDRO micro 6610.0 140 23049.0472765 0.21069586639 0.0888 0.110114671068 0.327069375405 -0.0408832451074 0.665469123705 0.185632443908 0.189712556732 0.919529983681 1254.0 33.343419062 5.91701433334 0.675045748291 159.699950022 158.740282429 166 176 15.8020286691 1.72197683957 0.168128374943 738.491283306
HYDRO micro 4029.0 33 70206.5227273 0.161638359924 0.1796 0.0939944681442 0.376159209368 -0.203747342216 0.64849735912 0.270468751169 0.32663191859 0.83129798413 1316.0 51.8739141226 3.37606493618 0.202440237244 39.001489573 34.1905895078 36 39 3.85483023262 0.519894599548 0.289266772069 25.744986765
HYDRO micro 4895.0 77 21955.0639098 0.182352488707 0.1572 0.099823885616 0.39317087407 -0.082143840965 0.716200379433 0.282161371636 0.217773237998 0.917375529636 1066.0 33.5035750766 4.80144916559 0.248434510375 87.1559209079 87.0833748133 89 95 8.94541811954 1.10056165436 0.192996433987 230.943042783
HYDRO micro 6549.0 66 92056.6706294 0.149118507845 0.098 0.0925569565824 0.293250877997 -0.103478933098 0.594319875733 0.17017256688 0.334402198809 0.845334212059 2190.0 46.0222934799 5.43504168971 0.708283166008 69.6005497862 74.18813408 76 74 7.39723450694 0.815560982384 0.296080515883 23.5623183301
HYDRO micro 4689.0 43 129182.426357 0.165174953087 0.0861 0.101253080028 0.204784081497 -0.144983856164 0.459698590866 0.110359993347 0.395393474088 0.72997424218 1854.0 70.334826189 4.01661083748 1.17379501278 49.2235494881 48.3039727134 51 55 4.96866510224 0.627954734552 0.348679600584 13.6525092892
HYDRO micro 6467.0 56 245476.581494 0.199770225934 0.0524 0.113569650398 0.185311692328 -0.0990348822037 0.412506279696 0.0774881985101 0.539044379156 0.659317950378 3486.0 73.3725065718 6.00768301281 1.3334972617 58.727694514 59.1451383878 62 63 6.26818657247 0.696364457417 0.461612908567 6.7468563926
HYDRO micro 5673.0 71 99509.7758551 0.153098584506 0.0611 0.09721045221 0.238483252769 -0.0915197654166 0.509630907958 0.11113244806 0.441917856513 0.76947514628 2507.0 57.2712850344 6.72015427704 1.00035113404 102.584514884 113.844770929 96 112 8.09859614372 0.942653223404 0.387193937203 10.1999356789
HYDRO micro 5629.0 60 142809.033616 0.172824176045 0.059 0.100786561534 0.238180257002 -0.104394239043 0.480075774506 0.10405362157 0.493160419257 0.717416889246 2776.0 65.7488008527 6.29879233966 0.898754996702 70.1556503198 70.0072541908 72 78 6.83211415792 0.799715707169 0.427502964681 7.99952264768
HYDRO micro 3722.0 123 5508.98094096 0.214776689149 0.1435 0.111434066071 0.370785878735 -0.0459715966412 0.732553065872 0.270163110933 0.174637291779 0.943354658722 650.0 25.9806555615 5.61661684599 0.616521593944 166.14202587 150.54014549 155 176 14.8382092072 2.01612254943 0.154768270125 1724.4867847
HYDRO micro 5094.0 38 66063.1322902 0.15637736911 0.2184 0.0921577498133 0.382090384973 -0.180516159457 0.687311403594 0.302280423829 0.19748723989 0.879485923762 1006.0 38.8692579505 2.44901217207 0.0740240792207 40.400471235 40.3414462081 42 44 4.33467503155 0.532419712165 0.175018505691 511.048535071
HYDRO micro 1053.0 37 3067.53303303 0.253949893398 0.2134 0.120587990168 0.433253766587 -0.140973118328 0.710398741117 0.33342079852 0.243114909782 0.873378553024 256.0 43.1149097816 2.98554068319 0.406663658139 39.2243346008 40.0143229167 42 43 5.1728608352 1.14021707002 0.215453821752 109.38639666
HYDRO micro 2982.0 19 124092.830409 0.150525909686 0.1732 0.0917210454925 0.333615729465 -0.362775468015 0.539962335156 0.216843925176 0.406773977197 0.6961775122 1213.0 76.9282360832 2.519877918 0.2019451077 19.6668903053 19.92 21 22 2.24990170873 0.347936332512 0.358253554521 12.6131149491
HYDRO micro 11431.0 35 737551.717647 0.108943431581 0.1296 0.078231027308 0.242848394716 -0.231333887404 0.518788489711 0.1566108788 0.358498819001 0.779516211348 4098.0 58.1051526551 3.20210342533 0.642690685988 45.0008748906 39.5896226415 41 46 3.63866582528 0.327360241165 0.317078654227 18.4610850636
HYDRO micro 3554.0 116 6857.67646177 0.217601392942 0.1213 0.114728833534 0.309621989793 -0.0473164303105 0.683035665752 0.214867691663 0.182329769274 0.928942604004 648.0 29.234665166 4.92632083537 0.906297153535 150.074103665 149.344559809 149 167 14.0658519005 1.9458048318 0.161585550631 1091.58129059
HYDRO micro 5668.0 30 100526.754023 0.169816096794 0.2686 0.0969782524104 0.466913667372 -0.21712352673 0.731654345761 0.380800273997 0.230769230769 0.875922237235 1308.0 44.0014114326 2.58246897502 -0.295212067768 30.6667843068 30.9791256083 32 33 3.35547499401 0.398479821271 0.204513570047 153.122179771
HYDRO micro 6393.0 51 134484.872941 0.142171357212 0.1065 0.0889397506322 0.287161509371 -0.139436221343 0.580997202763 0.176391863709 0.374159236665 0.815866348814 2392.0 51.744095104 5.00803248051 0.535314168025 63.8591543 60.4774277834 61 68 5.70583526091 0.637848919061 0.33058699169 16.09172787
HYDRO micro 6818.0 73 78234.7705479 0.159590726408 0.1016 0.094584743656 0.320059311171 -0.0915216970397 0.614228874854 0.179830998284 0.265767087122 0.865124894579 1812.0 44.6611909651 4.7161337492 0.531226939615 76.333822307 81.1057879148 83 80 8.15649462703 0.884085691284 0.235522520042 65.6051010241
HYDRO micro 1177.0 27 5080.71225071 0.22208576191 0.2798 0.110523224807 0.438528588061 -0.211187697174 0.726616050045 0.383311230202 0.266779949023 0.867607622449 314.0 40.5267629567 2.4263455037 0.206701884138 27.1819727891 28.1562909369 29 26 3.67713399725 0.787001450394 0.236419584083 64.2930041426
HYDRO micro 806.0 18 2589.83006536 0.30148769295 0.4505 0.131244090218 0.51323407775 -0.265652223628 0.796648767653 0.529427062548 0.178660049628 0.876672475048 144.0 35.3598014888 0.900972418874 0.0642404079973 18.0 18.0 18 17 2.54031489355 0.634022958309 0.158333346388 1348.35151519
HYDRO micro 5639.0 21 248433.361905 0.144826464956 0.2336 0.0895038091268 0.394328612807 -0.336468638386 0.648810980382 0.310446158413 0.304131938287 0.796125304855 1715.0 60.0461074659 2.3323904919 -0.248035939268 21.0 21.4883381924 22 22 2.31549498509 0.279652204639 0.269455831979 34.398790115
HYDRO micro 5309.0 24 343722.606884 0.130061127507 0.1293 0.0864695903306 0.259904564576 -0.304875970263 0.463742215198 0.146338423318 0.421548314183 0.677847789789 2238.0 78.9979280467 2.92164046448 0.775076282344 24.2857681128 25.2829931973 26 25 2.68154066047 0.32938580491 0.370539972574 11.4728470771
HYDRO micro 8566.0 26 435223.138462 0.106226870952 0.206 0.0764578724097 0.427872267821 -0.318705405516 0.65982024016 0.303311258307 0.382675694607 0.813253931553 3278.0 47.9453653981 3.61786963779 -0.0183928758798 26.0 26.3333333333 27 26 2.7607360126 0.280921069359 0.337876920827 15.0229550009
HYDRO micro 3779.0 34 82304.6746881 0.151868205929 0.1339 0.0915695436078 0.329156483975 -0.20306756323 0.573956852531 0.199041759858 0.373908441387 0.780399557701 1413.0 62.8208520773 3.64864287196 0.483882071869 35.091197844 36.8908520946 38 37 4.00620855331 0.553083205331 0.330371681157 16.1253066019
HYDRO micro 972.0 10 33702.4 0.278346780024 0.2375 0.127880220375 0.424279835391 -0.491111177069 0.565093149601 0.29706787272 0.621399176955 0.578951379363 604.0 77.5720164609 2.39820692884 0.677078448205 10.0 10.0 10 10 1.30826203148 0.32075014955 0.518408732112 5.34570394616
HYDRO micro 4791.0 21 166991.728571 0.138439996961 0.2466 0.0868382761904 0.393386409041 -0.346931974582 0.645145523889 0.30644609723 0.291588394907 0.80687772911 1397.0 51.3880192027 1.97800485595 -0.113722284527 21.6668058455 22.7866666667 23 24 2.36002278944 0.303393456142 0.258375169279 41.4691065161
HYDRO micro 4294.0 45 58282.2949495 0.166892454573 0.1378 0.097228006328 0.291828391037 -0.144371371921 0.594959075322 0.196119986501 0.23917093619 0.838697598864 1027.0 46.879366558 3.11896042246 0.551845342352 47.7279080109 49.4554102259 51 52 5.26002831729 0.686722842704 0.211958928501 121.179474794
HYDRO micro 9361.0 37 436969.888889 0.157414439922 0.1309 0.093875651653 0.321974148061 -0.181953977312 0.582231704016 0.199603268893 0.320478581348 0.793454344515 3000.0 61.4036961863 3.53672070037 0.255616306086 37.0 37.2519720721 38 37 3.93687552483 0.382420003777 0.283859479819 27.7245934353
HYDRO micro 4377.0 10 326478.677778 0.138092005341 0.3947 0.0896850905412 0.492529129541 -0.705136899891 0.691158015934 0.434540581214 0.370116518163 0.746628650428 1620.0 65.7071053233 1.17689436526 -0.927979569296 10.0 10.0 11 12 1.07345806694 0.151151244295 0.32711204276 16.6489513661
HYDRO micro 3598.0 24 102303.644928 0.147196802752 0.1865 0.0907821257891 0.348110061145 -0.290208893739 0.589964101827 0.240017944073 0.341856586993 0.776574040114 1230.0 63.3685380767 2.65129033872 0.363535531353 26.0005560189 25.9796875 27 29 2.80894299539 0.400111157429 0.302599689374 21.7468346321
HYDRO micro 1467.0 19 26682.8421053 0.228056272924 0.1908 0.113200684045 0.449251964266 -0.292864133723 0.63483674849 0.304630813295 0.493524199046 0.724194027292 724.0 61.0088616224 3.50976675502 0.102491999085 19.0 19.0 19 16 2.46880568754 0.496064951659 0.427780753075 7.98750945347
HYDRO micro 4763.0 34 41239.9010695 0.167776032597 0.329 0.0953286122257 0.456237418335 -0.194946228792 0.759809187495 0.411387218807 0.169640982574 0.910599405303 808.0 31.0098677304 1.77031625315 0.029702424613 34.0 34.0 34 30 3.89673280173 0.49265015786 0.150340406407 2395.71654938
HYDRO micro 2990.0 27 42382.5840456 0.152478565716 0.2311 0.0909687615888 0.4624303233 -0.257426960138 0.693448072251 0.339635342699 0.326421404682 0.839704030156 976.0 49.8996655518 3.15007269156 -0.0691681038266 28.2004014721 28.9002192982 30 31 3.24877006991 0.493773945273 0.289081938799 25.8087944275
HYDRO micro 9487.0 38 276952.33926 0.111133340568 0.1877 0.0788527943559 0.27103016316 -0.211373487209 0.605898062759 0.217871456967 0.201433540635 0.85983003554 1911.0 39.8123748287 2.19792645818 0.58870739864 40.2224564856 41.6033768144 43 44 4.0403256299 0.390138802251 0.178515820271 430.325415535
HYDRO micro 7075.0 36 253566.999206 0.141300346793 0.1355 0.0877003373925 0.340243423636 -0.200362680034 0.6041110754 0.220378228882 0.408197879859 0.794922568642 2888.0 51.7455830389 4.47210812548 0.214015342355 48.0016963528 38.7739188631 40 44 3.948412202 0.42799557476 0.359444872821 12.4936948913
HYDRO micro 6251.0 37 307362.441441 0.154122890371 0.0871 0.0938744424341 0.251916450125 -0.181956355428 0.477958657873 0.128261197839 0.492401215805 0.689798370063 3078.0 73.6202207647 4.46347763098 0.496137794696 39.8576 40.6605602018 42 44 4.1187590491 0.46797965683 0.426922841715 8.02472291296
HYDRO micro 7505.0 122 62547.5079935 0.189638654946 0.0575 0.103043162525 0.343492316598 -0.0501978504511 0.632704361516 0.1644241076 0.354696868754 0.857435855554 2662.0 42.2118587608 9.41523669641 0.475179993329 137.933157488 137.957427386 144 152 13.559968226 1.40826531326 0.313781132368 19.1319776929
HYDRO micro 9614.0 79 182376.137293 0.147727290745 0.076 0.0952827704361 0.208754111225 -0.0839418840522 0.519248240864 0.111129029154 0.265342209278 0.83343618706 2551.0 51.6122321614 4.71612692178 1.10364843968 93.8711120358 99.2815576805 98 106 8.50509291377 0.805703095859 0.235146207145 66.1674464303
HYDRO micro 1348.0 11 57024.2727273 0.179718453283 0.2246 0.102945598344 0.293835985972 -0.557276757522 0.479458863107 0.215722078231 0.505192878338 0.595271376872 681.0 88.7982195846 1.72206343053 0.880459287757 11.0 11.0 11 10 1.38765979015 0.299604090887 0.436628274774 7.62228891599
HYDRO micro 2553.0 48 11944.4109043 0.196198517898 0.1948 0.104732877505 0.35678613396 -0.125491085742 0.684507599232 0.279832964906 0.175479827654 0.893035374311 448.0 34.5867606737 2.67891130952 0.507712143462 50.3085965758 52.0880938841 54 54 5.99105847226 0.949982991993 0.155514948095 1635.71458165
HYDRO micro 3579.0 22 134482.417749 0.158736549752 0.1709 0.0931622591584 0.400137163758 -0.308390999726 0.592862336885 0.24999440141 0.469963677005 0.734069411295 1682.0 62.5873148924 3.49001372272 0.285101140085 22.0 22.0 22 19 2.56634656288 0.367740812792 0.409544431188 8.85692730009
HYDRO micro 4166.0 75 30538.6025225 0.190909908595 0.0929 0.106458110796 0.300684909586 -0.0789887600554 0.605535299305 0.171066240813 0.318050888142 0.856457263599 1325.0 45.2472395583 5.68975482096 0.878261826176 82.4303549991 83.414956046 88 91 8.87853153866 1.16198796662 0.281723666827 28.5758100725
HYDRO micro 2303.0 19 82105.0643275 0.157119252281 0.1589 0.0943110829698 0.32767328656 -0.352671478745 0.511949758697 0.195277686979 0.492835432045 0.66872129068 1135.0 77.6812852801 2.84965428908 0.607768884615 19.0 19.474592 20 18 2.32499026513 0.395919262637 0.427254698565 8.01028856206
HYDRO micro 4599.0 23 95345.2252964 0.182991003099 0.3048 0.100520898505 0.438091456555 -0.273064688176 0.720529824128 0.389799521076 0.237442922374 0.857348428554 1092.0 42.2483148511 1.80040869491 -0.190009619658 23.0 23.515625 24 25 2.60861497043 0.339153365656 0.210427640512 126.922402286
HYDRO micro 15869.0 21 1721540.43333 0.181576256494 0.2583 0.106643088869 0.552019660974 -0.28160414164 0.738919372571 0.424223919848 0.390446783036 0.815655898657 6196.0 46.4553532044 3.59690210777 -1.00939127929 21.0 21.0 21 20 2.06779839488 0.166703421914 0.344490273586 14.1566716298
HYDRO micro 3026.0 26 41361.6061538 0.182031789726 0.2541 0.100525742882 0.414764349992 -0.241545387652 0.7001226052 0.351484721962 0.305353602115 0.848611002508 924.0 43.1592861864 2.69228484308 -0.0627318643039 26.6668870523 27.9742647059 28 29 3.11915279938 0.472649155355 0.27053390812 33.8138306503
HYDRO micro 10536.0 33 527535.954545 0.129916408178 0.1662 0.0890148411201 0.210455926003 -0.215308170542 0.538354313397 0.17403090382 0.236142748671 0.817624528031 2488.0 42.7296886864 2.06740412678 1.00353600425 33.0 33.3495183109 34 32 3.45477096423 0.321496359052 0.209275473529 131.501328254
HYDRO micro 4080.0 25 140233.5 0.18443089258 0.1652 0.101598438592 0.413725490196 -0.248510063052 0.629822031723 0.274737485991 0.455882352941 0.757817906574 1860.0 55.612745098 3.94811943152 -0.123621032873 27.0004903163 26.2531229454 27 29 2.88674843239 0.391390181928 0.398408724555 9.48165025346
HYDRO micro 6840.0 62 141647.861449 0.144913532986 0.0803 0.0928482747555 0.23444161479 -0.109804447386 0.516636445726 0.121862891326 0.365497076023 0.799187656031 2500.0 55.5116959064 4.96679703395 0.93150060831 80.1359847931 83.2091346154 79 89 6.90784246526 0.74965879178 0.323130670207 17.3297648876
