HYDRO micro 5598.0 11 702645.490909 0.115013377336 0.2885 0.0790157265654 0.392591509955 -0.728678105041 0.59315067255 0.314670147859 0.469096105752 0.684872908599 2626.0 73.3297606288 1.73518177561 -0.285965740619 11.0 11.0 11 9 1.15872644176 0.147019938957 0.408863428566 8.89288620012
HYDRO micro 10918.0 47 819471.083256 0.189425501386 0.063 0.106256943306 0.233264996707 -0.126289029158 0.460593767059 0.106316895414 0.556054222385 0.662491790037 6071.0 65.7995969958 5.9283215315 0.92798919014 47.0 47.0 47 44 4.94721106272 0.449807106894 0.473793148675 6.38801009859
HYDRO micro 7667.0 20 752394.765789 0.113569805854 0.1705 0.0783726562804 0.3609103952 -0.404095293921 0.55282353535 0.223099932114 0.48937002739 0.706808472785 3752.0 67.7448806574 3.21000224426 0.270100668576 20.0 20.0 20 17 2.12416749934 0.228411130883 0.424601493899 8.12710560473
HYDRO micro 2863.0 50 30260.0738776 0.237407732675 0.0996 0.118804169922 0.329493538247 -0.105924271632 0.601495615726 0.194239877544 0.409710094307 0.799106330799 1173.0 52.9165211317 5.54528745875 0.818007968504 50.0 50.0 50 37 6.15606867432 0.934457018629 0.360708433917 12.3692448767
HYDRO micro 5225.0 17 357687.117647 0.163687220447 0.2191 0.0947596612612 0.378958626513 -0.392268686646 0.597801151395 0.277472508153 0.410717703349 0.731547794235 2146.0 70.04784689 2.33338109289 0.115527670558 17.0 17.0 17 17 1.86889468386 0.235182917714 0.361549414628 12.2876505701
HYDRO micro 247.0 18 351.035947712 0.600000604057 0.3622 0.223873409413 0.581421502474 -0.151414547159 0.812327821129 0.556698863899 0.327935222672 0.846629185858 81.0 47.3684210526 2.83736493705 1.1901105385 18.0 18.0 18 18 3.08564199169 1.14531257336 0.290410823475 25.3557403868
HYDRO micro 6996.0 52 172609.900452 0.196522851053 0.0966 0.10605238971 0.358875401328 -0.114370156232 0.595414315515 0.186532398207 0.394225271584 0.800908531903 2758.0 54.31675243 5.29131120626 0.453542129581 52.0 52.0 52 48 5.76069800501 0.621696529816 0.347691733157 13.7684878936
HYDRO micro 10434.0 43 1104226.18494 0.217539249103 0.0518 0.116454738198 0.209469489281 -0.125710680434 0.387618184857 0.0784992282756 0.65152386429 0.550748042893 6798.0 79.2217749665 5.8793612654 1.11347728183 43.0 43.0 43 41 4.53915426635 0.420962140836 0.537904234695 4.99065269678
HYDRO micro 7688.0 111 51755.2674857 0.223542784978 0.0855 0.116935193106 0.312464259264 -0.0484940984491 0.633132471279 0.170203896215 0.230359001041 0.894670099543 1771.0 40.4136316337 5.73594365895 0.996335400068 111.0 111.0 111 90 12.2940523394 1.26594923729 0.204150027993 154.97320598
HYDRO micro 919.0 13 6908.8974359 0.230990485024 0.4393 0.114098938835 0.550012555453 -0.424590090564 0.769210508732 0.516010010721 0.263329706202 0.824911403676 242.0 51.6866158868 1.20114422105 -0.434447525042 13.0 13.0 13 11 1.7586833946 0.42883043109 0.233363662314 68.9313163264
HYDRO micro 5966.0 62 130157.68588 0.242058886963 0.0674 0.120311203801 0.29530781958 -0.0843273681743 0.540561964315 0.136211618613 0.438652363393 0.760805082865 2617.0 63.1076097888 6.04995691365 0.825002008072 62.0 62.0 62 54 7.01646871541 0.802694089222 0.384547301755 10.3844194167
HYDRO micro 3434.0 26 49996.9538462 0.159279154891 0.2663 0.0950955075163 0.339388916267 -0.255564013493 0.661517232004 0.305214670738 0.204135119394 0.855544049043 701.0 37.5072801398 1.52718922528 0.556563958641 26.0 26.0 26 23 3.07069437031 0.443683422741 0.180910028364 384.566556123
HYDRO micro 3676.0 11 276730.963636 0.156511613627 0.3074 0.0962658831225 0.436764269463 -0.596605309298 0.637139408299 0.360799839587 0.432535364527 0.70430185031 1590.0 73.7758433079 1.66242944827 -0.601861094841 11.0 11.0 11 10 1.21808903879 0.181428259307 0.379565430646 10.7489518809
HYDRO micro 2775.0 20 73392.5131579 0.154353485325 0.2164 0.0958481204023 0.370990990991 -0.329585105624 0.6128814451 0.277451713763 0.418018018018 0.768916289262 1160.0 56.5045045045 2.88378879473 0.586212878894 20.0 20.0 20 19 2.39644639001 0.379663198301 0.367619439636 11.7265016361
HYDRO micro 3752.0 22 67722.3549784 0.225080720691 0.3103 0.114134396174 0.456508044195 -0.250814506119 0.738348780869 0.418993974772 0.294243070362 0.853521192393 1104.0 42.5106609808 2.32587546994 -0.220450811367 22.0 22.0 22 20 2.55162660232 0.359162731647 0.260721786032 39.7919751943
HYDRO micro 5360.0 74 26345.01592 0.253061060123 0.168 0.123252248366 0.347398144413 -0.0689254215661 0.702995533627 0.268619448803 0.147201492537 0.919545555803 789.0 29.3097014925 3.27972471847 0.789314753259 74.0 74.0 74 67 8.50150072922 1.01076297471 0.130453926153 15788.2037407
HYDRO micro 1084.0 11 43399.2727273 0.229380435636 0.1975 0.113707066041 0.391227775914 -0.503555150788 0.51819150861 0.246450224089 0.658671586716 0.539752999006 714.0 79.0590405904 2.65287687428 0.406982460559 11.0 11.0 11 10 1.43094000592 0.334101206577 0.542438342552 4.91485344729
HYDRO micro 1929.0 29 18001.6871921 0.197279238239 0.2029 0.107019326093 0.346865447525 -0.203189725075 0.636974190087 0.269322171982 0.290305857957 0.830058577694 560.0 50.0259201659 2.52509692571 0.703141494967 29.0 29.0 29 22 3.70137467102 0.660285688361 0.257241209961 42.3193670125
HYDRO micro 6127.0 130 19055.2618366 0.259797924171 0.1051 0.123616927196 0.377283398827 -0.0391157781552 0.71074932936 0.238791875722 0.220336216746 0.926827662206 1350.0 30.4553615146 7.08571513697 0.703419123875 130.0 130.0 130 102 14.7927967579 1.66080793881 0.195267787072 211.851883798
HYDRO micro 6788.0 21 613201.590476 0.190942333637 0.1518 0.104873557059 0.379745769846 -0.28644496272 0.572605243827 0.235811504459 0.523718326458 0.686216776877 3555.0 69.1809074838 3.6267357688 -0.0164925061054 21.0 21.0 21 20 2.26682537999 0.254887406249 0.450425833343 7.11323871743
HYDRO micro 1086.0 14 14775.8021978 0.257187985746 0.3049 0.119835524428 0.46711391739 -0.374967979413 0.679344108317 0.385108838595 0.336095764273 0.765703800929 365.0 65.4696132597 1.80479220759 0.270452901395 14.0 14.0 14 14 1.85973147038 0.424827990324 0.297563213468 23.1277468041
HYDRO micro 14233.0 108 411589.328055 0.206859629097 0.0409 0.11494354733 0.23010492049 -0.0507243280768 0.485417424638 0.0813684620004 0.421977095482 0.773343020979 6006.0 60.928827373 7.8315679611 1.25678836898 108.0 108.0 108 93 11.1885848098 0.905264585438 0.370894023743 11.4427767371
HYDRO micro 3021.0 74 15467.9550167 0.332651673703 0.0985 0.142227257295 0.419849342888 -0.0594777744633 0.691101484942 0.254530509817 0.33896060907 0.862762384592 1024.0 44.4223766965 6.96967069289 0.650565544441 74.0 74.0 74 67 9.10980577614 1.34634498536 0.300069245167 22.4229005305
HYDRO micro 3135.0 85 4098.05742297 0.276192250165 0.2514 0.125830945031 0.448728773806 -0.058744339269 0.795409579083 0.395849969888 0.116427432217 0.953209964159 365.0 20.7655502392 3.07303404738 0.359297777175 85.0 85.0 85 69 10.4342842866 1.51809920603 0.103181125292 1363746.68558
HYDRO micro 4773.0 119 22958.6744054 0.351498478047 0.066 0.14967703499 0.389940262717 -0.0350809119532 0.672646285998 0.202498457332 0.328305049235 0.872679090152 1567.0 42.8451707521 8.93349060013 0.948829155148 119.0 119.0 119 107 13.9303218948 1.72246832473 0.290735376978 25.2470747909
HYDRO micro 3636.0 49 17519.707483 0.214335683393 0.2429 0.109940991772 0.383236793067 -0.116997530754 0.726974930372 0.331934469555 0.140539053905 0.915982577356 511.0 27.1727172717 2.19034697622 0.532013476792 49.0 49.0 49 45 5.85462993729 0.812613705338 0.124549493649 32806.3290277
HYDRO micro 5829.0 32 155827.684476 0.138724046478 0.1802 0.0875333770424 0.375235889518 -0.225843439017 0.645519828056 0.269905754857 0.358723623263 0.826576648763 2091.0 48.3444844742 3.7822579474 0.331073152672 32.0 32.0 32 28 3.57530013624 0.419134056539 0.317273426381 18.4227173849
HYDRO micro 4158.0 19 163510.695906 0.164995512566 0.2362 0.0953191767785 0.387331966279 -0.348886199935 0.628412131098 0.297881247665 0.351851851852 0.777133089062 1463.0 60.6301106301 2.17784344971 0.115809996069 19.0 19.0 19 17 2.16014097899 0.294653333293 0.311309418469 19.6626006694
HYDRO micro 5512.0 25 91513.26 0.153801993045 0.3562 0.0933147501733 0.450253991292 -0.270934194764 0.739717537621 0.409014592723 0.1837808418 0.887710228745 1013.0 34.5246734398 1.33642098025 0.179442703255 25.0 25.0 25 24 2.78594122637 0.336732786525 0.162871530099 1007.36934282
HYDRO micro 3117.0 75 7158.76324324 0.24579598552 0.1965 0.120389509189 0.373885145974 -0.0696641839927 0.734823604153 0.309044292058 0.154315046519 0.932141611367 481.0 28.4247674046 3.36136846581 0.722503567538 75.0 75.0 75 57 9.19868710199 1.34336139097 0.136758149228 7975.3927294
HYDRO micro 2350.0 11 69244.2545455 0.193516961307 0.4203 0.106154695364 0.491450676983 -0.540128094114 0.732607910262 0.47933867114 0.285106382979 0.783705205976 670.0 57.0212765957 1.02402099717 -0.668024891884 11.0 11.0 11 10 1.28829943403 0.226912674177 0.252642562456 46.0608675868
HYDRO micro 4671.0 64 35827.2854663 0.228465174856 0.1312 0.115627278311 0.358766190323 -0.0850799434237 0.66120443689 0.232390935397 0.251338043246 0.880923993827 1174.0 41.2331406551 4.32628350667 0.736745202654 64.0 64.0 64 54 7.45639035961 0.93642940012 0.222740140141 89.5780006591
HYDRO micro 327.0 11 3027.21818182 0.296966290803 0.2431 0.131993747 0.47539616347 -0.432163172391 0.606352975606 0.328007671651 0.584097859327 0.625985466992 191.0 70.6422018349 2.57504337559 0.549276105431 11.0 11.0 11 8 1.72712759757 0.60830138997 0.493350728269 5.88490766841
HYDRO micro 5377.0 24 691678.563406 0.181916390427 0.0704 0.10493801549 0.217794929019 -0.250482564669 0.326603669457 0.0792809873537 0.760647201041 0.408093433728 4090.0 86.5538404315 4.45048746092 0.980445834286 24.0 24.0 24 21 2.67756758703 0.327296396256 0.603707034467 4.08202909462
HYDRO micro 6130.0 124 35777.4510884 0.299672616048 0.0644 0.137234857838 0.339125401252 -0.0368292549617 0.628592728682 0.160139083032 0.250897226754 0.874825597641 1538.0 47.748776509 6.93102518364 1.05997931985 124.0 124.0 124 109 14.1039679842 1.58376757733 0.222349564877 90.502513778
HYDRO micro 5313.0 25 225355.676667 0.146721462476 0.1727 0.092806860478 0.266064370412 -0.272438287876 0.547057932363 0.20073908985 0.374929418408 0.768397967278 1992.0 57.6886881235 2.62431015953 0.82373968781 25.0 25.0 25 22 2.79788370477 0.342981030381 0.331247980446 15.9894008773
HYDRO micro 1283.0 22 8257.37012987 0.252832596489 0.3014 0.119264354298 0.498264011904 -0.239786126672 0.742632766477 0.425213947219 0.303975058457 0.849201956881 390.0 45.0506625097 2.51326455151 -0.00642502038659 22.0 22.0 22 19 2.93420819272 0.614199350193 0.269317374769 34.4750810019
HYDRO micro 11548.0 80 222921.977215 0.176895059098 0.0865 0.102031931435 0.276576030481 -0.0773237692798 0.59068305004 0.155801427071 0.28714928992 0.855441479542 3316.0 49.9653619674 5.39882146375 0.882951399534 80.0 80.0 80 71 8.44534322496 0.744451825813 0.254449674723 44.5317201652
HYDRO micro 5068.0 26 255205.673846 0.183063478679 0.1341 0.10276045774 0.292347155607 -0.236203207354 0.53610261048 0.189419800058 0.485793212313 0.713135298379 2462.0 65.410418311 3.76005918333 0.759409141205 26.0 26.0 26 25 2.93059133279 0.36522041436 0.421851687097 8.25167352354
HYDRO micro 1492.0 11 54533.4545455 0.180121409057 0.2707 0.0985935469255 0.41749939069 -0.582300580069 0.599468158518 0.320999669856 0.519436997319 0.664113879924 775.0 73.4584450402 2.10702488359 0.0396641907931 11.0 11.0 11 10 1.36838725851 0.284779205193 0.447264096216 7.22394814059
HYDRO micro 2986.0 35 25162.3983193 0.186548694151 0.2294 0.10336849613 0.380049756004 -0.174414908361 0.691244899814 0.314027735596 0.238446081715 0.875477165374 712.0 42.5653047555 2.66137928989 0.535759533289 35.0 35.0 35 32 4.24910238875 0.640505911897 0.211316597394 123.542572338
HYDRO micro 9886.0 41 650094.109756 0.147503407926 0.084 0.0918555949829 0.287171313955 -0.167865762719 0.500550128743 0.135405470619 0.496156180457 0.709540307145 4905.0 68.0659518511 5.07562395985 0.731352500788 41.0 41.0 41 37 4.34835786566 0.412357173086 0.429787043357 7.90176594237
HYDRO micro 7432.0 34 168100.067736 0.259358431113 0.2265 0.122489748451 0.430989995568 -0.150971668103 0.723701926817 0.358581173938 0.287540365985 0.870156624946 2137.0 39.4913885899 3.34893658744 0.140426171073 34.0 34.0 34 34 3.70222851294 0.394390156145 0.254795573241 44.2479776855
HYDRO micro 2015.0 18 42588.4084967 0.226132376291 0.2375 0.113511672182 0.380534877309 -0.30826928289 0.640976259077 0.316279829457 0.405955334988 0.766128478102 818.0 59.4540942928 2.51531023297 0.416913142655 18.0 18.0 18 17 2.2343800318 0.400991327419 0.35756795701 12.6827772091
HYDRO micro 3603.0 30 104419.610345 0.209061025344 0.125 0.110353978545 0.330141548709 -0.190366366075 0.558657237349 0.196089196147 0.465445462115 0.733400613129 1677.0 65.4732167638 4.08237153951 0.806411776655 30.0 30.0 30 30 3.54111016587 0.499791796785 0.405990503709 9.04767592082
HYDRO micro 4134.0 18 143262.705882 0.192976325411 0.2805 0.102596860498 0.444928237381 -0.341736006201 0.67705852179 0.357512528121 0.32801161103 0.801935827102 1356.0 57.3778422835 2.05612715214 0.129820959811 18.0 18.0 18 18 2.04155139771 0.279954381521 0.290477863651 25.3332313187
HYDRO micro 6696.0 49 108311.897959 0.229883710788 0.1497 0.113836885119 0.43033611294 -0.112911294615 0.687242419468 0.281393628958 0.281063321386 0.863637628842 1882.0 48.8201911589 4.2870458716 0.14973674089 49.0 49.0 49 48 5.44880834717 0.598809053004 0.249065224556 49.3367964416
HYDRO micro 5577.0 31 299866.756989 0.207734079085 0.1003 0.114938027582 0.228206863443 -0.176725687827 0.464384778646 0.130893612148 0.470503855119 0.678508638206 2624.0 76.8692845616 3.67433033959 0.976645977582 31.0 31.0 31 27 3.47769384362 0.41510825651 0.409968106641 8.83469476028
HYDRO micro 12286.0 35 1254921.79328 0.142628452883 0.0918 0.08960624398 0.244759424199 -0.201647328037 0.4743202184 0.12940771721 0.504802213902 0.688761931468 6202.0 68.7937489826 4.43292435576 0.608733263529 35.0 35.0 35 31 3.61079239784 0.315764126459 0.436334031679 7.63391527673
HYDRO micro 4316.0 25 90511.9066667 0.153999652125 0.2554 0.0913393951685 0.453076923077 -0.276877437223 0.699770588879 0.354635148365 0.312326227989 0.843385089513 1348.0 47.8683966636 2.75687548236 -0.0374181320979 25.0 25.0 25 22 2.86735462442 0.380539103467 0.276682371863 30.761630036
HYDRO micro 13079.0 66 428729.187179 0.140124125439 0.0851 0.08876138111 0.295792236919 -0.107965531595 0.587085691979 0.164632937554 0.383821393073 0.821938640903 5020.0 47.5571526875 6.3058059652 0.520585602388 66.0 66.0 66 50 6.85743475575 0.577107429949 0.338854315366 14.8891078896
HYDRO micro 8487.0 29 617012.162562 0.134790997588 0.1257 0.0890397944628 0.232034389309 -0.244936283211 0.480609790039 0.144456662167 0.36997761282 0.725665237093 3140.0 70.8141864027 3.0216091458 0.926548200055 29.0 29.0 29 24 3.09519121521 0.314789977696 0.32699248768 16.6687177834
HYDRO micro 4667.0 107 6822.6536766 0.286617371829 0.2196 0.128984233901 0.425152542509 -0.0454945671252 0.782307888148 0.355569574038 0.102421255625 0.957450726644 478.0 17.7844439683 3.05680371568 0.523847193822 107.0 107.0 107 93 12.5469448886 1.56626368009 0.0907684744732 41890821.5594
HYDRO micro 5317.0 57 82368.6697995 0.203738021045 0.0971 0.110457135189 0.296453942832 -0.100097351588 0.576221982537 0.165621560965 0.345307504232 0.81929498991 1836.0 51.119052097 4.73648579411 0.896050200705 57.0 57.0 57 50 6.52782258962 0.781702544311 0.305611113058 20.9857026134
HYDRO micro 13680.0 25 1256317.0 0.131112883236 0.1989 0.0840660567166 0.367266081871 -0.301151338571 0.617435830591 0.262370732414 0.302850877193 0.798884143839 4143.0 59.451754386 2.60141454916 0.0997851088065 25.0 25.0 25 24 2.52003157581 0.213745490018 0.268325102616 35.029778791
HYDRO micro 9400.0 22 1193061.06494 0.138293196392 0.1382 0.0889692792412 0.240406189555 -0.323129822329 0.468279103274 0.154873569964 0.461595744681 0.670997668628 4339.0 77.9042553191 2.83435661598 0.593619185794 22.0 22.0 22 19 2.29546706173 0.226912674177 0.402948099458 9.21723984377
HYDRO micro 3328.0 46 31632.0541063 0.212959535411 0.1447 0.111295961929 0.359309678094 -0.123079743818 0.638972051218 0.234369870391 0.307091346154 0.849740113027 1022.0 45.2223557692 3.93955106412 0.72777863561 46.0 46.0 46 38 5.54861854801 0.797381532074 0.272067010556 33.0088359221
HYDRO micro 6946.0 12 602608.333333 0.153003465606 0.3775 0.0936804078791 0.435406468951 -0.562211127141 0.691551608711 0.415984548481 0.333573279585 0.779275674325 2317.0 53.8295421826 1.12640466559 -0.577614525833 12.0 12.0 12 11 1.24351095944 0.143983874709 0.29535448043 23.7800836776
HYDRO micro 2450.0 90 1227.07365793 0.386956337778 0.3792 0.151370970002 0.555192743764 -0.0458459402979 0.866973619191 0.544523288235 0.0787755102041 0.970694877135 193.0 13.1836734694 2.34363072477 0.126196547103 90.0 90.0 90 81 11.4046369895 1.81827458019 0.0698129782091 1.28107439185e+12
HYDRO micro 18573.0 42 2234416.75784 0.106343429342 0.0823 0.0800691540999 0.241948758182 -0.188307281433 0.475565937286 0.119880480855 0.498842405643 0.710617476452 9265.0 63.6246163786 5.15915159342 0.87490156704 42.0 42.0 42 33 4.17113274929 0.308182703773 0.431828280952 7.81633013819
HYDRO micro 2787.0 12 90655.8409091 0.162916171817 0.3936 0.0968814586163 0.458557588805 -0.543359611754 0.710969030485 0.441042067608 0.330462863294 0.788281591875 921.0 52.7090060997 1.15034514835 -0.56024525497 12.0 12.0 12 10 1.38666164635 0.227306974619 0.292628282359 24.6283004512
HYDRO micro 6187.0 43 143157.676633 0.155233689774 0.129 0.0953473138515 0.269465984566 -0.154112838931 0.573429029998 0.181982691185 0.317439793115 0.819670404394 1964.0 54.7599806045 3.6544075409 0.819308050096 43.0 43.0 43 33 4.81088326505 0.546673972784 0.281185839803 28.7968568276
HYDRO micro 2275.0 25 54111.25 0.187592436978 0.1375 0.105238210952 0.34021978022 -0.239764730286 0.549185436785 0.202404823404 0.498461538462 0.709079579761 1134.0 64.6153846154 3.86153231769 0.789749918419 25.0 25.0 25 21 3.10489285481 0.524142418361 0.431539256709 7.82831880089
HYDRO micro 3248.0 44 9783.17547569 0.232125612587 0.363 0.11471972364 0.532803403493 -0.124753439908 0.824177495542 0.502795676439 0.175492610837 0.937396298442 570.0 24.6613300493 2.99098647135 -0.174827283971 44.0 44.0 44 40 5.31796831215 0.772048646978 0.155526276897 1634.41250131
HYDRO micro 9981.0 40 448902.614744 0.169988259001 0.1245 0.0965071468566 0.383400961827 -0.163649973214 0.614853757194 0.222082925272 0.389139364793 0.79926080573 3884.0 58.1905620679 4.52688626374 0.181542604608 40.0 40.0 40 37 4.23524571794 0.400380542359 0.343380327877 14.2958176825
HYDRO micro 5017.0 61 35781.0551913 0.208018647497 0.1612 0.10792620075 0.387123125635 -0.0957711415092 0.696457503278 0.275247457734 0.242774566474 0.898313007054 1218.0 36.5158461232 4.2576085847 0.486044711237 61.0 61.0 61 52 7.04176801562 0.861207462695 0.21515223649 110.337776518
HYDRO micro 9112.0 44 787906.038055 0.162737032914 0.0528 0.0989065461845 0.22502793519 -0.145106996977 0.399231351325 0.0820977853127 0.642230026339 0.569220773039 5852.0 73.6391571554 6.05379088395 1.02463369939 44.0 44.0 44 37 4.71628398236 0.460941510805 0.531957095814 5.0937704343
HYDRO micro 9175.0 84 37138.3458118 0.241884948183 0.2453 0.116652496887 0.444768392371 -0.0642403270719 0.790829818648 0.388541108726 0.122179836512 0.951477753937 1121.0 21.8964577657 3.14390941008 0.0301368965092 84.0 84.0 84 78 9.09665036963 0.876952861633 0.108279060865 460548.157563
HYDRO micro 7597.0 61 232046.585792 0.189429665359 0.0636 0.120192077692 0.161998804532 -0.0857967895362 0.429512081334 0.0807581243608 0.391338686324 0.742370523105 2973.0 67.1580887192 4.79402405324 1.80912905611 61.0 61.0 61 39 6.71478277703 0.699856131439 0.345246823051 14.063197874
HYDRO micro 7379.0 69 91433.8789429 0.185573371209 0.1126 0.104568959261 0.282073490968 -0.0874374904964 0.613667403144 0.182960508923 0.271039436238 0.871319096484 2000.0 42.3499119122 4.49882874261 0.854446627554 69.0 69.0 69 57 7.63496478228 0.80324926266 0.240191681933 59.1842533858
HYDRO micro 2004.0 60 4160.75254237 0.280410446072 0.2142 0.128228945384 0.439421157685 -0.0816231515199 0.750469518229 0.349147957484 0.152195608782 0.922206983239 305.0 29.9401197605 3.23383040618 0.588214384223 60.0 60.0 60 47 7.76019629526 1.34030115483 0.134879846439 9682.34538798
HYDRO micro 3258.0 26 57151.5015385 0.160629520275 0.2222 0.0940465589088 0.397648392124 -0.258457056901 0.657071249889 0.300250128302 0.287906691222 0.826932128347 938.0 53.1000613874 2.49521193061 0.180444859937 26.0 26.0 26 19 3.09066702052 0.455509887064 0.255119568373 43.9847325205
HYDRO micro 4980.0 90 42311.1910112 0.242827721499 0.0682 0.127097098199 0.267938420348 -0.0549133237553 0.558108027472 0.127212599359 0.296184738956 0.837048757278 1475.0 53.2128514056 5.66829067878 1.33259910371 90.0 90.0 90 61 10.4543714512 1.27534545285 0.262437657688 38.6317747039
HYDRO micro 6584.0 114 27748.877193 0.258716125058 0.1082 0.123705858111 0.358039692183 -0.044572824576 0.688910961761 0.222328098459 0.190461725395 0.918893781678 1254.0 33.47509113 5.3285292254 0.787303728428 114.0 114.0 114 98 12.8520118529 1.40494699657 0.168792308243 711.45048965
HYDRO micro 4026.0 30 75800.7172414 0.194268157469 0.1973 0.103744182548 0.393740685544 -0.202734051074 0.665128971811 0.296707949321 0.326875310482 0.831046656741 1316.0 51.912568306 3.20047988621 0.302409527888 30.0 30.0 30 30 3.49375339522 0.472807513538 0.289480457954 25.6715408234
HYDRO micro 4883.0 65 25202.0158654 0.236709191712 0.1853 0.114737439457 0.427164889176 -0.0844351566566 0.741509326642 0.329607909504 0.218308416957 0.916969433715 1066.0 33.585910301 4.43294588865 0.300835393215 65.0 65.0 65 59 7.5351605922 0.930186419232 0.193470718849 226.767553213
HYDRO micro 6539.0 56 106726.690584 0.165587774915 0.1151 0.0972646102585 0.321677080375 -0.115968363612 0.61580630331 0.198679711532 0.334913595351 0.844861027817 2190.0 46.0926747209 4.99486921663 0.638932821038 56.0 56.0 56 44 6.26028712607 0.692520060544 0.296528332896 23.4296451731
HYDRO micro 4681.0 35 156203.608403 0.185523520336 0.1054 0.10884327694 0.229804376354 -0.165481616591 0.482602349718 0.134153827082 0.396069215979 0.729050850819 1854.0 70.4550309763 3.55625274654 1.27244872907 35.0 35.0 35 31 4.02306539763 0.511562526732 0.349250605362 13.5862627514
HYDRO micro 6461.0 50 273737.522041 0.220433919633 0.0586 0.122249074842 0.195186503637 -0.102867914663 0.422530296145 0.0861704877616 0.53954496208 0.658685052345 3486.0 73.4406438632 5.65443558922 1.55578361323 50.0 50.0 50 45 5.58497521443 0.622042608392 0.461974877009 6.73562007391
HYDRO micro 5648.0 46 149454.751691 0.179325020734 0.0935 0.101450193937 0.304086094347 -0.135260562552 0.558770952953 0.166528344541 0.443873937677 0.767430648067 2507.0 57.5247875354 5.36845458875 0.718450263271 46.0 46.0 46 37 5.20890198436 0.612083239724 0.388774972374 10.0926079797
HYDRO micro 5617.0 48 176521.467642 0.205381180389 0.0734 0.110952878315 0.265470150139 -0.118323672444 0.503516026056 0.128152114769 0.494213993235 0.716208574716 2776.0 65.8892647321 5.60111589633 0.999184565978 48.0 48.0 48 42 5.44387693464 0.640455597139 0.428307165673 7.9648392228
HYDRO micro 3690.0 91 7056.27252747 0.275831760728 0.1907 0.126889263727 0.443926263438 -0.0544012423014 0.770543690948 0.348046005025 0.176151761518 0.942370282239 650.0 26.2059620596 4.90346072102 0.553063624314 91.0 91.0 91 80 10.9577276305 1.49805655492 0.15611043397 1569.00388667
HYDRO micro 5090.0 34 71672.516934 0.200007142662 0.2437 0.104939349292 0.403131861782 -0.17680893358 0.707422208008 0.336884781549 0.197642436149 0.879296590642 1006.0 38.8998035363 2.27062112967 0.205567329927 34.0 34.0 34 32 3.86641733857 0.476562676133 0.175156044696 507.513463416
HYDRO micro 1048.0 32 3421.67741935 0.305987166788 0.2445 0.134688040739 0.459208015267 -0.145496578375 0.732735336871 0.376545696401 0.24427480916 0.87217200338 256.0 43.320610687 2.74237053583 0.480220403705 32.0 32.0 32 28 4.45745646931 0.988483301144 0.216481624876 106.231004081
HYDRO micro 2980.0 17 136206.845588 0.187269888689 0.1934 0.103595417875 0.347848401105 -0.35828893314 0.55940471621 0.242429152713 0.407046979866 0.695769785145 1213.0 76.9798657718 2.32916556796 0.330514532585 17.0 17.0 17 16 2.00008035835 0.311415904815 0.35848207987 12.5900479384
HYDRO micro 11425.0 29 868180.748768 0.132887265126 0.1562 0.0868728531256 0.271932392666 -0.251125358203 0.546435535072 0.1891643517 0.358687089716 0.779284616158 4098.0 58.1356673961 2.84207346223 0.710949922535 29.0 29.0 29 28 2.99671670649 0.27131255644 0.317241775026 18.4289430157
HYDRO micro 3521.0 83 9123.41757273 0.261024725614 0.1664 0.125306671215 0.364149012979 -0.0604182330223 0.722213671659 0.284404493017 0.184038625391 0.927607076331 648.0 29.5086623118 4.14794565037 0.838477250671 83.0 83.0 83 68 10.0410208529 1.39876604036 0.163099984842 993.287548214
HYDRO micro 5666.0 28 105170.089947 0.220742438388 0.2876 0.11068129602 0.485678987444 -0.203348508742 0.746045337097 0.407882766897 0.230850688316 0.875834689466 1308.0 44.0169431698 2.48345534897 -0.0565418339079 28.0 28.0 28 27 3.12419050185 0.371980133755 0.204585756956 152.758318247
HYDRO micro 6383.0 41 163297.271951 0.182492741758 0.132 0.101306655274 0.324058188099 -0.15197445296 0.611988801548 0.2176306537 0.374745417515 0.81528919213 2392.0 51.8251605828 4.46905856563 0.597439590216 41.0 41.0 41 38 4.56548379745 0.513182023082 0.331090096773 16.0137393789
HYDRO micro 6808.0 63 89257.7378392 0.183318161989 0.1173 0.101605934983 0.347066010109 -0.0986077036294 0.633520579887 0.206472207518 0.26615746181 0.864728593995 1812.0 44.7267920094 4.35545282988 0.503622091585 63.0 63.0 63 50 7.02481621794 0.763538210763 0.235868268333 65.09469366
HYDRO micro 1175.0 25 5340.83333333 0.250777009999 0.3011 0.118142681788 0.457872340426 -0.21306261114 0.740987974703 0.410861372814 0.267234042553 0.867157990041 314.0 40.5957446809 2.3165977018 0.230943150378 25.0 25.0 25 20 3.39509413843 0.729324957489 0.236821750776 63.7174721324
HYDRO micro 806.0 18 2589.83006536 0.30148769295 0.4505 0.131244090218 0.51323407775 -0.265652223628 0.796648767653 0.529427062548 0.178660049628 0.876672475048 144.0 35.3598014888 0.900972418874 0.0642404079973 18.0 18.0 18 17 2.54031489355 0.634022958309 0.158333346388 1348.35151519
HYDRO micro 5638.0 20 257553.673684 0.167918778095 0.2452 0.0966783403828 0.40608371763 -0.326711395531 0.658924231298 0.326270151613 0.304185881518 0.796053008263 1715.0 60.0567577155 2.25557663249 -0.186822311954 20.0 20.0 20 19 2.19976540339 0.266359051615 0.269503439739 34.3726198502
HYDRO micro 5307.0 22 371419.993506 0.140844508693 0.141 0.0903728515331 0.274714356682 -0.318044856378 0.475808397254 0.159641522985 0.421707179197 0.677605002001 2238.0 79.0276992651 2.7580627613 0.808285504395 22.0 22.0 22 19 2.44847077168 0.301993876575 0.370671166817 11.4616876449
HYDRO micro 8565.0 25 448682.333333 0.112932380965 0.2141 0.0790043215388 0.441611208406 -0.320665129285 0.667573130658 0.315619290008 0.382720373614 0.813210335851 3278.0 47.9509632224 3.5481539946 -0.0505666546823 25.0 25.0 25 23 2.65034074122 0.270132181002 0.337915051536 15.0176936282
HYDRO micro 3775.0 30 91760.4885057 0.174305876715 0.1515 0.0983464752811 0.35178807947 -0.214055268171 0.592831276293 0.224508842662 0.374304635762 0.779934213412 1413.0 62.8874172185 3.392797563 0.485699537202 30.0 30.0 30 25 3.52106021198 0.488273075263 0.330711802288 16.0723187835
HYDRO micro 972.0 10 33702.4 0.278346780024 0.2375 0.127880220375 0.424279835391 -0.491111177069 0.565093149601 0.29706787272 0.621399176955 0.578951379363 604.0 77.5720164609 2.39820692884 0.677078448205 10.0 10.0 10 10 1.30826203148 0.32075014955 0.518408732112 5.34570394616
HYDRO micro 4789.0 19 179210.274854 0.182370630342 0.2723 0.100172801195 0.415788374674 -0.331719931486 0.666009256884 0.339255431874 0.291710169138 0.80671647775 1397.0 51.4094800585 1.82547071638 0.0415884834794 19.0 19.0 19 18 2.12412516569 0.274556153902 0.25848282806 41.389766903
HYDRO micro 4288.0 39 65860.4709852 0.198100570542 0.1585 0.107057398769 0.307776023728 -0.151035037728 0.615486965319 0.224581477166 0.239505597015 0.838246203393 1027.0 46.9449626866 2.84741509655 0.630066223706 39.0 39.0 39 34 4.54351121465 0.595576041237 0.212255487633 120.110112232
HYDRO micro 9360.0 36 447589.942857 0.168225839871 0.1345 0.0973279847867 0.325641025641 -0.180275920373 0.586443591349 0.205105364274 0.320512820513 0.793410219885 3000.0 61.4102564103 3.48013739795 0.322420933035 36.0 36.0 36 34 3.82756258834 0.372104203768 0.283889592953 27.7128876724
HYDRO micro 3595.0 21 113847.561905 0.187488302162 0.2128 0.103956194154 0.382462414729 -0.28901881335 0.613835257877 0.274037166651 0.3421418637 0.776201222142 1230.0 63.421418637 2.42443226104 0.570389178936 21.0 21.0 21 20 2.442807981 0.350243309032 0.302848798932 21.6821257334
HYDRO micro 1467.0 19 26682.8421053 0.228056272924 0.1908 0.113200684045 0.449251964266 -0.292864133723 0.63483674849 0.304630813295 0.493524199046 0.724194027292 724.0 61.0088616224 3.50976675502 0.102491999085 19.0 19.0 19 16 2.46880568754 0.496064951659 0.427780753075 7.98750945347
HYDRO micro 4763.0 34 41239.9010695 0.167776032597 0.329 0.0953286122257 0.456237418335 -0.194946228792 0.759809187495 0.411387218807 0.169640982574 0.910599405303 808.0 31.0098677304 1.77031625315 0.029702424613 34.0 34.0 34 30 3.89673280173 0.49265015786 0.150340406407 2395.71654938
HYDRO micro 2987.0 24 46143.5634058 0.192696082819 0.2594 0.102967926693 0.494727150988 -0.255362149406 0.717025441951 0.38106186033 0.326749246736 0.839382217485 976.0 49.9497823904 2.96394107734 -0.0967678567376 24.0 24.0 24 22 2.87427251508 0.439130528459 0.289369782258 25.709538141
HYDRO micro 9482.0 33 309101.291667 0.126597175442 0.216 0.0842420529537 0.302432679463 -0.227662727015 0.629145631209 0.250728783691 0.201539759544 0.859682224752 1911.0 39.8333684877 1.96721533465 0.570169742019 33.0 33.0 33 29 3.49453684835 0.338894065948 0.178609954208 428.393716236
HYDRO micro 7071.0 32 280735.644153 0.180309575832 0.1522 0.0997855824919 0.364702658747 -0.197735747261 0.623385097771 0.247592619375 0.408428793664 0.794690562165 2888.0 51.7748550417 4.20787042148 0.391417286125 32.0 32.0 32 32 3.49738822148 0.380548101542 0.359637927378 12.4745346307
HYDRO micro 6246.0 32 351676.866935 0.193496488231 0.1006 0.107199512428 0.272324287544 -0.183825261459 0.496129549326 0.147789680541 0.492795389049 0.689301658986 3078.0 73.679154659 4.11318401684 0.702863681168 32.0 32.0 32 29 3.54703391196 0.404901129601 0.427224102131 8.01161728674
HYDRO micro 7483.0 100 75454.0819192 0.238872522136 0.0697 0.116748848071 0.382368034211 -0.0539163276521 0.65563071647 0.196735041325 0.3557396766 0.856596739772 2662.0 42.3359615128 8.5490926638 0.521824425866 100.0 100.0 100 86 11.098170644 1.15601142792 0.31468622978 18.9437370479
HYDRO micro 9595.0 60 234930.620056 0.164423711254 0.0997 0.0999367363759 0.243286433907 -0.105296914006 0.550315738649 0.144372479559 0.265867639396 0.832776081645 2551.0 51.7144346014 4.03915993978 1.04352588222 60.0 60.0 60 49 6.43472752492 0.612531970005 0.235611577985 65.4730604134
HYDRO micro 1348.0 11 57024.2727273 0.179718453283 0.2246 0.102945598344 0.293835985972 -0.557276757522 0.479458863107 0.215722078231 0.505192878338 0.595271376872 681.0 88.7982195846 1.72206343053 0.880459287757 11.0 11.0 11 10 1.38765979015 0.299604090887 0.436628274774 7.62228891599
HYDRO micro 2547.0 42 13236.869338 0.229392641232 0.2215 0.114059220091 0.384289640473 -0.1314675016 0.705058375414 0.315784174434 0.175893207695 0.892531749786 448.0 34.6682371417 2.4531315162 0.558177378959 42.0 42.0 42 36 5.22781046367 0.832213617589 0.155881296614 1594.26075788
HYDRO micro 3579.0 22 134482.417749 0.158736549752 0.1709 0.0931622591584 0.400137163758 -0.308390999726 0.592862336885 0.24999440141 0.469963677005 0.734069411295 1682.0 62.5873148924 3.49001372272 0.285101140085 22.0 22.0 22 19 2.56634656288 0.367740812792 0.409544431188 8.85692730009
HYDRO micro 4153.0 62 36279.7866208 0.215774802566 0.1117 0.113793575393 0.333932718672 -0.0892710437969 0.628368186231 0.202862856831 0.31904647243 0.85555795656 1325.0 45.3888755117 5.16133316502 0.886318462531 62.0 62.0 62 52 7.3215349654 0.962078975309 0.282599710951 28.2215994968
HYDRO micro 2302.0 18 86037.5163399 0.166967726212 0.1676 0.0975524160016 0.333960807028 -0.359709264587 0.520439000865 0.205931273264 0.493049522155 0.668433598707 1135.0 77.7150304083 2.75102008273 0.631311551921 18.0 18.0 18 15 2.195947328 0.375162866457 0.427418258172 8.00319276756
HYDRO micro 4598.0 22 97914.8571429 0.219796609089 0.3185 0.110069684675 0.447803392779 -0.260274587634 0.730386860769 0.407650490611 0.237494562853 0.857286419706 1092.0 42.2575032623 1.73801754254 0.0492018519297 22.0 22.0 22 22 2.49010577065 0.324442842262 0.210473402242 126.745230729
HYDRO micro 15869.0 21 1721540.43333 0.181576256494 0.2583 0.106643088869 0.552019660974 -0.28160414164 0.738919372571 0.424223919848 0.390446783036 0.815655898657 6196.0 46.4553532044 3.59690210777 -1.00939127929 21.0 21.0 21 20 2.06779839488 0.166703421914 0.344490273586 14.1566716298
HYDRO micro 3024.0 24 43704.0869565 0.228802445305 0.2749 0.113578784668 0.439814814815 -0.231062407464 0.716354636838 0.380157766494 0.305555555556 0.848410905 924.0 43.1878306878 2.57268338633 0.127106217033 24.0 24.0 24 23 2.86985730994 0.436435780472 0.270712103213 33.7186670349
HYDRO micro 10535.0 32 541183.466734 0.134402239729 0.1713 0.0909798948481 0.215101447556 -0.217177052938 0.542904745978 0.179476311218 0.23616516374 0.817589912622 2488.0 42.7337446607 2.01632563781 1.04964924541 32.0 32.0 32 29 3.34684366808 0.311768840901 0.209295337032 131.420419602
HYDRO micro 4078.0 23 150382.312253 0.251500684541 0.1794 0.11921410371 0.428449580997 -0.229459621126 0.645431090255 0.298482377102 0.456105934282 0.757580418716 1860.0 55.6400196175 3.78070881608 0.315179862366 23.0 23.0 23 23 2.64634213322 0.360167254483 0.398586902806 9.47100345147
HYDRO micro 6823.0 45 190013.422222 0.171574304633 0.1101 0.0999210162111 0.279401371179 -0.140418340312 0.555092612861 0.165305425189 0.366407738531 0.798186097497 2500.0 55.6500073282 4.1635490029 0.843923943083 45.0 45.0 45 38 4.98411057799 0.544784607171 0.323916421417 17.1916279072
