CHU micro 1847.0 152 4019.85112409 0.359931893434 0.0357 0.40852399956 0.316334454165 -0.0249781576447 0.57779050742 0.114067561035 0.403898213319 0.815489435597 746.0 51.2181916622 10.5160688391 1.54323154371 262.504273504 268.021275517 223 272 20.0762686005 3.53679705461 0.355843001001 12.86114613
CHU micro 684.0 162 138.819875776 0.555992998048 0.1144 0.65050424851 0.483918128655 -0.0164695650272 0.777975351541 0.318967709788 0.168128654971 0.946056051435 115.0 26.4619883041 6.97480363106 1.82716757138 248.702099922 270.886517488 242 286 24.6631491857 6.19422481451 0.149000140968 2660.91663111
CHU micro 1475.0 275 403.422030524 0.493045627977 0.0668 0.848161691206 0.437103235747 -0.0108959449589 0.750475067678 0.243470313967 0.194576271186 0.945556334387 287.0 26.5762711864 11.0827930203 1.63172424167 496.948226183 506.328578379 416 513 37.5526974565 7.16039010395 0.17243872832 583.777318899
CHU micro 513.0 158 27.6520599855 0.603663410378 0.2773 0.708298304832 0.567029387816 -0.016281229542 0.873497294238 0.52405237204 0.0682261208577 0.977174363242 35.0 13.6452241715 4.37309222892 1.34539198559 234.1484375 265.638440966 235 274 25.1591442262 6.97587041388 0.0604638253233 5.44209373246e+15
CHU micro 2445.0 398 170.828303988 0.448318893869 0.1813 0.765731354923 0.504658260628 -0.00888671633069 0.854960240767 0.418213695094 0.0760736196319 0.986142747814 186.0 11.2065439673 8.19335150611 0.866599263498 562.175674647 555.738075268 544 626 50.8856904238 8.04903174708 0.0674184900344 7.87953161535e+12
CHU micro 1416.0 299 179.53062782 0.526991653015 0.1114 0.838521799571 0.491296317291 -0.0098041905651 0.8076837647 0.331874514839 0.110875706215 0.969972908487 157.0 19.3502824859 8.18769734145 1.46703411344 456.828274805 471.179781934 433 511 41.0717733036 7.94583535162 0.098261036226 4559475.29364
CHU micro 333.0 59 182.198714202 0.464709162255 0.151 0.357119370471 0.438692930218 -0.054053793342 0.734036059093 0.326665796969 0.285285285285 0.887752617482 95.0 38.7387387387 5.32108314607 1.50401090205 74.8189328744 86.7421359223 83 90 9.98598090526 3.23318008367 0.252800828964 45.9237303967
CHU micro 1606.0 294 209.396206264 0.48818964114 0.1251 0.976676036558 0.482218042883 -0.0108093647271 0.809116808003 0.335676023782 0.100249066002 0.972811328626 161.0 17.8704856787 7.37839374773 1.30491080571 442.666827057 440.779011973 417 490 39.6938189799 7.33625738904 0.0888434215429 81055284.3069
CHU micro 374.0 73 225.692922374 0.512436996604 0.1055 0.428178539282 0.446487436818 -0.0395489186896 0.709222644546 0.277302327141 0.320855614973 0.870127827504 120.0 44.385026738 6.55772235313 1.80624365876 105.085790885 107.271290263 106 123 12.1534252507 3.77474013696 0.284191063701 27.5961401202
CHU micro 929.0 161 413.54060559 0.475924782014 0.0749 0.661422754383 0.439877247291 -0.0194841200556 0.729318042948 0.248056784362 0.250807319699 0.917122129771 233.0 34.983853606 9.35584328564 1.51541327136 304.456746191 273.45404189 240 298 23.4119774962 5.28223865514 0.22226990446 90.6927769055
CHU micro 856.0 120 840.788795518 0.464890788004 0.0575 0.517456414896 0.378504672897 -0.026197757801 0.649439831076 0.179855815671 0.33761682243 0.855118350948 289.0 49.2990654206 8.44734139214 1.79463972893 174.318775663 178.520809957 171 199 17.6237018619 4.10151556215 0.298894100384 22.7488994497
CHU micro 2412.0 379 414.295640156 0.455284259479 0.0893 1.20386219397 0.451431278086 -0.00887444738713 0.791088907273 0.28738326352 0.115671641791 0.970443182099 279.0 20.5223880597 9.90399497656 1.26828635643 535.145273759 568.793572417 532 611 48.5348911226 7.71703656851 0.102511323467 1591478.13258
CHU micro 5160.0 469 1540.31409801 0.349256426729 0.073 0.812522877358 0.397904166873 -0.00877138246274 0.759830894599 0.226630469447 0.0992248062016 0.97079359714 512.0 19.7286821705 9.89269151616 1.04573253398 672.326117573 684.140143159 640 740 54.7452180694 6.52901989392 0.0879356949286 112301748.061
CHU micro 4111.0 444 1849.38874484 0.416876944323 0.0444 0.828221816898 0.376753973628 -0.00800505684513 0.709179055695 0.16798392508 0.157625881781 0.949270608529 648.0 27.7304792021 11.4695850951 1.43053241865 593.222739082 619.22849992 607 682 53.2360961855 6.92483184164 0.139692300582 5978.54342986
CHU micro 524.0 146 42.1058101086 0.589055627579 0.2355 0.805458591673 0.569434277946 -0.0184130909083 0.85879573559 0.491263617939 0.0992366412214 0.970915156459 52.0 18.320610687 5.25399665889 1.28437895926 216.462338965 222.916220977 212 248 23.1574211562 6.37803961363 0.0879461834419 111873121.711
CHU micro 4415.0 388 3065.37805349 0.378620334575 0.0406 0.832534501456 0.360919312092 -0.00991221942864 0.685750930625 0.151438035412 0.181200453001 0.9365624499 800.0 30.3510758777 11.1700017805 1.28124562311 534.460654337 540.245412688 527 601 46.1111549066 5.83937507322 0.160584720188 1163.41662706
CHU micro 1088.0 254 69.7058915066 0.529292241003 0.209 0.748165619783 0.535056739231 -0.0118550017972 0.859888697066 0.458182376369 0.0790441176471 0.981164846453 86.0 13.5110294118 6.2179928201 1.10023797852 379.691282652 400.146136282 366 429 36.1837115129 7.7005060949 0.0700510253575 1.08013554291e+12
CHU micro 4131.0 252 10267.6896699 0.322819641355 0.0256 0.44756568076 0.297108967044 -0.0164839192281 0.578234886914 0.0934924186758 0.36552892762 0.845011189757 1510.0 47.4703461632 13.1869401791 1.38663329711 432.075337254 410.955124553 359 435 30.1455340364 3.92078423528 0.323158159994 17.3248998084
CHU micro 378.0 81 109.6 0.497518339201 0.1675 0.407333251359 0.440035273369 -0.0356898264043 0.761314457103 0.342204949868 0.187830687831 0.926289857507 71.0 30.1587301587 4.46155351878 1.73800170025 137.701728711 129.607316696 122 149 13.4796000338 4.16619044898 0.166460612334 812.528042134
CHU micro 4655.0 350 2669.0243553 0.337900734251 0.0623 0.655640407319 0.374221267454 -0.0120658064457 0.723798305109 0.19600349726 0.152738990333 0.954155713051 711.0 25.9291084855 10.0093913967 1.04548885505 482.832659191 465.897009919 464 530 41.3228170701 5.12989176043 0.135361405799 9205.92390085
CHU micro 785.0 174 147.962294864 0.549858760085 0.1215 0.796256271775 0.503623984186 -0.0162796346373 0.797669228816 0.348356477001 0.136305732484 0.952713700353 107.0 27.0063694268 7.22319452134 1.49823018348 240.616507362 264.28544923 247 281 25.9538266927 6.21032630916 0.120797810221 55126.4560118
CHU micro 164.0 38 75.9516358464 0.560962370029 0.2012 0.57521412949 0.56001283697 -0.0747543190524 0.776691769651 0.428803276103 0.323170731707 0.869199881023 53.0 43.9024390244 4.88112706865 1.29424806856 54.2529495045 50.6630327001 53 62 7.25509197616 2.96730147588 0.286226371627 26.8284899025
CHU micro 872.0 181 84.4387968079 0.488398082383 0.2165 0.842371654443 0.495178417558 -0.0175590490518 0.838205769524 0.428081814754 0.0802752293578 0.974486575204 70.0 14.7935779817 4.65412591203 1.17917094296 263.254328358 294.577627314 260 302 26.5847877892 6.12943342638 0.0711420697038 504905975326.0
CHU micro 5680.0 449 3114.16987154 0.355419438194 0.049 1.01447627042 0.335435161078 -0.0088122846922 0.69539735834 0.153754382878 0.121126760563 0.954529049296 688.0 23.3450704225 9.48704663151 1.37044016735 607.0278218 625.350390081 608 688 51.8236217034 5.95761141757 0.107345796604 555564.187107
CHU micro 2032.0 306 597.43100825 0.479871104603 0.0689 0.765321947338 0.449915727446 -0.0105933817305 0.758419794125 0.248442917051 0.157480314961 0.952601389578 320.0 25.4921259843 9.86833572174 1.35559016302 384.259203042 413.983576408 413 448 40.0431898825 6.78827729703 0.139563295347 6052.58441031
CHU micro 48.0 22 2.82251082251 0.768995485109 0.6386 0.980565167687 0.727272727273 -0.0891084549258 0.925762845751 0.785190597857 0.145833333333 0.928819444444 7.0 27.0833333333 1.68091404479 0.817557885747 28.1276595745 33.2070489774 32 35 5.42467310295 3.17542648054 0.129241426629 18204.1978801
CHU micro 2487.0 350 794.725182153 0.453429686609 0.0599 1.01907263284 0.4174852088 -0.00953612642532 0.745045220644 0.222361597034 0.170888620828 0.952300252426 425.0 26.618415762 11.3761361814 1.41560107279 534.560191277 500.661097263 491 579 44.6358203106 7.01827128899 0.151446097017 2201.28427502
CHU micro 717.0 187 52.8057040998 0.560121565761 0.2187 0.811650140272 0.549109107317 -0.0150478067092 0.855216809253 0.466039511686 0.0850767085077 0.97554703563 61.0 15.6206415621 5.4136832564 1.25650950517 301.428249812 303.137461207 275 330 28.2886470832 6.9836429732 0.0753972698084 35273066770.4
CHU micro 1241.0 202 601.198192207 0.484321622094 0.0593 0.809079250671 0.420070048907 -0.0152101780519 0.708053005173 0.208385811519 0.24496373892 0.916585556214 304.0 35.6164383562 9.9322514185 1.67696810147 321.85 336.51181759 296 354 28.2157822321 5.73410285362 0.217092089233 104.418404942
CHU micro 1215.0 245 191.121278019 0.520911642594 0.1144 0.79287263366 0.489577559419 -0.0121649439265 0.800517120238 0.33100480248 0.134156378601 0.964328608444 163.0 20.5761316872 8.03258042695 1.44209774199 349.105485507 367.638387982 348 401 34.3541037848 7.02874755423 0.118892994937 73068.0403485
CHU micro 389.0 114 41.9081664338 0.593452797803 0.2189 0.789617454685 0.538515311415 -0.0221925693714 0.834472974137 0.451781339741 0.105398457584 0.959932857964 41.0 20.0514138817 4.41680487843 1.65470582241 170.144329897 195.691248877 171 200 18.9483519023 5.78002944282 0.0934069510117 18073181.8475
CHU micro 1736.0 272 354.067288908 0.451848788726 0.1035 0.881275024928 0.445835592301 -0.0123716076572 0.782912882728 0.293535464246 0.132488479263 0.964484805369 230.0 20.6797235023 8.2814829878 1.31148695141 392.96076697 408.721117868 383 444 36.3302973369 6.52820890603 0.117414857635 91761.440471
CHU micro 3155.0 438 447.581042392 0.423823930016 0.1041 1.16747391191 0.447055120162 -0.008202966081 0.804116370411 0.30220034055 0.10618066561 0.978067264247 335.0 14.4849445325 10.0824737879 1.12920870379 642.323754693 633.976105096 607 707 54.2402752533 7.7978419543 0.0941001648262 14657452.4361
CHU micro 560.0 144 34.1414141414 0.55470070243 0.3085 0.732364668895 0.568253968254 -0.0202507730333 0.874668067813 0.533157406811 0.0660714285714 0.977487244898 37.0 12.8571428571 3.71077478795 1.02098527068 210.469572859 217.923927547 206 240 22.5982029984 6.08511063405 0.0585542790031 4.96050828143e+16
CHU micro 1214.0 253 99.5107911412 0.516749385991 0.1885 0.844911321811 0.523643786913 -0.0121790921929 0.844478199132 0.420634052779 0.0683690280066 0.979032376258 83.0 13.5914332784 5.55693382245 1.15764840409 377.22280714 365.995745321 355 416 35.4845815279 7.26124646082 0.0605904734865 4.73445391197e+15
CHU micro 858.0 79 1257.81369685 0.348442707944 0.0867 0.501949151619 0.386680829719 -0.0516289417887 0.665722133608 0.222249782708 0.350815850816 0.854070560364 301.0 45.2214452214 7.20640697672 1.14774236784 109.109166343 115.760292762 108 124 11.5476790129 2.6970155309 0.310408502056 19.8622562806
CHU micro 5525.0 312 6029.80211683 0.295342295897 0.0496 0.405961537144 0.306123680241 -0.0141785982767 0.657084730494 0.136778916482 0.186968325792 0.9353622735 1033.0 29.6832579186 9.4872347716 1.30492062592 443.509516913 477.752007604 430 496 36.0912857762 4.19747823454 0.165696363977 849.655899334
CHU micro 845.0 197 97.7474878276 0.540339184929 0.1591 0.713119642335 0.525125401736 -0.0147324228252 0.829080746277 0.402317354376 0.126627218935 0.968092153636 107.0 18.5798816568 7.16505496128 1.3165372175 316.693888378 306.925753894 287 344 29.0829811356 6.77700602411 0.112220450915 219131.313743
CHU micro 154.0 37 99.472972973 0.529891448371 0.1518 0.355420130132 0.471744471744 -0.0727598840361 0.704651951136 0.32600273239 0.383116883117 0.821976724574 59.0 50.6493506494 4.78956967414 1.90200594109 83.9716775599 65.471625 58 75 7.14717862994 2.98154496689 0.338253393833 14.9711499202
CHU micro 1015.0 142 659.559534512 0.419527155553 0.0724 0.54807573997 0.387441892736 -0.0240422948616 0.698143723642 0.218532940231 0.273891625616 0.902688247713 278.0 37.5369458128 8.84461604025 1.50862515254 265.968290093 254.809637595 212 263 20.3679406612 4.45713022608 0.242717086188 56.0978213354
CHU micro 1888.0 303 334.946451599 0.449264141671 0.1042 0.68781952782 0.448140417855 -0.0110319537133 0.782671203588 0.286521016686 0.110169491525 0.96832189475 208.0 18.2733050847 7.50407275295 1.32770040812 626.778049988 485.765530658 444 555 40.0356696781 6.97335273058 0.0976351697533 5384899.26542
CHU micro 1350.0 160 882.650157233 0.4127069039 0.0751 0.506973590383 0.383333333333 -0.0220880823623 0.693223819196 0.205815907527 0.216296296296 0.916745130316 292.0 33.8518518519 7.33434314962 1.46977081567 273.468666249 238.700019211 227 275 22.0592523767 4.35464843161 0.19168754114 243.025171784
CHU micro 1114.0 269 96.7411640681 0.560364259396 0.1511 0.869550124995 0.540578510742 -0.010559898025 0.845507593847 0.419170141448 0.10592459605 0.975390734539 118.0 18.5816876122 8.55988486697 1.26318554816 396.395912386 410.629214157 384 448 38.1999694311 8.05952941323 0.0938732290875 15690057.7089
CHU micro 20.0 12 1.33333333333 0.826041270861 0.6944 1.3353881751 0.733333333333 -0.126026760102 0.926628408029 0.818181818182 0.2 0.88 4.0 40.0 1.42532635619 1.28938252223 23.7894736842 26.3157894737 20 26 3.67189020765 2.683281573 0.177245379431 457.56043461
