HYDRO micro 3839.0 10 302370.988889 0.132846110141 0.3513 0.647510129614 0.465668142746 -0.725120881984 0.652424578611 0.387982567419 0.385256577234 0.715351235768 1479.0 72.7272727273 1.33191356835 -0.657508818859 10.0 10.0 11 12 1.09051687561 0.161395322476 0.3400775255 14.724531678
HYDRO micro 10452.0 46 837422.485024 0.155433629438 0.0593 1.67594357955 0.216214080101 -0.145203245749 0.430947233117 0.0934817777608 0.580845771144 0.633309138022 6071.0 68.733256793 5.88427221607 0.661309209436 50.0003827385 49.1748970661 51 54 4.86247377538 0.449943654252 0.491115259484 5.93837386503
HYDRO micro 4936.0 22 187853.766234 0.100909192888 0.2192 0.195538870937 0.357006040961 -0.388084341299 0.613753724284 0.269847248559 0.380064829822 0.79262977785 1876.0 52.613452188 2.74435887261 0.256901827522 42.0040526849 27.1034482759 27 32 2.46933597239 0.31313751827 0.335646612112 15.3364325434
HYDRO micro 2796.0 61 25273.4726776 0.193213230147 0.0779 1.18749010114 0.276654002205 -0.0957601631813 0.556489612363 0.147530726332 0.419527896996 0.789633310206 1173.0 54.1845493562 6.12976288584 0.925018739762 73.9570150779 83.345272567 78 85 7.56053617037 1.15361594857 0.368869726935 11.6166715625
HYDRO micro 214.0 12 655.060606061 0.253313096188 0.3462 1.39457600813 0.432242990654 -0.435094768738 0.676958938638 0.397933126899 0.322429906542 0.759323958424 69.0 63.0841121495 1.29881026728 0.42279084196 13.2056338028 15.8122666667 15 16 2.04995325533 0.82030311243 0.285575222821 27.0702532569
HYDRO micro 3353.0 19 86813.7076023 0.118021708695 0.2747 0.404291315025 0.425243693786 -0.419129138702 0.662040543595 0.334668666957 0.320011929615 0.808375173414 1073.0 54.5779898598 2.01422384293 -0.0801579047502 21.0005966587 21.7411764706 22 24 2.21740122336 0.328123113802 0.283449035821 27.8849492843
HYDRO micro 206.0 19 323.251461988 0.420880793124 0.2774 1.63377926985 0.540623403168 -0.195247781628 0.755810577015 0.458752103526 0.393203883495 0.810255443491 81.0 49.0291262136 3.3525404086 0.24651746145 31.0585365854 20.7125699627 23 27 3.3784568991 1.32379272715 0.346827262648 13.8714266297
HYDRO micro 6220.0 49 178822.72534 0.151362279953 0.0842 1.43365969135 0.297850908852 -0.140152874282 0.534140383768 0.145722844291 0.443408360129 0.757729707096 2758.0 58.536977492 5.29489726369 0.497142532524 55.2232227403 54.7780832904 57 61 5.49480414508 0.621299333443 0.388398957703 10.117942708
HYDRO micro 10209.0 43 1106271.01107 0.182924201104 0.0496 1.71398694148 0.189996514703 -0.138944145727 0.36276893802 0.0693703947474 0.665883044373 0.530939719928 6798.0 80.9677735332 5.87763018924 0.914440448125 44.2001175549 44.2521350649 46 47 4.54987394873 0.425575730879 0.54697854591 4.84127491213
HYDRO micro 6824.0 141 40766.0554205 0.197201140658 0.0547 1.62096584562 0.244686047575 -0.0396608977637 0.561216905624 0.107685741359 0.259525205158 0.870347819021 1771.0 45.5304806565 6.72640696465 1.19964086011 222.115335048 199.441190017 190 225 15.858270398 1.70686669189 0.229993567073 74.6468107039
HYDRO micro 616.0 13 4453.58974359 0.203140328577 0.3532 1.79194876003 0.499250749251 -0.456803022224 0.714069734973 0.436964465177 0.378246753247 0.782235621521 233.0 57.4675324675 1.85150428208 -0.278949558827 13.6677506775 14.7866666667 15 16 1.86821401514 0.523784926616 0.334091131159 15.561925312
HYDRO micro 5734.0 67 121399.97422 0.16507064919 0.0577 1.62924866677 0.251945712664 -0.096200957152 0.494914953133 0.106245438838 0.456400418556 0.741379327125 2617.0 65.6609696547 6.2930040492 0.68997906034 109.229586991 99.0328105282 87 103 7.62638246334 0.884801720392 0.398821518713 9.45701848151
HYDRO micro 2882.0 24 43523.0362319 0.145417545669 0.2569 0.182128743402 0.355482303956 -0.294980858753 0.652450838424 0.30229558933 0.243233865371 0.837813348641 701.0 44.6911866759 1.80284121944 0.376242547406 24.2858134576 24.9039115646 26 25 2.88718399711 0.447058393831 0.215559230529 109.056646492
HYDRO micro 2825.0 11 136935.963636 0.163402007921 0.3463 0.343962066606 0.466355591311 -0.599120971735 0.673587745279 0.402885774683 0.397168141593 0.737505395881 1122.0 67.8584070796 1.51804880406 -0.541659313566 11.0 11.0 11 10 1.25845308544 0.206958591044 0.350178535215 13.4798218927
HYDRO micro 1595.0 23 19302.3280632 0.143309064063 0.2066 0.405042839516 0.311026305029 -0.298873740525 0.590238142529 0.243827199008 0.363636363636 0.789600731125 580.0 54.2946708464 2.50846412856 0.740102617087 29.0037641154 27.6056910569 29 33 2.98320091148 0.575900548712 0.321523880798 17.6182786192
HYDRO micro 3421.0 23 65389.8379447 0.155641928723 0.2613 0.374363380612 0.401471728328 -0.294314859689 0.689277612835 0.349171578028 0.322712657118 0.833600538517 1104.0 46.6237942122 2.52545770872 -0.248907385077 25.0005847953 30.025 26 28 2.7034705066 0.393234215452 0.285823762302 26.9775554954
HYDRO micro 4978.0 79 24967.6280428 0.199131608673 0.1387 1.14922735809 0.308989935463 -0.0741897634927 0.662228925959 0.218689056925 0.158497388509 0.908752710399 789.0 31.5588589795 3.49196060917 0.601173409359 93.184667653 86.6318923363 92 100 9.16269045917 1.11969475838 0.140464653311 5557.56086303
HYDRO micro 1056.0 11 43824.6 0.197259565943 0.1879 0.431982863105 0.370265151515 -0.54286584115 0.486861068045 0.221376084313 0.676136363636 0.516093104339 714.0 81.1553030303 2.64680134026 0.33767167955 11.0 11.3757037037 12 13 1.43631863082 0.338501600193 0.553375664661 4.74135125485
HYDRO micro 1829.0 36 14706.218254 0.162645887257 0.1529 1.20960355342 0.287497721888 -0.177041076879 0.581921338437 0.201349015667 0.306178239475 0.818356584772 560.0 52.7610716238 3.02679191768 0.877168405499 48.0065645514 55.8044434904 48 55 4.65950677636 0.841774272381 0.271261493116 33.4279382934
HYDRO micro 5798.0 139 17716.9600667 0.214954360595 0.09 1.46681363259 0.349078446798 -0.0408570631858 0.684637236152 0.205229017305 0.232838909969 0.920076042922 1350.0 32.1835115557 7.47735672198 0.62331852527 150.746706844 159.537052102 163 164 15.9256465087 1.82547418082 0.206347692632 144.240734039
HYDRO micro 4606.0 23 167012.383399 0.150695381578 0.2007 0.594306199564 0.403830542393 -0.295293333534 0.639800717816 0.292463796918 0.370169344333 0.783331469893 1705.0 61.7889709075 2.85034713801 -0.377111197427 29.0013029316 25.549375 26 29 2.60814461811 0.338895552342 0.327157507247 16.6414452468
HYDRO micro 852.0 15 9411.31428571 0.199782222685 0.2686 0.687857985118 0.454460093897 -0.402901065439 0.659205237085 0.354324197947 0.428403755869 0.751823932641 365.0 63.1455399061 2.40958231372 0.0184296091576 17.0023501763 16.460591133 17 19 2.07481592779 0.513891532371 0.376182969362 11.0101739987
HYDRO micro 10844.0 134 172442.520705 0.190395335975 0.0369 1.61230139139 0.213819320953 -0.043007459321 0.47985708866 0.0713408220702 0.35817041682 0.79750032349 3884.0 60.4020656584 7.69963605245 1.20179983825 170.196886352 161.34460181 168 187 14.3143626751 1.28679701239 0.316794082031 18.5173885768
HYDRO micro 2794.0 80 14453.8424051 0.253785443716 0.0787 1.17005122554 0.369371868289 -0.0646923314528 0.64318961051 0.199383149313 0.36649964209 0.841229211384 1024.0 48.031496063 7.26906767335 0.50361939453 90.4037235947 89.7020707071 93 99 9.95560362855 1.51348034776 0.323995695452 17.1777969251
HYDRO micro 3022.0 97 3739.7362543 0.21730006589 0.2078 1.30583112157 0.404449842052 -0.0587672247502 0.761860086052 0.329498741539 0.120780939775 0.950378889249 365.0 21.5420251489 3.32918124791 0.406851747204 112.205031447 113.042315462 117 125 11.9795237851 1.76451154508 0.10703932091 591474.745881
HYDRO micro 80.0 10 50.2222222222 0.438015799983 0.5861 1.12966840949 0.625 -0.371984399528 0.839936668847 0.657477879742 0.275 0.829375 22.0 45.0 0.623922547797 -0.243680754978 10.4050632911 11.5277777778 12 12 2.05384420277 1.11803398875 0.243698366115 54.9638538245
HYDRO micro 4448.0 135 20260.9749033 0.266838292761 0.0512 1.07147574254 0.347765121236 -0.0369833559905 0.630704884726 0.157166607346 0.352293165468 0.8553668531 1567.0 45.9757194245 9.6224376279 0.659836807456 155.69430767 150.405175131 160 171 15.9519824644 2.02419048568 0.311693052519 19.5786132809
HYDRO micro 3353.0 64 12648.8449901 0.156552608554 0.1806 1.64490146062 0.316158104682 -0.103267826727 0.67610913795 0.248267021978 0.152400835073 0.913494901406 511.0 29.4661497167 2.79663772042 0.680239488523 110.680588703 96.0950972105 85 102 7.76090428177 1.10525680438 0.135061723503 9499.00390778
HYDRO micro 5366.0 40 127888.797436 0.11711100777 0.1261 1.78675324429 0.300260901975 -0.191805266818 0.572508540766 0.18625773706 0.389675736116 0.80178090152 2091.0 52.5158404771 4.39832381321 0.694610341106 48.1833432178 48.8108474576 50 55 4.54130595608 0.54605282361 0.343835820105 14.2384238453
HYDRO micro 3967.0 19 165518.28655 0.142102711485 0.2175 0.815038391228 0.350231515264 -0.377069010339 0.598087415644 0.267691018984 0.368792538442 0.758049471538 1463.0 63.549281573 2.20881453801 -0.00301676761808 19.6668347621 21.4611111111 21 22 2.17240038626 0.301663316031 0.32597208253 16.8390937353
HYDRO micro 4500.0 26 73955.1138462 0.131548972095 0.2964 0.60937685497 0.425282051282 -0.285165602793 0.705657780391 0.358608856056 0.225111111111 0.870235851852 1013.0 42.2888888889 1.91157544092 0.0942323952616 32.0013336297 27.2096774194 29 32 2.97200395724 0.3875851161 0.199499349486 181.677095815
HYDRO micro 2918.0 84 6252.50889271 0.197427125045 0.1634 1.24672218391 0.332011488626 -0.0697238397077 0.70070272703 0.256653035052 0.164838930775 0.927146904586 481.0 30.3632625086 3.77189969009 0.747887523656 104.093842691 106.117044485 106 117 10.40275751 1.55502237454 0.146084698812 3375.46545324
HYDRO micro 1532.0 10 54264.4 0.213462966685 0.3246 1.46110235805 0.438903394256 -0.573516981364 0.642789592992 0.37703190875 0.437336814621 0.691915378795 670.0 76.1096605744 1.52921862505 -0.228918596074 10.0 10.0 10 9 1.22710606112 0.255488065154 0.383478522378 10.4606819317
HYDRO micro 4220.0 80 25457.556962 0.172656359596 0.0997 1.18046981618 0.311966824645 -0.0787850167795 0.629628999821 0.187150085499 0.278199052133 0.874567507468 1174.0 45.6398104265 5.5275839372 0.697394507189 112.478284511 106.757530669 104 120 9.46380885357 1.23149814361 0.246530227458 51.8795754569
HYDRO micro 106.0 11 104.254545455 0.367887328091 0.4949 0.206221570252 0.57461406518 -0.385290068161 0.795922371164 0.574322630951 0.264150943396 0.816304734781 28.0 50.9433962264 0.894410533992 -0.0476553273462 13.019047619 13.5840205592 14 16 2.14434021721 1.06841444859 0.234091076055 67.783064771
HYDRO micro 3268.0 22 194274.545455 0.159976840687 0.1063 0.182685765679 0.290586402582 -0.301103333026 0.443013222481 0.139661082759 0.62576499388 0.572538648577 2045.0 79.8347613219 3.89895636449 0.546210021021 22.2858017403 23.0769230769 24 23 2.59517705061 0.384841285698 0.521273827834 5.29033839437
HYDRO micro 5512.0 138 31770.7119433 0.250928989446 0.0481 1.34523862249 0.299168086494 -0.0370145184841 0.579507235881 0.119569534382 0.279027576197 0.849492254398 1538.0 53.1023222061 7.5597927596 0.881680172852 164.004717837 156.131511973 165 179 15.9030811672 1.85876498162 0.247263557788 51.123786201
HYDRO micro 4230.0 27 111402.076923 0.11236650588 0.1862 1.66700883924 0.247596532703 -0.288602659934 0.549175283364 0.196553824373 0.2536643026 0.80108568203 1073.0 48.9125295508 2.0117513116 0.788775011022 38.2026483802 38.5901994302 35 41 3.11378838872 0.415139043613 0.224801218544 84.9199452072
HYDRO micro 900.0 21 3613.12857143 0.231015345958 0.348 0.28021469934 0.496666666667 -0.265774609004 0.754009276317 0.446518709437 0.216666666667 0.863167901235 195.0 42.5555555556 1.68741997247 -0.0848914978697 21.4004449388 21.8472479901 23 23 2.94014103795 0.7 0.192015770361 239.915807512
HYDRO micro 10545.0 85 209326.508403 0.162256569146 0.0692 1.68822500465 0.239048336262 -0.0755874848715 0.541079386123 0.119826703141 0.314461830251 0.830106722729 3316.0 54.7178757705 5.70164826541 0.958263291947 90.2385920225 91.3055975186 96 97 9.06793787183 0.827743222898 0.278563808441 29.9152461356
HYDRO micro 4934.0 25 266084.823333 0.127293107563 0.1323 0.605564520688 0.275597892177 -0.301931223142 0.509875643987 0.173395650357 0.498986623429 0.697679002065 2462.0 67.1868666396 3.66631199867 0.499147382443 29.0008108656 28.6566272825 29 32 2.8222327462 0.355910201233 0.431937687926 7.81180119661
HYDRO micro 1335.0 11 55485.2545455 0.175894782902 0.226 0.506704618195 0.360844399047 -0.584302769084 0.528743803209 0.255328407086 0.580524344569 0.597765153109 775.0 82.0973782772 2.22923875499 0.285441129578 11.0 11.0 11 9 1.38952834774 0.301059303327 0.490893856725 5.94372217033
HYDRO micro 2808.0 43 20773.3111849 0.152002423875 0.1737 1.57106952672 0.336331411913 -0.157934812179 0.644833680263 0.245384978035 0.253561253561 0.866091793086 712.0 45.2635327635 3.21457904725 0.595813283143 58.7198839636 52.1551428571 54 62 5.28952081002 0.811465207804 0.224709918411 85.1187215487
HYDRO micro 8912.0 57 437329.160401 0.120282632538 0.0538 1.84865976543 0.232064395729 -0.129267468963 0.451336607357 0.0928823609673 0.550381508079 0.674104610329 4905.0 65.2378815081 6.69494875478 0.942370906736 103.67190364 90.5979582806 78 95 6.15712501767 0.603791878015 0.469758286741 6.50262912456
HYDRO micro 6781.0 31 177494.064516 0.232729377956 0.2179 1.44936608308 0.425629486564 -0.177862530305 0.703562154267 0.340040940862 0.315145258811 0.851939524719 2137.0 43.2827016664 3.36052878601 0.151868129321 31.0 31.0 31 31 3.4006357451 0.3764565186 0.279165712022 29.6523764213
HYDRO micro 1486.0 17 19557.7573529 0.158129812563 0.2933 0.231488098852 0.369210672156 -0.401047227094 0.648091055274 0.329533299038 0.275235531629 0.799466170575 409.0 53.0955585464 1.43868416734 0.248071326387 17.4002693603 18.3233452239 19 19 2.19062752396 0.441000941515 0.243906881939 54.7273691322
HYDRO micro 3456.0 26 119703.913846 0.180817821316 0.1331 0.419435452929 0.320201210826 -0.238191424805 0.53962462524 0.192067569578 0.485243055556 0.710984720615 1677.0 68.2581018519 3.75811022141 0.685423673378 26.0 26.2480411808 27 28 3.06828763913 0.442268981336 0.421427715077 8.27120573697
HYDRO micro 3805.0 16 159644.5625 0.159374246956 0.2742 1.32903089129 0.40926412615 -0.427038343852 0.646231814308 0.333323561882 0.356373193167 0.77209978571 1356.0 62.3390275953 1.93433279738 0.0438800015697 16.0 16.0 16 15 1.81948936493 0.259383682747 0.315235850041 18.8309630944
HYDRO micro 5359.0 45 63103.0828283 0.196983217791 0.1869 0.80352126392 0.429180402646 -0.134339914008 0.710671150544 0.317240509988 0.25881694346 0.881097978713 1387.0 43.440940474 3.7852391898 -0.0454230313866 45.6667910912 45.8073979592 47 48 5.12430356858 0.614710505369 0.229366135666 75.7879689215
HYDRO micro 5442.0 32 292350.383065 0.154397404926 0.0927 1.80905425974 0.203636071297 -0.207046386415 0.432475304064 0.11214569519 0.482175670709 0.662731074317 2624.0 78.776185226 3.74442299729 0.749722428566 34.8576679707 36.9533179012 37 39 3.60385415815 0.433781183777 0.419058890764 8.38198434345
HYDRO micro 7147.0 41 301008.871951 0.123055492249 0.0938 1.75071617673 0.271568831541 -0.185648536133 0.50436302876 0.137692884589 0.43388834476 0.739892312018 3101.0 67.5808031342 4.40893073232 0.580213671327 47.5463705061 52.7429953638 50 54 4.50732261294 0.484977919005 0.380670027313 10.6661046654
HYDRO micro 3226.0 24 44441.384058 0.134853929576 0.2979 0.254539252222 0.429427567679 -0.309574471065 0.705058508247 0.365219109251 0.222566646001 0.860116328544 718.0 43.1494110353 1.79845911199 -0.0286034948986 26.000620155 25.6875 27 29 2.84688760457 0.422550928342 0.197244422172 196.958940238
HYDRO micro 9681.0 73 209142.711948 0.128986973958 0.0786 1.67580166562 0.264221826965 -0.100154973388 0.559610706748 0.139361973189 0.368350377027 0.825631370712 3566.0 48.0735461213 6.16458010514 0.727056438218 83.0751147842 90.5773391022 90 94 7.84491434103 0.741929688891 0.325591170238 16.9034692839
HYDRO micro 4886.0 29 157846.687192 0.129432395217 0.157 0.438844344855 0.268811664573 -0.256229201874 0.549742982232 0.191682857961 0.321326238232 0.78038307383 1570.0 61.5022513303 2.78428644515 0.628172132552 30.7146366428 32.0959497509 33 34 3.2963943884 0.414878822269 0.284604909243 27.4371736048
HYDRO micro 3724.0 121 4444.79146006 0.228384429325 0.1769 1.43668898412 0.392433267348 -0.0457454599214 0.750719149107 0.296740960683 0.094522019334 0.953275181971 352.0 18.3673469388 3.41905039165 0.446294306015 151.529937288 149.51463942 148 164 14.5940063485 1.98280741417 0.083767958582 574701854.666
HYDRO micro 5301.0 62 76314.9754098 0.170478124914 0.0887 1.10746738693 0.282588190907 -0.102357514787 0.561344156506 0.149878421593 0.346349745331 0.818208550059 1836.0 51.273344652 4.95399475101 0.755768777417 70.1833619211 68.145496215 72 77 7.11316280247 0.851555164878 0.30651974547 20.7648033372
HYDRO micro 9028.0 22 788821.290043 0.14368113984 0.1828 1.56760386843 0.363737060458 -0.324572138283 0.598459045475 0.255187806596 0.441958351794 0.751302819231 3990.0 60.9880372175 3.2439934987 0.0139887772817 22.0 22.5451895044 23 24 2.30564354377 0.231540467386 0.38722670125 10.1976900019
HYDRO micro 9395.0 26 1027029.35538 0.100984538797 0.1168 0.691838631487 0.218950341835 -0.32282167244 0.44348160157 0.12965811517 0.461841405003 0.670648123103 4339.0 77.9457158063 3.15706624238 0.444824986837 40.001490313 45.0314543756 33 39 2.73285782055 0.268240874175 0.403142634962 9.20621862224
HYDRO micro 3229.0 47 31219.213691 0.177322793315 0.1338 1.61768436371 0.33289405191 -0.133933665773 0.614405570547 0.209780812502 0.316506658408 0.840988598123 1022.0 46.6088572313 3.98816370738 0.632473620276 50.2317700886 51.5553139888 54 55 5.69312019923 0.827111073798 0.280364431538 29.1398435176
HYDRO micro 5993.0 11 585188.963636 0.130488535503 0.3581 1.77147591717 0.441393747251 -0.664556201298 0.663695321374 0.391097194179 0.386617720674 0.746158465259 2317.0 62.3894543634 1.31497144395 -0.714790149369 11.0 11.0 12 13 1.14964366674 0.142092300726 0.34123644047 14.5715424873
HYDRO micro 2063.0 92 910.774366937 0.300546720199 0.3582 1.12030906098 0.532656114987 -0.0523835682907 0.855941057596 0.516053003542 0.0935530780417 0.969656498908 193.0 15.3659718856 2.78046097926 -0.0962342016113 100.804267701 99.9790725327 104 109 11.923610517 2.02552782419 0.0829092567195 829284628.07
HYDRO micro 17663.0 45 2063582.52828 0.0953323915866 0.0709 1.72276660296 0.21723879799 -0.18515764149 0.445255506108 0.101052390866 0.524542829644 0.686742536384 9265.0 66.9025646832 5.49442256035 0.950884714281 51.9234688989 52.6006847147 55 59 4.49933297305 0.338594796258 0.451032876164 7.09236110672
HYDRO micro 2011.0 13 72887.7307692 0.111798184869 0.2624 0.641067441525 0.394369429675 -0.614948294917 0.600557814806 0.305538188266 0.457981103928 0.706799326726 921.0 70.0149179513 2.0529972969 -0.218609310844 25.0059701493 25.0059701493 17 21 1.57762146274 0.289892725233 0.400079551371 9.38268660322
HYDRO micro 5921.0 50 124169.717959 0.14097408461 0.1033 0.897612230859 0.22680966053 -0.137888113387 0.532200392677 0.143272140904 0.331700726229 0.806451185044 1964.0 57.2200641783 4.06619138959 0.939377524782 54.7376422475 58.1841288527 60 61 5.64109253371 0.649789177612 0.293713578517 24.284721277
HYDRO micro 2230.0 31 44701.9956989 0.153636255662 0.1068 1.68003763078 0.286850860697 -0.213217968052 0.502267187704 0.153709377907 0.508520179372 0.69806833035 1134.0 65.9192825112 4.3561483021 0.880806156442 41.2903287829 41.434500558 40 46 3.89117329216 0.656461502326 0.439128838014 7.52485197464
HYDRO micro 3147.0 47 9614.69380204 0.158099076248 0.3227 0.247012654795 0.484345104084 -0.143330700665 0.794327876842 0.441106437786 0.181124880839 0.934065349309 570.0 25.4528122021 3.03551481212 -0.12837362089 52.0925273074 54.029853408 55 58 5.71130242996 0.837817613797 0.160517746106 1168.43569548
HYDRO micro 7176.0 45 163358.845455 0.123222148348 0.1373 1.52600889688 0.352861389818 -0.171928576221 0.621683368576 0.219555228251 0.270624303233 0.838195438716 1942.0 53.8740245262 3.87006003052 0.179361567795 53.0011149826 57.124260355 54 59 4.95579353117 0.531216185231 0.239824082018 59.6547917847
HYDRO micro 4285.0 87 23954.5864742 0.166933664837 0.0929 1.48583149068 0.2819833957 -0.0716087827203 0.612897234723 0.16793950995 0.284247374562 0.876307653765 1218.0 42.7537922987 5.75896413409 0.899077330374 153.015406162 149.109229425 121 147 10.2835438117 1.32905771096 0.251882603572 46.7282433663
HYDRO micro 5378.0 48 193644.16844 0.155609797758 0.0621 0.668429579596 0.214066567497 -0.132371262861 0.432181639502 0.0920948634477 0.544068426925 0.66449279401 2926.0 70.3607288955 5.73031521096 1.2196278721 54.0011158639 55.9693682051 58 61 5.47143270659 0.654531931298 0.465236035524 6.63602442197
HYDRO micro 7412.0 85 25020.0428571 0.183170800347 0.2352 1.3669781826 0.414004317323 -0.0738971424502 0.771953011452 0.355497194004 0.119805720453 0.949979562321 888.0 20.6152185645 2.87476394611 -0.0713298385796 93.1829221918 93.3440014409 95 100 9.42670422341 0.98730473624 0.106175055289 707750.320097
HYDRO micro 7416.0 71 200666.622535 0.185689885055 0.0523 1.52120269627 0.144586505006 -0.0746358780404 0.399049896845 0.0639934919294 0.400889967638 0.730507938461 2973.0 68.7971952535 5.23571562091 1.8992937052 75.8843795575 80.0434998757 86 80 7.85511125448 0.824467400245 0.353315017139 13.1308343339
HYDRO micro 6355.0 87 67585.4862336 0.165950884607 0.074 1.39222934581 0.232652359894 -0.0722626138471 0.552380839911 0.125414450989 0.314712824548 0.844585868503 2000.0 49.1738788356 5.70307561905 0.993738181263 117.957252275 121.018121631 113 129 9.82071801517 1.09134352268 0.278784872868 29.8182650707
HYDRO micro 1885.0 68 3706.26404741 0.22225336327 0.1738 1.5898782261 0.390435325324 -0.0816480074825 0.712275868478 0.286498103419 0.161803713528 0.915408396597 305.0 31.8302387268 3.60582168007 0.613254383841 79.4346375493 80.5028471717 84 90 8.8839585425 1.566221695 0.143394807565 4255.6996265
HYDRO micro 2109.0 22 22158.3138528 0.173285496283 0.3029 0.287356082731 0.43407043407 -0.29553003396 0.705913213669 0.374480234941 0.222380275012 0.849928314179 469.0 41.1095305832 1.60572205318 -0.0101087378141 22.0 22.4981793355 23 20 2.7436744916 0.47905391194 0.197079258102 198.147136742
HYDRO micro 4815.0 99 38721.2949907 0.222558908858 0.0581 1.55285776577 0.238553761918 -0.0524280116217 0.526174875696 0.104301596937 0.306334371755 0.826223606784 1475.0 55.036344756 5.97674438771 1.36282758728 104.774784238 111.219005644 117 109 11.5572970421 1.42671441385 0.271399238079 33.3556716595
HYDRO micro 6088.0 120 26449.4745098 0.199172254626 0.0894 1.52796530503 0.318155935173 -0.0491053431464 0.647135646899 0.177790491739 0.205978975033 0.906745740527 1254.0 36.2023653088 5.55449037765 0.689557990215 144.003942829 140.128213643 145 158 13.6560680705 1.53795604755 0.182544099377 356.992204621
HYDRO micro 2599.0 29 22969.8866995 0.180687691534 0.2659 0.178616851237 0.448143185045 -0.218959007312 0.719362875351 0.366851440804 0.253174297807 0.870302470791 658.0 40.2077722201 2.42264535384 0.00126450174815 29.6669232743 29.7664330998 31 32 3.56103523831 0.568846195921 0.224367078944 85.8712415501
HYDRO micro 3851.0 69 20260.8610401 0.179969599217 0.1349 1.55803240716 0.374655180849 -0.0918221001955 0.687862289668 0.255917945843 0.276811217865 0.892606378025 1066.0 36.1983900286 5.52688051188 0.334664593433 92.3393939394 85.8559352735 84 95 8.23634618452 1.11189129826 0.245301759544 53.1843772712
HYDRO micro 6401.0 59 101894.633548 0.143881845481 0.1052 1.60607623844 0.306188916456 -0.118796693583 0.596575253453 0.179103009376 0.342134041556 0.838811532558 2190.0 47.0863927511 5.1499866492 0.613841528812 62.7900657895 66.1051020408 68 68 6.61782445442 0.737442389564 0.302841968861 21.6838956137
HYDRO micro 3904.0 38 107296.253201 0.164957725838 0.0918 1.43412475523 0.221742881795 -0.164768576193 0.472676395918 0.123815810265 0.474897540984 0.713208841079 1854.0 65.9836065574 4.42057571229 1.12755205365 41.3341873772 41.5280276817 44 46 4.47413391164 0.608175179681 0.413404509542 8.65820858131
HYDRO micro 6371.0 51 268881.433725 0.179738721543 0.0559 1.53727369823 0.180443861739 -0.116624348294 0.405762524041 0.0786047826861 0.547166849788 0.6491728764 3486.0 74.4781039083 5.71546691523 1.21461310316 56.0917082917 56.9979188345 59 62 5.70808072255 0.638949263031 0.467459751527 6.56976154541
HYDRO micro 5124.0 62 111141.937599 0.154579283212 0.0588 1.71776804405 0.236817254665 -0.104071210952 0.480566828182 0.102740126792 0.489266198283 0.725651158071 2507.0 63.4074941452 6.49155507882 1.04459654081 86.7107048949 94.4218774988 83 96 7.14144335197 0.866138072152 0.424521833326 8.13066352717
HYDRO micro 5391.0 52 163402.538084 0.166369623215 0.0629 1.46877076778 0.24294408059 -0.123438603778 0.468808758093 0.105391353064 0.514932294565 0.694027890766 2776.0 68.6514561306 5.88729548314 0.846368425487 60.1833361444 60.2893548528 62 67 5.93541833628 0.708220800253 0.443919962606 7.34475891215
HYDRO micro 3439.0 115 5748.15743707 0.207088253846 0.1357 1.28233518771 0.361245053542 -0.0498209644699 0.7180962856 0.256001629449 0.189008432684 0.935896771387 650.0 28.1186391393 5.63032912934 0.652064220848 189.13920542 153.130437775 151 179 13.9998644044 1.96101877849 0.167504361369 765.130499627
HYDRO micro 3888.0 34 36181.9928699 0.149695463798 0.2713 0.70170990833 0.405137981118 -0.207287159594 0.717284841451 0.349879951285 0.182613168724 0.891601545962 710.0 33.7705761317 1.92750055738 -0.0237344139012 40.6683817854 38.2838541667 39 43 3.99242640796 0.545275254235 0.161836706841 1074.44776967
HYDRO micro 771.0 34 1288.95276292 0.244886839211 0.2913 0.515411227075 0.485618371862 -0.157580867 0.760418413906 0.412337144945 0.189364461738 0.899032872901 146.0 35.5382619974 2.29812579056 0.141009164369 106.093506494 45.1076257436 43 52 4.96413161171 1.22448009031 0.167819883846 751.508297391
HYDRO micro 2820.0 17 138039.860294 0.135181488215 0.1748 1.49688700526 0.304171881519 -0.425216453364 0.510848735417 0.203237774053 0.430141843972 0.663444243247 1213.0 81.3475177305 2.35414029934 0.193394504297 17.2858156388 18.520661157 19 18 2.01397391675 0.320128520291 0.377607613545 10.8987416623
HYDRO micro 10483.0 33 731724.541667 0.105369900514 0.1245 1.16630718473 0.249197112786 -0.249098507761 0.50579643047 0.151943032605 0.390918630163 0.756624947316 4098.0 63.3597252695 3.36728926646 0.637558301641 47.001335623 40.5421195652 40 46 3.45665296501 0.322308045805 0.344890578996 14.1070759639
HYDRO micro 3339.0 105 7406.08461538 0.215800906626 0.1212 1.46066289834 0.302306079665 -0.0524481815803 0.673091218326 0.210886054611 0.194070080863 0.92139033006 648.0 31.1171009284 4.79046045777 0.90597930668 149.298981426 135.4259492 136 157 12.818258501 1.81710946078 0.171990129019 597.780725642
HYDRO micro 4232.0 26 72191.2246154 0.157225422694 0.2762 0.460477548181 0.444979642286 -0.262574644009 0.713828711565 0.36936300615 0.280245746692 0.860768034348 1186.0 43.5491493384 2.48723034814 -0.111634666969 26.6668242338 26.9548398545 28 29 2.99385781082 0.399669050236 0.24834168967 50.0427843207
HYDRO micro 6160.0 48 142162.652482 0.138660965537 0.1058 1.51923238509 0.277867965368 -0.149507233457 0.567186948461 0.169920032456 0.388311688312 0.80308183294 2392.0 53.7012987013 4.88089689289 0.577896357574 58.0016236402 57.3890048564 58 64 5.3863058211 0.611576629725 0.342677091316 14.3852367801
HYDRO micro 5975.0 66 74062.4375291 0.155334442749 0.101 0.984738036165 0.330102700647 -0.103038690978 0.614330814433 0.18640023223 0.303263598326 0.850003270251 1812.0 50.9623430962 5.09490219543 0.448678934678 70.7834092662 77.0401610961 77 77 7.47526889789 0.853837020106 0.268689417142 34.8244859138
HYDRO micro 758.0 24 1755.38405797 0.231168543752 0.3722 0.5195431187 0.490325417766 -0.232919165209 0.771643110765 0.461534857992 0.207124010554 0.888064689051 157.0 34.3007915567 1.52129087615 0.0384735324732 24.667547336 26.2068888015 27 26 3.46872240195 0.871719254751 0.183558858027 341.185544294
HYDRO micro 557.0 17 1710.81617647 0.326500065195 0.4 0.29011894133 0.503749075932 -0.267506873272 0.771357158747 0.493398626917 0.247755834829 0.852947148903 138.0 41.8312387792 1.34358006448 0.314005037053 17.0 17.0 17 16 2.53061841086 0.720313117632 0.219566129794 97.5107868351
HYDRO micro 5260.0 18 272561.006536 0.123969634333 0.2491 0.152233199819 0.425644275454 -0.415435767857 0.651430870469 0.327787588736 0.321102661597 0.776972849109 1689.0 63.8783269962 2.19898704454 -0.60328160883 24.0011409013 26.75 21 24 1.98415331313 0.248187344913 0.284408312135 27.5125040742
HYDRO micro 3128.0 20 103291.410526 0.115471475533 0.1995 0.234915811413 0.330882352941 -0.395092154332 0.557665110586 0.227128302624 0.35773657289 0.749421527201 1119.0 67.0396419437 2.29168645548 0.495054157138 22.4007675088 24.7817142857 24 26 2.36079125275 0.357599269926 0.316418064695 18.5922365415
HYDRO micro 5787.0 24 143553.157609 0.102816723825 0.2971 0.156937093831 0.447576464489 -0.349766242998 0.705897552029 0.366310365825 0.283221012614 0.859743162076 1639.0 42.6473129428 2.31530095427 -0.0184285403226 24.285763666 25.4908877131 26 25 2.65485623426 0.31548920269 0.250974515688 47.5454140159
HYDRO micro 3236.0 31 88966.6451613 0.150489767663 0.1123 0.574810611892 0.297878703298 -0.22063834347 0.502369694847 0.153775230068 0.436650185414 0.712864468182 1413.0 73.3621755253 3.63747461988 0.689243607773 35.2870390815 36.3815509977 37 40 3.71190964611 0.544950979299 0.382920112596 10.5009407517
HYDRO micro 581.0 10 8034.76666667 0.335865329307 0.3182 0.867475753493 0.548020654045 -0.433582810726 0.678790746135 0.419221381797 0.519793459552 0.685778274149 302.0 63.5111876076 2.25641511044 0.410527352561 10.0 10.0 10 10 1.41403808944 0.414869906823 0.447527956829 7.21458054153
HYDRO micro 4008.0 18 121765.529412 0.157796760724 0.3013 1.71896390069 0.442198935462 -0.369461824691 0.687995372708 0.370883792302 0.265718562874 0.815584524564 1065.0 52.9690618762 1.7134843399 -0.410471550728 20.0004991265 20.0004991265 20 22 2.04916855978 0.284320810623 0.235479542577 65.6689632205
HYDRO micro 3914.0 43 53690.2613511 0.156400517519 0.1364 1.51917456704 0.283122006869 -0.155874303497 0.582419225495 0.189060320427 0.262391415432 0.829545760159 1027.0 51.4307613694 3.20894589092 0.646510429206 49.2238123633 50.9171867689 51 55 5.07717600802 0.687318517878 0.232532543817 70.2790004671
HYDRO micro 6783.0 33 289839.755682 0.161232343504 0.1307 1.24096556159 0.337782960074 -0.201705890329 0.576532555586 0.203347156665 0.405130473242 0.768109144695 2748.0 62.6271561256 3.79683175957 0.253888157696 33.0 33.2599905014 34 33 3.62722354375 0.400684950926 0.356876655622 12.7537236719
HYDRO micro 3281.0 10 173770.766667 0.154886993943 0.4077 0.291888614881 0.510606522402 -0.658980811515 0.713817931843 0.463766536056 0.382810118866 0.754719687326 1256.0 62.968607132 1.28525631867 -1.07221721678 10.0 10.0 11 12 1.11167332508 0.174580963019 0.337991639752 15.0071355783
HYDRO micro 2396.0 23 30495.8774704 0.156124469996 0.2712 0.272779137646 0.37237787617 -0.296162667183 0.669062404377 0.324934573046 0.256677796327 0.839655198843 615.0 47.3288814691 1.83628196755 0.233503959996 25.0008350731 25.4417945691 26 28 2.82719807134 0.469877261706 0.227471050139 79.3951089374
HYDRO micro 1309.0 18 28547.7418301 0.203017376279 0.164 0.526258136291 0.387997623292 -0.328665107006 0.564975468618 0.242303160624 0.553093964859 0.661213051093 724.0 68.3728036669 3.43888174646 0.312098936396 18.0 18.4285714286 19 17 2.36867152706 0.497510993541 0.471690959314 6.44722354117
HYDRO micro 4049.0 27 45456.2678063 0.15992006887 0.3394 0.160421934852 0.480530172059 -0.251266099736 0.756275793885 0.426623553965 0.199555445789 0.890873536642 808.0 36.4781427513 1.77128166708 -0.254268653545 27.666831357 27.9983471074 29 30 3.13018240221 0.424316456694 0.176851403916 466.467236463
HYDRO micro 1949.0 24 14197.3025362 0.163197335781 0.3265 0.757113424343 0.453907987002 -0.28032449945 0.735553660553 0.40681100595 0.250384812724 0.872370643824 488.0 38.2760389944 1.94274426488 -0.0401684389104 26.001026694 25.7937653341 27 29 3.03627489117 0.543632387185 0.221895548728 91.5947290046
HYDRO micro 8379.0 32 302244.652218 0.108515297514 0.1897 1.68074108849 0.276871494212 -0.254884678878 0.58928677004 0.216400415913 0.228070175439 0.835294665434 1911.0 45.0411743645 2.15797995906 0.561006791153 33.3334924803 35.0418540297 36 36 3.43167713575 0.349585880184 0.202121680624 165.897614964
HYDRO micro 5377.0 34 93210.9171123 0.147454533758 0.2166 0.253745480325 0.358411097376 -0.20779625736 0.670010704434 0.291502370236 0.268551236749 0.86419827471 1444.0 41.2311697973 2.7024627726 0.147478056466 46.0022321429 36.8692810458 38 42 3.84172740747 0.463669894697 0.237988278021 62.0910304468
HYDRO micro 5206.0 30 326176.395402 0.133511886251 0.0872 1.28854672921 0.252529133052 -0.243282635306 0.447335863592 0.12341330904 0.591240875912 0.617653188075 3078.0 73.7610449481 4.63442988875 0.568135425577 36.0011527378 35.48096 36 40 3.38881363243 0.415785340166 0.498231560801 5.77145958316
HYDRO micro 6470.0 115 63780.071701 0.192048919742 0.0477 1.47977937135 0.331489819233 -0.0526066552296 0.60079385312 0.142985423679 0.4114374034 0.817611757033 2662.0 47.171561051 9.70354133712 0.548621101027 141.090989132 134.200972077 140 154 12.9915545736 1.42970257713 0.362149631247 12.230009019
HYDRO micro 9162.0 68 209877.182616 0.143570470611 0.0807 1.61005498332 0.199535806464 -0.0993715818643 0.506303939524 0.1114701463 0.278432656625 0.817776899078 2551.0 54.1584806811 4.36800991027 1.07845131477 80.6329577902 84.4558758747 84 91 7.34422049942 0.710417692915 0.246736995975 51.6647583793
HYDRO micro 1058.0 11 43126.9636364 0.1925077424 0.1909 1.54007608058 0.294294552329 -0.538372743506 0.450046161163 0.194221754015 0.643667296786 0.523809949221 681.0 88.752362949 2.32848239917 0.85839922216 11.0 11.0 11 9 1.43592838459 0.338181504046 0.532880671369 5.07747238379
HYDRO micro 1840.0 43 6823.02657807 0.200532106663 0.2155 0.457938628388 0.403210313448 -0.139698252059 0.714676506857 0.326258336039 0.24347826087 0.892101252363 448.0 36.847826087 3.28703001925 0.31626978268 46.8202580454 48.867037037 50 52 5.58694825524 1.00244266886 0.215775793565 108.383630032
HYDRO micro 2495.0 20 45547.7763158 0.168472665507 0.2645 0.577483990074 0.458517034068 -0.327719165197 0.676458973249 0.346705662962 0.337074148297 0.810979233015 841.0 56.0721442886 2.3961399681 0.166711936224 20.0 20.0 20 18 2.42903261349 0.400400601002 0.298419360841 22.8828448488
HYDRO micro 3801.0 70 29675.9231884 0.182510340147 0.0916 0.691588539009 0.302604577743 -0.0864626554837 0.602071444831 0.172589137815 0.348592475664 0.843985655473 1325.0 44.4882925546 6.06174373917 0.867924206571 82.3561919505 81.6941702104 85 92 8.37071903804 1.13540056293 0.308473545241 20.3028715807
HYDRO micro 795.0 16 7145.29583333 0.195540713421 0.2693 0.63525840465 0.425314465409 -0.371467541743 0.649967674431 0.337488193529 0.411320754717 0.767918990546 327.0 56.6037735849 2.3864951962 0.441010107581 16.0 16.4040863804 17 15 2.24606642524 0.567461521706 0.362052374871 12.2393157438
HYDRO micro 2996.0 21 47410.5333333 0.171780459027 0.3107 1.37556438044 0.459279038718 -0.309512629377 0.710196993413 0.38451639937 0.263684913218 0.846742697428 790.0 44.5927903872 1.77220683315 -0.0394716401912 21.0 21.5857777778 22 22 2.49842806881 0.383661650002 0.233678290655 68.4311401183
HYDRO micro 8885.0 18 515830.369281 0.216349079435 0.3334 1.70245903113 0.573175764397 -0.297525100738 0.772335647425 0.489507447918 0.348677546427 0.833363141676 3098.0 47.9572312887 2.84575309026 -1.18844299562 18.0 18.0 18 17 1.86975100252 0.190960608123 0.308547617291 20.2857008872
HYDRO micro 1954.0 22 18274.3463203 0.210827256675 0.3114 0.415284743311 0.427282032195 -0.262103706327 0.723180557394 0.397621479092 0.236438075742 0.854034817172 462.0 43.1934493347 1.72315852725 -0.126260098552 24.0010240655 23.7131872357 24 26 2.7713136401 0.497691703497 0.209537182532 130.440952826
HYDRO micro 5221.0 29 269184.105911 0.174922275446 0.1109 0.674533630937 0.202471451499 -0.205965831311 0.444052070407 0.12358830084 0.382493775139 0.689014107386 1997.0 76.2497605823 3.10064593306 1.25120566384 29.0 29.3342404951 30 30 3.27085829153 0.401348044501 0.337721651469 15.0444129809
HYDRO micro 2927.0 23 45936.3833992 0.187070264962 0.2693 0.320349054054 0.443398048157 -0.266948547868 0.710550104937 0.376390716846 0.317731465665 0.838561936865 930.0 45.7464981209 2.58517187029 -0.332994157116 23.666894509 25.4436755094 25 26 2.75629355302 0.425124833452 0.281442551894 28.6910037734
HYDRO micro 6350.0 55 143807.585859 0.138949535812 0.0863 1.45897549011 0.245926986399 -0.127692296067 0.52464757148 0.133075930439 0.393700787402 0.789230677661 2500.0 55.0551181102 5.04191007739 0.822392506536 71.1563904673 75.4510681449 70 79 6.167051662 0.690201385652 0.34724791383 13.8211662412
