HYDRO micro 10447.0 41 934923.410976 0.186467489633 0.0665 1.55344593041 0.226401791155 -0.146065941874 0.443191698617 0.104632060931 0.581123767589 0.632958098726 6071.0 68.7661529626 5.53430618439 0.906082885321 41.0 41.0 41 39 4.32242239546 0.401132693185 0.49130668075 5.93375756229
HYDRO micro 4931.0 17 226381.433824 0.142340630744 0.2831 0.24961358136 0.436291409689 -0.422084133789 0.666884375537 0.350973021656 0.380450212939 0.792209226321 1876.0 52.6668018657 2.34549862459 0.105169311193 17.0 17.0 17 17 1.8816230737 0.242092547304 0.335976080285 15.2894047441
HYDRO micro 2779.0 44 34163.4857294 0.228113834424 0.1067 1.52241872721 0.32833098891 -0.122887915607 0.593788323669 0.196729938451 0.422094278517 0.787053883409 1173.0 54.5160129543 5.18032278972 0.826654214471 44.0 44.0 44 34 5.42255141773 0.834657697785 0.370990758143 11.4345859071
HYDRO micro 3350.0 16 96863.5833333 0.162396602518 0.3256 0.183378210729 0.47578358209 -0.421937727098 0.700759913925 0.398606231968 0.320298507463 0.808032078414 1073.0 54.6268656716 1.76977577186 -0.221971759342 16.0 16.0 16 15 1.84803813431 0.276437896186 0.283701101536 27.7862918705
HYDRO micro 202.0 15 380.552380952 0.627715669958 0.338 1.53249487498 0.583498349835 -0.16792536097 0.791859484302 0.538348348396 0.40099009901 0.802764434859 81.0 50.0 3.01725766364 1.49231496366 15.0 15.0 15 15 2.63739524796 1.0553963171 0.353399266344 13.1216834627
HYDRO micro 6212.0 41 210796.206098 0.187949872218 0.1004 1.25456397097 0.31754040174 -0.148639475308 0.557123597089 0.172906451667 0.44397939472 0.757105506696 2758.0 58.6123631681 4.81611591764 0.562163338553 41.0 41.0 41 37 4.5796781764 0.520197347266 0.388860116965 10.086887574
HYDRO micro 10206.0 40 1186746.79744 0.209586994835 0.0533 1.7344119147 0.19670781893 -0.136694090192 0.369174527852 0.0744453894395 0.66607877719 0.530663952598 6798.0 80.9915735842 5.65337973588 1.2247101939 40.0 40.0 40 38 4.22501747041 0.395942580611 0.547101300755 4.8393168423
HYDRO micro 6775.0 92 60863.0897038 0.225497518372 0.0826 1.50264725858 0.307988127707 -0.0577084862343 0.602938073782 0.156891799654 0.261402214022 0.868466692992 1771.0 45.8597785978 5.3775740348 1.07406633781 92.0 92.0 92 78 10.3162969319 1.11772040018 0.231656303156 71.7426181362
HYDRO micro 614.0 11 4835.76363636 0.299508860261 0.4148 1.63179988418 0.55256144507 -0.432227870918 0.756223190509 0.51309150551 0.379478827362 0.780819955649 233.0 57.654723127 1.65734536408 -0.362272078463 11.0 11.0 11 10 1.5576336293 0.443923871749 0.33514546285 15.4084540458
HYDRO micro 5714.0 47 169748.46716 0.232820872063 0.0817 1.63816534326 0.298918669338 -0.113411141918 0.533606510006 0.147883764379 0.457997899895 0.739566336035 2617.0 65.8907945397 5.21678093384 0.810428734656 47.0 47.0 47 43 5.31750438186 0.621767102472 0.400092907123 9.38190335877
HYDRO micro 2880.0 22 46194.7532468 0.163052970119 0.2799 0.200236992944 0.377588383838 -0.302637167756 0.669268555881 0.329277356739 0.243402777778 0.837588252315 701.0 44.7222222222 1.67110198051 0.388217552749 22.0 22.0 22 19 2.63635425938 0.409945795875 0.215708906761 108.590858028
HYDRO micro 2825.0 11 136935.963636 0.163402007921 0.3463 0.343962066606 0.466355591311 -0.599120971735 0.673587745279 0.402885774683 0.397168141593 0.737505395881 1122.0 67.8584070796 1.51804880406 -0.541659313566 11.0 11.0 11 10 1.25845308544 0.206958591044 0.350178535215 13.4798218927
HYDRO micro 1589.0 17 24170.6397059 0.169513206493 0.2775 0.306288854508 0.397327212823 -0.37488195057 0.644519502687 0.325586328986 0.365009439899 0.788011189261 580.0 54.4996853367 2.03038803424 0.510938538399 17.0 17.0 17 15 2.17071001735 0.426468513878 0.32270974767 17.4045541296
HYDRO micro 3418.0 20 71751.2526316 0.24357949502 0.3 0.236196240989 0.439847864248 -0.265804149408 0.719391077644 0.401514709969 0.322995904037 0.83330856742 1104.0 46.6647162083 2.32472063047 0.0747156731798 20.0 20.0 20 19 2.33506718029 0.342092825799 0.286072718713 26.8852206193
HYDRO micro 4965.0 66 29040.5475524 0.257524757661 0.1652 1.0217474031 0.336052366566 -0.0756498564496 0.686511680749 0.257654462614 0.158912386707 0.908274781476 789.0 31.641490433 3.13736614612 0.904445238708 66.0 66.0 66 61 7.63792155418 0.936665036034 0.140832435887 5369.79495833
HYDRO micro 1055.0 10 47590.9444444 0.248879016798 0.2063 0.365106022235 0.387677725118 -0.521869407079 0.504216645805 0.243681148472 0.676777251185 0.51517620898 714.0 81.2322274882 2.48373748426 0.723710006536 10.0 10.0 10 10 1.2928626998 0.307874535904 0.553773283983 4.73527984584
HYDRO micro 1817.0 24 20437.6938406 0.193766643095 0.2264 1.71792018247 0.364084571638 -0.251111608281 0.642817102017 0.291869610934 0.308200330215 0.815953044217 560.0 53.1095211888 2.31480621627 0.561081411442 24.0 24.0 24 19 3.0646472405 0.563032906618 0.273045144287 32.5110908487
HYDRO micro 5774.0 115 21025.0788711 0.256439711825 0.1079 1.50851860837 0.375397960874 -0.044715251785 0.70648031122 0.241802990102 0.233806719778 0.919410963879 1350.0 32.3172843782 6.83485741719 0.655940784664 115.0 115.0 115 92 13.1622694592 1.51341993611 0.207205347153 140.334908508
HYDRO micro 4603.0 20 186173.186842 0.25536290962 0.2305 0.417592445215 0.426558766022 -0.255491349227 0.668033596441 0.336752460479 0.370410601781 0.783049092514 1705.0 61.8292417988 2.616225131 0.0811202822565 20.0 20.0 20 20 2.25266253168 0.29478780152 0.327365124808 16.6072423902
HYDRO micro 850.0 13 10381.0897436 0.270723156434 0.3085 0.96217694391 0.493574660633 -0.392795279733 0.69051437476 0.40645975394 0.429411764706 0.750657439446 365.0 63.2941176471 2.20478364321 0.150941809384 13.0 13.0 13 13 1.77903328783 0.445896321371 0.377009496561 10.9452713309
HYDRO micro 10810.0 100 228725.40404 0.21741498466 0.0491 1.63079129321 0.245892691952 -0.0533408895199 0.504930620063 0.0932288985684 0.359296947271 0.796224792715 3884.0 60.5920444033 6.61022443658 1.26788623155 100.0 100.0 100 85 10.6586543323 0.961805271458 0.317770052403 18.3255034633
HYDRO micro 2781.0 67 17030.1325192 0.322838273734 0.0931 1.10590158598 0.395573373692 -0.0662757148942 0.66351857344 0.231503876145 0.368212873067 0.839743050165 1024.0 48.2560230133 6.66240779607 0.723122893734 67.0 67.0 67 60 8.32223087395 1.27049894357 0.325472692669 16.9235793461
HYDRO micro 3002.0 77 4422.43403964 0.277300537293 0.2583 1.54263980234 0.45061733736 -0.0647906561811 0.793884651204 0.400691609303 0.121585609594 0.949717732038 365.0 21.6855429714 2.9419389758 0.343522699949 77.0 77.0 77 65 9.49165444836 1.40535285803 0.107752440969 511668.153708
HYDRO micro 4423.0 110 24620.6806505 0.343689759467 0.0622 1.1622260107 0.375257435307 -0.0383468087943 0.650603935351 0.186129903259 0.354284422338 0.853728498427 1567.0 46.2355867059 8.70076043225 0.989094145232 110.0 110.0 110 96 12.9845787028 1.65399508805 0.313423020605 19.2073389008
HYDRO micro 3332.0 43 17007.8748616 0.201337128521 0.2655 1.45000224452 0.404820067562 -0.138796376911 0.737035099203 0.356970621101 0.153361344538 0.912402956381 511.0 29.6518607443 2.14036422218 0.365362976905 43.0 43.0 43 39 5.17794373289 0.744930848326 0.135912952853 8694.43988815
HYDRO micro 5356.0 30 163837.154023 0.135000577413 0.1675 1.6938884242 0.360107045059 -0.242919638586 0.616829447005 0.246535079754 0.390403286034 0.801040383263 2091.0 52.6138909634 3.77334953299 0.42545905235 30.0 30.0 30 25 3.37760216463 0.409921757958 0.344453364285 14.1612600629
HYDRO micro 3965.0 17 180176.066176 0.189555972341 0.2429 0.797385564152 0.368399970329 -0.361074973736 0.620227365638 0.29977478752 0.368978562421 0.757805450911 1463.0 63.5813366961 2.0319383684 0.206815032954 17.0 17.0 17 16 1.93114009819 0.269977347142 0.326132307279 16.8121419078
HYDRO micro 4497.0 23 79475.4426877 0.168742341819 0.3346 1.00425733679 0.470245864393 -0.280924494522 0.73173676984 0.405365945166 0.225261285301 0.870062808161 1013.0 42.3171002891 1.74195658893 0.181056654625 23.0 23.0 23 23 2.61557084448 0.342978101645 0.19963243477 180.827145035
HYDRO micro 2896.0 62 7951.32416711 0.236923412203 0.2181 1.24647745917 0.391106754589 -0.0867879785413 0.741456698632 0.333270612403 0.166091160221 0.926038439379 481.0 30.5939226519 3.19757868156 0.60231961122 62.0 62.0 62 51 7.65265885807 1.15210592668 0.147194458263 3078.41922373
HYDRO micro 1532.0 10 54264.4 0.213462966685 0.3246 1.46110235805 0.438903394256 -0.573516981364 0.642789592992 0.37703190875 0.437336814621 0.691915378795 670.0 76.1096605744 1.52921862505 -0.228918596074 10.0 10.0 10 9 1.22710606112 0.255488065154 0.383478522378 10.4606819317
HYDRO micro 4196.0 56 34896.8675325 0.225336075412 0.1408 1.52737525529 0.389197194607 -0.0989650156281 0.676060842705 0.258205925983 0.279790276454 0.873129886287 1174.0 45.90085796 4.60875527633 0.577512815245 56.0 56.0 56 48 6.59323246659 0.864510529532 0.247938590301 50.442832618
HYDRO micro 3266.0 20 212203.8 0.183635651205 0.1168 0.267770630522 0.301163502756 -0.305538676897 0.455529292122 0.153385711973 0.626148193509 0.572015146873 2045.0 79.8836497244 3.68887255055 0.657630771805 20.0 20.0 20 17 2.34819498049 0.349962818426 0.521524649344 5.28554678661
HYDRO micro 5485.0 111 39106.2085176 0.309383607111 0.0593 1.50534215659 0.323498156315 -0.040007906524 0.599235664464 0.143749358396 0.280401093892 0.848007751313 1538.0 53.3637192343 6.75815702196 1.16407174101 111.0 111.0 111 98 12.776179815 1.49876886578 0.24847917172 49.9074516935
HYDRO micro 4222.0 19 145609.619883 0.139122773593 0.2636 1.28725977003 0.323792664988 -0.373431493516 0.609863864998 0.279096200567 0.254144954998 0.8003315964 1073.0 49.0052108006 1.45662413381 0.589785566051 19.0 19.0 19 17 2.15618848963 0.292411525486 0.225227068006 84.0016989502
HYDRO micro 898.0 19 3799.42690058 0.286799040893 0.3829 0.271887394642 0.52848435119 -0.259831254131 0.775474062196 0.489408357093 0.21714922049 0.862560205555 195.0 42.6503340757 1.5583424808 -0.0357883964543 19.0 19.0 19 17 2.64699262213 0.634038212053 0.192443418481 235.94547426
HYDRO micro 10534.0 74 238247.765272 0.180318293935 0.0794 1.67756747973 0.260828514104 -0.0815025312201 0.556594809257 0.136643885323 0.314790203152 0.82975181867 3316.0 54.7750142396 5.29715387534 1.03399835293 74.0 74.0 74 64 7.88135779683 0.720999664648 0.278853021924 29.7884703242
HYDRO micro 4930.0 21 310121.490476 0.159838464196 0.1573 1.06216419824 0.312943108278 -0.318095632561 0.53697986828 0.206433728553 0.49939148073 0.697188385881 2462.0 67.2413793103 3.31272957929 0.596855486539 21.0 21.0 21 20 2.35208494366 0.299085828245 0.432244722617 7.79911838299
HYDRO micro 1335.0 11 55485.2545455 0.175894782902 0.226 0.506704618195 0.360844399047 -0.584302769084 0.528743803209 0.255328407086 0.580524344569 0.597765153109 775.0 82.0973782772 2.22923875499 0.285441129578 11.0 11.0 11 9 1.38952834774 0.301059303327 0.490893856725 5.94372217033
HYDRO micro 2797.0 32 26172.9586694 0.190064565056 0.2315 1.68863271266 0.396943153379 -0.191138875464 0.692417043038 0.323233912302 0.254558455488 0.865037863618 712.0 45.441544512 2.69577407935 0.413450612898 32.0 32.0 32 29 3.90610101434 0.605067386928 0.225593418815 83.2233184336
HYDRO micro 8891.0 36 676799.456349 0.143952008575 0.0848 1.77755854777 0.315353228608 -0.195429611281 0.503763404763 0.145184728285 0.55168147565 0.672563567806 4905.0 65.3919694073 5.26079663954 0.5823381536 36.0 36.0 36 32 3.84920156438 0.381792326694 0.470685308578 6.47593628791
HYDRO micro 6781.0 31 177494.064516 0.232729377956 0.2179 1.44936608308 0.425629486564 -0.177862530305 0.703562154267 0.340040940862 0.315145258811 0.851939524719 2137.0 43.2827016664 3.36052878601 0.151868129321 31.0 31.0 31 31 3.4006357451 0.3764565186 0.279165712022 29.6523764213
HYDRO micro 1484.0 15 21142.7809524 0.190474411574 0.3316 0.324675378785 0.399415992812 -0.411407644427 0.674826709495 0.372721522957 0.275606469003 0.79892619205 409.0 53.167115903 1.25338807692 0.255110442971 15.0 15.0 15 13 1.91715259928 0.389380598738 0.244235266456 54.3580543459
HYDRO micro 3455.0 25 123937.416667 0.193843808245 0.1383 0.510694267361 0.327641099855 -0.237719783668 0.545535277928 0.199553908937 0.485383502171 0.710817477554 1677.0 68.2778581766 3.67515664297 0.788871873129 25.0 25.0 25 25 2.94566075674 0.425320173942 0.42153597448 8.26620986345
HYDRO micro 3805.0 16 159644.5625 0.159374246956 0.2742 1.32903089129 0.40926412615 -0.427038343852 0.646231814308 0.333323561882 0.356373193167 0.77209978571 1356.0 62.3390275953 1.93433279738 0.0438800015697 16.0 16.0 16 15 1.81948936493 0.259383682747 0.315235850041 18.8309630944
HYDRO micro 5357.0 43 65413.0586932 0.225312345802 0.1954 0.870945660466 0.440245538331 -0.130784264015 0.718578148016 0.331433409335 0.258913571029 0.881009249289 1387.0 43.4571588576 3.69883180124 0.0703275050861 43.0 43.0 43 42 4.89159332637 0.587499677296 0.229451736315 75.6307705086
HYDRO micro 5437.0 27 342057.165242 0.192276016286 0.1096 1.68592944304 0.220178611571 -0.213743588329 0.452508391565 0.132434016476 0.482619091411 0.662110636495 2624.0 78.8486297591 3.37911457136 1.02281042089 27.0 27.0 27 24 3.02291038769 0.366171127796 0.419401849679 8.36577059112
HYDRO micro 7138.0 32 377224.834677 0.151861406978 0.1198 1.83397858074 0.305022415242 -0.214873546971 0.537519477029 0.175561167396 0.434435416083 0.739236157752 3101.0 67.6660128888 3.83361464503 0.477829964262 32.0 32.0 32 27 3.49367108363 0.378757905706 0.381116234319 10.6329714599
HYDRO micro 3223.0 21 48056.1619048 0.172448072807 0.3398 0.320774885707 0.473265073948 -0.310894989409 0.733891514764 0.417020049353 0.222773813217 0.859856085965 718.0 43.1895749302 1.61172411817 -0.0866312849625 21.0 21.0 21 20 2.47583955627 0.36990409739 0.197428016023 195.649662237
HYDRO micro 9664.0 56 266807.049351 0.148308095624 0.1021 1.74005757054 0.296002838221 -0.123467954301 0.593068213413 0.179711923671 0.368998344371 0.825017547373 3566.0 48.1581125828 5.38306126628 0.535160935092 56.0 56.0 56 43 5.99379070298 0.56965192114 0.326149344641 16.8092804035
HYDRO micro 4882.0 25 178731.376667 0.149291272472 0.1818 0.645863363245 0.295657517411 -0.275801440737 0.57314587906 0.221973946739 0.321589512495 0.78002321397 1570.0 61.5526423597 2.51991904955 0.640451549559 25.0 25.0 25 22 2.82575336245 0.357800646652 0.284836398581 27.3489033424
HYDRO micro 3697.0 94 5403.85781286 0.308814083811 0.2244 1.38007905308 0.441959840929 -0.0494726340373 0.783408935388 0.367065657974 0.0952123343251 0.952592182112 352.0 18.5014876927 2.96180399548 0.532730926225 94.0 94.0 94 83 11.3203730641 1.54597735534 0.0843797343141 445529996.186
HYDRO micro 5291.0 52 89609.4068627 0.197602529616 0.1054 1.43278148056 0.305471555472 -0.112265633017 0.582860832734 0.176556903532 0.347004347004 0.817521085523 1836.0 51.3702513703 4.50413131639 0.795208762486 52.0 52.0 52 47 5.94838027585 0.714882165854 0.30709021813 20.628108705
HYDRO micro 9027.0 21 819484.428571 0.169136042148 0.1914 1.2101789977 0.374463909858 -0.312995464046 0.607302959397 0.267656462367 0.442007311399 0.751247727713 3990.0 60.9947933976 3.1589994172 0.225939460745 21.0 21.0 21 21 2.19587770035 0.221028142283 0.387266311775 10.1949762872
HYDRO micro 9388.0 19 1357328.54386 0.156795015356 0.1596 1.27191923318 0.260792052564 -0.347288018572 0.488519849461 0.178556625789 0.462185769067 0.670156868344 4339.0 78.0038346826 2.56650846005 0.605819043881 19.0 19.0 19 18 1.96781796458 0.196095243939 0.403415242974 9.19081601026
HYDRO micro 3222.0 40 35855.9974359 0.207480193716 0.1565 1.52254791724 0.357184978274 -0.144325811275 0.637311983624 0.243479872769 0.317194289261 0.840297597099 1022.0 46.7101179392 3.6469440857 0.668350145518 40.0 40.0 40 34 4.82807260459 0.704688563442 0.280969748497 28.8864516633
HYDRO micro 5992.0 10 614064.177778 0.22304461751 0.3938 1.55739153942 0.477603471295 -0.56479123642 0.690579880244 0.433814689332 0.386682242991 0.746073759227 2317.0 62.3998664887 1.18538931471 0.00168900560827 10.0 10.0 10 10 1.03469915046 0.129185597332 0.341291347537 14.564363822
HYDRO micro 2051.0 80 968.942879747 0.403771256046 0.4072 0.962373522341 0.572684056558 -0.0502336761665 0.876887128679 0.577771237805 0.0941004388103 0.969303245067 193.0 15.4558751828 2.65822437931 0.0234968321443 80.0 80.0 80 73 10.3591847225 1.7664736225 0.0833943425706 673198239.567
HYDRO micro 17653.0 35 2612555.18151 0.102359911075 0.0911 1.8177200884 0.266107743726 -0.234048040648 0.475281613177 0.129951505809 0.524839970543 0.68638756231 9265.0 66.9404633773 4.80102316388 0.753584485111 35.0 35.0 35 29 3.47695864821 0.263426088788 0.451251500994 7.08487140296
HYDRO micro 5911.0 40 151589.050641 0.155978782253 0.1287 0.586358769889 0.260264760616 -0.1648179276 0.560906640828 0.177380216748 0.332261884622 0.805796040581 1964.0 57.3168668584 3.5747063597 0.853693178902 40.0 40.0 40 31 4.49072304663 0.520270871501 0.294205426501 24.1316136032
HYDRO micro 2221.0 22 60821.2835498 0.182103050864 0.1493 1.65971476151 0.342106340305 -0.280770427348 0.548838322996 0.212129853041 0.510580819451 0.695618204601 1134.0 66.1864025214 3.59552759164 0.693319824452 22.0 22.0 22 19 2.72525079508 0.466818868428 0.440672526739 7.46589744127
HYDRO micro 3139.0 39 10535.0985155 0.219877449647 0.3869 0.394161756633 0.560459398306 -0.143394997393 0.830612938061 0.525476021947 0.181586492514 0.93372965318 570.0 25.5176807901 2.86446218564 -0.35329642224 39.0 39.0 39 34 4.71952393562 0.696095697082 0.160926838784 1138.20168985
HYDRO micro 7167.0 36 197293.792857 0.170536437508 0.1712 1.25124526092 0.405295102553 -0.181721794808 0.657763054758 0.273152839665 0.270964141203 0.837788984826 1942.0 53.9416771313 3.41580110606 0.0719406140971 36.0 36.0 36 32 3.94266578302 0.425239695537 0.240125008788 59.2691811518
HYDRO micro 4251.0 53 37118.2060958 0.209425464412 0.1501 1.20015435803 0.388778666951 -0.109356130381 0.676066449165 0.262426990673 0.286520818631 0.874323010662 1218.0 43.0957421783 4.47589998502 0.535857365541 53.0 53.0 53 45 6.223885468 0.812887260008 0.253893778359 44.9936570754
HYDRO micro 5368.0 38 241770.955903 0.166640277158 0.0781 1.34866944178 0.245264334458 -0.161729919457 0.455883416073 0.114877228182 0.545081967213 0.663241949867 2926.0 70.4918032787 5.05457557197 1.16175494317 38.0 38.0 38 31 4.30823152627 0.518653535911 0.46596434446 6.61417729368
HYDRO micro 7402.0 75 27263.1344144 0.251300546752 0.2658 1.19579915759 0.440122489417 -0.0703904300673 0.792303913835 0.399901893705 0.119967576331 0.949844499697 888.0 20.6430694407 2.67998102774 0.0997922735121 75.0 75.0 75 70 8.30573592356 0.871739495903 0.106318496326 686777.603843
HYDRO micro 7401.0 56 251693.337338 0.183965707955 0.066 1.66244714057 0.160335475901 -0.0942383882508 0.418443839486 0.0798023298198 0.401702472639 0.729414717545 2973.0 68.9366301851 4.58783495414 1.83707966195 56.0 56.0 56 35 6.17327571968 0.65094279583 0.353998443013 13.0569312273
HYDRO micro 6329.0 61 93664.5551913 0.195530209602 0.1046 1.1341392088 0.27678731004 -0.0960485495039 0.592803924722 0.173966860203 0.316005688102 0.84330698929 2000.0 49.375888766 4.72402849674 0.886887877875 61.0 61.0 61 51 6.85487289554 0.766765011405 0.279923368651 29.3267504913
HYDRO micro 1869.0 52 4576.09464555 0.27274030373 0.2235 1.54095852326 0.453286413961 -0.0958943090662 0.748649288028 0.358063910975 0.163188871054 0.913958446233 305.0 32.1027287319 3.11025308205 0.511714968964 52.0 52.0 52 42 6.77006834763 1.20281460535 0.144622371461 3822.82533337
HYDRO micro 2108.0 21 22794.847619 0.189697203715 0.317 0.326634070769 0.442373723683 -0.294760642434 0.715691107043 0.391845661644 0.222485768501 0.849786122443 469.0 41.1290322581 1.5384207473 -0.00742705905304 21.0 21.0 21 17 2.61318524884 0.457387183962 0.197172747628 197.473359444
HYDRO micro 4797.0 81 46809.55 0.236322871711 0.0705 1.43822537394 0.25698932203 -0.0615503639498 0.544174204322 0.124102399994 0.307483844069 0.824917804188 1475.0 55.2428601209 5.36923401532 1.38039058866 81.0 81.0 81 55 9.43869719383 1.16949982093 0.272413220203 32.8312764311
HYDRO micro 6063.0 95 32652.9782755 0.246911618806 0.112 1.22671488014 0.350868512201 -0.0550131392489 0.6743452292 0.218733819847 0.20682830282 0.90597579122 1254.0 36.3516411018 4.91873891776 0.76335399574 95.0 95.0 95 83 10.7922424368 1.22005615767 0.183296794598 345.176506367
HYDRO micro 2597.0 27 24087.9259259 0.210735244757 0.2851 0.200357962973 0.462884524879 -0.216197491644 0.73345495969 0.392925909148 0.253369272237 0.870102925253 658.0 40.2387370042 2.3179095949 0.0473241901464 27.0 27.0 27 26 3.30699935336 0.529819318088 0.224539824926 85.4908615807
HYDRO micro 3836.0 54 24908.602376 0.251366884173 0.1711 1.62103806732 0.425568686518 -0.0979577839191 0.723914720358 0.319843210819 0.277893639208 0.89176586773 1066.0 36.3399374348 4.93163825634 0.374400924666 54.0 54.0 54 50 6.42254108454 0.871875473023 0.246259894875 52.1624905736
HYDRO micro 6392.0 50 118105.72898 0.162793127266 0.1237 1.67456706203 0.334568210263 -0.131961400467 0.619177311123 0.209612895924 0.342615769712 0.838357523328 2190.0 47.1526908636 4.72740749256 0.542541612745 50.0 50.0 50 41 5.5918183789 0.625390991593 0.303262559038 21.5753578378
HYDRO micro 3898.0 32 125684.350806 0.181960044233 0.1086 1.46104153722 0.245013468445 -0.184086042704 0.492761264897 0.145700098202 0.47562852745 0.712325669371 1854.0 66.085171883 4.01279497799 1.19320509991 32.0 32.0 32 28 3.74929600313 0.512541529935 0.413974556559 8.62957838919
HYDRO micro 6363.0 43 316627.689922 0.204306195203 0.0661 1.609759628 0.194862011118 -0.126443091332 0.421440959496 0.0923784619518 0.547854785479 0.648290351587 3486.0 74.5717428886 5.2121895049 1.42587157391 43.0 43.0 43 38 4.79547567793 0.539060480352 0.467952372444 6.55525869795
HYDRO micro 5103.0 41 164199.354878 0.177477553724 0.0882 1.50833079511 0.298212911582 -0.151751148846 0.52571165034 0.151116185956 0.491279639428 0.723389303223 2507.0 63.6684303351 5.2259300398 0.792436887654 41.0 41.0 41 33 4.68516626685 0.573946051607 0.426064875903 8.06227343055
HYDRO micro 5381.0 42 200073.473287 0.197979176824 0.0775 1.5114647075 0.273338289042 -0.138696365236 0.491748984753 0.128876289231 0.515889239918 0.692889948013 2776.0 68.7790373537 5.25466107936 0.933372853 42.0 42.0 42 37 4.77264209273 0.572555768276 0.444631865101 7.3187121502
HYDRO micro 3403.0 79 7839.84031159 0.276141808744 0.1934 1.22580631392 0.450637375064 -0.0628297518324 0.765931367385 0.351394220589 0.191007934176 0.934536422677 650.0 28.4161034381 4.74028852598 0.506939080918 79.0 79.0 79 71 9.5912496232 1.35424149488 0.169276373056 692.539429803
HYDRO micro 3883.0 29 39953.0246305 0.211618665986 0.3173 0.742964315745 0.444057651833 -0.202550252317 0.748592307818 0.408489096358 0.18284831316 0.891322536232 710.0 33.8140612928 1.69655829371 0.0553885825245 29.0 29.0 29 28 3.38804078219 0.465387058911 0.16204509816 1060.49123743
HYDRO micro 762.0 25 1532.67666667 0.404033014107 0.387 0.600531127235 0.548398950131 -0.158737226769 0.814856853505 0.532330508566 0.191601049869 0.896649237743 146.0 35.9580052493 1.89664114346 0.225403051077 25.0 25.0 25 25 3.61666565555 0.905654445003 0.169802008016 672.736038354
HYDRO micro 2818.0 15 153358.266667 0.163509450084 0.1978 1.15635252008 0.319280813816 -0.431570500916 0.532494857256 0.230660150257 0.430447125621 0.662966602713 1213.0 81.4052519517 2.14372615289 0.174772507031 15.0 15.0 15 12 1.76238456438 0.282566560113 0.377857585747 10.8794031051
HYDRO micro 10476.0 26 900970.233846 0.13414904135 0.1578 1.65399193944 0.289386730108 -0.27862943666 0.541067139952 0.193160819898 0.391179839633 0.756299658952 4098.0 63.4020618557 2.90300705076 0.684163698632 26.0 26.0 26 25 2.70070499687 0.254024498763 0.345112120926 14.0797604394
HYDRO micro 3308.0 74 9979.52684191 0.2662696459 0.1687 1.44583424892 0.356269812739 -0.0665582020607 0.714797569122 0.283330763922 0.195888754534 0.919912922248 648.0 31.4087061669 3.99223019267 0.891854722901 74.0 74.0 74 64 9.00778723141 1.28661606348 0.173601885821 549.411982599
HYDRO micro 4230.0 24 76003.5 0.197377731901 0.299 0.712191079938 0.467553191489 -0.25234085722 0.730762194438 0.400006151449 0.280378250591 0.860636453565 1186.0 43.5697399527 2.37482681836 0.0335897955011 24.0 24.0 24 23 2.7545051131 0.369012483212 0.248458955528 49.9273166893
HYDRO micro 6150.0 38 175049.704125 0.176734824367 0.1332 1.51049427534 0.32028241335 -0.166335837569 0.600247468269 0.21288906588 0.388943089431 0.802441192412 2392.0 53.7886178862 4.3141085544 0.607061647305 38.0 38.0 38 34 4.24107296741 0.484558301928 0.343213602194 14.3169283199
HYDRO micro 5964.0 55 87189.8430976 0.185989272605 0.1208 1.44103769985 0.364895433205 -0.1126991108 0.639003718365 0.221201592452 0.303822937626 0.84944976139 1812.0 51.0563380282 4.63054696873 0.380126409467 55.0 55.0 55 44 6.21153973059 0.71218672146 0.269183114238 34.5493164369
HYDRO micro 755.0 21 1858.34761905 0.284908800348 0.4221 0.306757134074 0.526773888363 -0.236610694711 0.798731164589 0.518941693918 0.207947019868 0.887178632516 157.0 34.4370860927 1.35333716632 -0.0226317563239 21.0 21.0 21 17 3.01808538658 0.764268251509 0.184288228862 330.398334215
HYDRO micro 557.0 17 1710.81617647 0.326500065195 0.4 0.29011894133 0.503749075932 -0.267506873272 0.771357158747 0.493398626917 0.247755834829 0.852947148903 138.0 41.8312387792 1.34358006448 0.314005037053 17.0 17.0 17 16 2.53061841086 0.720313117632 0.219566129794 97.5107868351
HYDRO micro 5257.0 15 309158.552381 0.278117014891 0.2986 0.308555090408 0.464028913829 -0.328012649142 0.693669550886 0.395973529089 0.321285904508 0.776718336257 1689.0 63.9147802929 1.92880742909 0.00597670434148 15.0 15.0 15 15 1.63411742085 0.206881792551 0.284569443548 27.4507382007
HYDRO micro 3124.0 16 122786.066667 0.140350700477 0.2488 0.266131859125 0.380281690141 -0.449888452051 0.599140402374 0.28436449547 0.358194622279 0.748779840023 1119.0 67.1254801536 1.93358456082 0.344587631134 16.0 16.0 16 14 1.86407894145 0.286262506786 0.316815058622 18.5132282684
HYDRO micro 5785.0 22 151234.235931 0.115186186056 0.3239 0.187583722556 0.481346743144 -0.358814143524 0.724938353806 0.400047243493 0.283318928263 0.859646225411 1639.0 42.6620570441 2.20013682418 -0.134560060436 22.0 22.0 22 19 2.42409589002 0.289248422566 0.251061151234 47.4665076882
HYDRO micro 3230.0 25 107894.75 0.18129343796 0.1388 1.24094924832 0.328111455108 -0.248356267001 0.5316970075 0.189044851792 0.43746130031 0.711797295095 1413.0 73.4984520124 3.19438119674 0.69416949138 25.0 25.0 25 22 2.97020975545 0.439884589424 0.383579719529 10.4534166318
HYDRO micro 581.0 10 8034.76666667 0.335865329307 0.3182 0.867475753493 0.548020654045 -0.433582810726 0.678790746135 0.419221381797 0.519793459552 0.685778274149 302.0 63.5111876076 2.25641511044 0.410527352561 10.0 10.0 10 10 1.41403808944 0.414869906823 0.447527956829 7.21458054153
HYDRO micro 4006.0 16 130630.516667 0.270667740138 0.3386 1.07079746492 0.474163754368 -0.315339339124 0.715906485979 0.418561548541 0.265851223165 0.815400463957 1065.0 52.9955067399 1.54786119208 0.399549666528 16.0 16.0 16 16 1.80819869484 0.252792689341 0.23559703835 65.4945903086
HYDRO micro 3906.0 35 63980.5411765 0.188978940709 0.1669 1.21512912513 0.308243727599 -0.173033431813 0.61206189229 0.229759168202 0.262928827445 0.828847344233 1027.0 51.5360983103 2.81813802145 0.660103774379 35.0 35.0 35 31 4.11111168716 0.56001792086 0.233008575312 69.5023642008
HYDRO micro 6782.0 32 297797.608871 0.172689467623 0.1347 1.46823603945 0.341455322914 -0.200217715507 0.581319371031 0.209628165007 0.405190209378 0.768040777185 2748.0 62.6363904453 3.73112558904 0.313234133967 32.0 32.0 32 30 3.51393153366 0.388571626822 0.356926736012 12.7485600701
HYDRO micro 2393.0 20 33378.1342105 0.201322163661 0.311 0.199708555736 0.4168616799 -0.295749383462 0.697479885075 0.372661828711 0.256999582115 0.839253436117 615.0 47.3882156289 1.63100394709 0.36515806206 20.0 20.0 20 19 2.44206424677 0.408844958082 0.227756128696 78.8365539127
HYDRO micro 1308.0 17 29991.5588235 0.22406670621 0.1734 0.303851124054 0.400431732326 -0.328796691177 0.574607751711 0.255850477533 0.553516819572 0.660695414714 724.0 68.4250764526 3.32827942147 0.37283783479 17.0 17.0 17 14 2.22957532075 0.470051074068 0.471991693569 6.43868604751
HYDRO micro 4047.0 25 47247.1933333 0.201191310262 0.3662 0.188803694373 0.504334074623 -0.24081220507 0.773311750266 0.460481860436 0.199654064739 0.890765772985 808.0 36.4961700025 1.67294944643 -0.161256154019 25.0 25.0 25 24 2.88957101806 0.392982676762 0.176938802599 464.471756796
HYDRO micro 1946.0 21 15224.0333333 0.211105797903 0.372 0.476710401918 0.497773210003 -0.279055906673 0.764656714759 0.462877759226 0.250770811922 0.871977619783 488.0 38.3350462487 1.77415962674 -0.0677585633084 21.0 21.0 21 20 2.64077605362 0.476044856118 0.222237557413 90.7702014864
HYDRO micro 8375.0 28 335501.728836 0.122370269164 0.2166 1.74714723401 0.307539445629 -0.27435101663 0.611755894581 0.247372196471 0.228179104478 0.835137354422 1911.0 45.0626865672 1.94041609055 0.524511596863 28.0 28.0 28 24 2.98903808254 0.305960684237 0.20221821342 165.353723815
HYDRO micro 5373.0 30 102207.196552 0.19485871949 0.2451 0.220583436521 0.387623301694 -0.202865104544 0.693085092758 0.329744733857 0.268751163224 0.863996139267 1444.0 41.26186488 2.50007780205 0.357248132462 30.0 30.0 30 30 3.37635599041 0.409272754535 0.238165330289 61.8496210805
HYDRO micro 5200.0 24 401559.014493 0.172186869393 0.1087 0.838352858989 0.293141025641 -0.264716367326 0.475827630016 0.153770738185 0.591923076923 0.61677056213 3078.0 73.8461538462 4.09281463737 0.648232539375 24.0 24.0 24 22 2.68804200644 0.332820117735 0.498695624052 5.7609011203
HYDRO micro 6445.0 90 80599.7459426 0.247528826537 0.0605 1.48694205745 0.378527713128 -0.0584929056158 0.627554261391 0.177999804606 0.413033359193 0.816194655379 2662.0 47.3545384019 8.59876134371 0.582701623076 90.0 90.0 90 79 10.147006275 1.12106565727 0.363479233363 12.1040494445
HYDRO micro 9146.0 52 268383.515837 0.161003770681 0.1052 1.60805671401 0.229629598479 -0.12318994646 0.537143122537 0.144137598232 0.278919746337 0.817138970987 2551.0 54.2532254538 3.74174244008 1.03294722711 52.0 52.0 52 43 5.59144808149 0.543735570726 0.247168119432 51.221193262
HYDRO micro 1058.0 11 43126.9636364 0.1925077424 0.1909 1.54007608058 0.294294552329 -0.538372743506 0.450046161163 0.194221754015 0.643667296786 0.523809949221 681.0 88.752362949 2.32848239917 0.85839922216 11.0 11.0 11 9 1.43592838459 0.338181504046 0.532880671369 5.07747238379
HYDRO micro 1833.0 36 7770.42142857 0.25151206063 0.2555 0.46196488471 0.44526277505 -0.147614557596 0.743901907372 0.382264441118 0.244408074195 0.89127765828 448.0 36.9885433715 2.99337702897 0.302758541455 36.0 36.0 36 31 4.65815203191 0.840855304561 0.216599712096 105.876869059
HYDRO micro 2495.0 20 45547.7763158 0.168472665507 0.2645 0.577483990074 0.458517034068 -0.327719165197 0.676458973249 0.346705662962 0.337074148297 0.810979233015 841.0 56.0721442886 2.3961399681 0.166711936224 20.0 20.0 20 18 2.42903261349 0.400400601002 0.298419360841 22.8828448488
HYDRO micro 3786.0 55 36914.8801347 0.209103133781 0.1156 0.592628155982 0.347735676896 -0.10266812486 0.631696732003 0.214283994273 0.349973586899 0.842748006181 1325.0 44.6645536186 5.37040411214 0.811711061336 55.0 55.0 55 47 6.55414149852 0.893865930756 0.309675734017 20.0271962005
HYDRO micro 794.0 15 7475.06666667 0.209917448663 0.2865 0.322609211049 0.449118387909 -0.379929869262 0.662725165946 0.35840193861 0.411838790932 0.767335621697 327.0 56.6750629723 2.29152801804 0.434975856375 15.0 15.0 15 12 2.09672382879 0.532330080741 0.362484211501 12.198089753
HYDRO micro 2995.0 20 48796.7236842 0.196913268753 0.326 0.937474375048 0.469782971619 -0.302095986223 0.721001007882 0.403710311525 0.263772954925 0.84664044972 790.0 44.6076794658 1.70430606354 0.0629998102482 20.0 20.0 20 19 2.3736056519 0.365453042872 0.233756273941 68.3080017637
HYDRO micro 8885.0 18 515830.369281 0.216349079435 0.3334 1.70245903113 0.573175764397 -0.297525100738 0.772335647425 0.489507447918 0.348677546427 0.833363141676 3098.0 47.9572312887 2.84575309026 -1.18844299562 18.0 18.0 18 17 1.86975100252 0.190960608123 0.308547617291 20.2857008872
HYDRO micro 1952.0 20 19304.9894737 0.293927523725 0.3418 0.312448146189 0.45368852459 -0.240222729026 0.744019797601 0.436289175332 0.236680327869 0.853736079851 462.0 43.237704918 1.59072703779 0.340831910473 20.0 20.0 20 20 2.50771790872 0.452678730213 0.209751857937 129.580160458
HYDRO micro 5220.0 28 277924.328042 0.18289238724 0.1148 1.01266240105 0.205993431856 -0.206646615368 0.448264697829 0.127910598118 0.382567049808 0.68889498099 1997.0 76.2643678161 3.03137975095 1.35368315919 28.0 28.0 28 27 3.15411250188 0.387545572651 0.337784194269 15.0357631854
HYDRO micro 2925.0 21 48784.0142857 0.262296447635 0.2946 0.355086213345 0.471013431013 -0.244141055304 0.730264938173 0.41189195273 0.317948717949 0.838341325152 930.0 45.7777777778 2.45561893101 -0.0244523023391 21.0 21.0 21 20 2.50593601121 0.388290137358 0.281633752041 28.6125731637
HYDRO micro 6335.0 40 192190.394231 0.168872770117 0.1181 1.80894746683 0.295599842147 -0.161008399313 0.565027364473 0.180489887714 0.394632991318 0.788231751417 2500.0 55.1854775059 4.24282946085 0.714511566876 40.0 40.0 40 34 4.4551850743 0.502558568172 0.348036618205 13.7277986001
