SLUDGE micro 12708.622915 263 24159.387974 0.18460200473 0.0884 0.103858068724 0.316821860258 -0.023099743862 0.710711551943 0.196440901692 0.158231127987 0.957006367862 2010.899739 20.65987217 8.57088379247 0.737506737328 263.0 263.0 263 263 27.7247620723 2.33295575104 0.140228686067 5682.24256955
SLUDGE micro 9003.52675641 321 3841.86539756 0.244528735296 0.1704 0.118267183351 0.401580799719 -0.0165757850954 0.800966448702 0.314911127072 0.0663238396637 0.981718883526 597.148465 11.3924050636 4.92684861755 0.527448238536 321.0 321.0 321 321 35.1440899508 3.38297433206 0.0587779725094 3.7869165034e+16
SLUDGE micro 8590.06738642 310 4771.95432864 0.240337686493 0.139 0.119073918324 0.369787333121 -0.0170449423652 0.766959410333 0.26028450304 0.06128285442 0.976791150848 526.4238491 11.1126242678 4.56191443709 0.723083944568 310.0 310.0 310 310 34.1121280852 3.34474804418 0.0543105156556 1.5804679869e+19
SLUDGE micro 9671.74763378 434 11480.3038689 0.276850440141 0.0416 0.128057302812 0.37517807817 -0.0112998483526 0.725626569419 0.187075160369 0.216359112565 0.944554651207 2092.570735 26.4980302696 16.9561438697 0.707362492421 434.0 434.0 434 434 47.183358883 4.41303377751 0.191743210114 242.493958398
SLUDGE micro 13997.1954628 251 39268.1401514 0.194532321944 0.0737 0.107612443179 0.292307951095 -0.0233442356122 0.674970361043 0.162635922273 0.152173913029 0.945908949535 2130.008005 27.3356090523 7.50115238353 0.851328792242 251.0 251.0 251 251 26.1873000678 2.12154968876 0.134860619077 9701.97501381
SLUDGE micro 9243.20927674 229 24219.7399986 0.220594153298 0.0633 0.115264213514 0.31424304213 -0.0238543674545 0.667597453291 0.160614554441 0.191983967891 0.930999527452 1774.547993 31.5965263856 8.38411127933 0.879232340374 229.0 229.0 229 229 24.9681206689 2.38190309815 0.170141360182 660.340222898
SLUDGE micro 8293.48995689 307 3587.73030693 0.234351881986 0.1695 0.116663826104 0.382112738936 -0.0175754121625 0.786661404258 0.292406845777 0.0566538410539 0.980781433152 469.8580618 9.79169430868 3.96449779714 0.645614009929 307.0 307.0 307 307 33.9124826458 3.37108508374 0.0502081593723 1.74161564262e+22
SLUDGE micro 10933.7538662 330 14364.1568359 0.242507404582 0.0712 0.119565386231 0.344189315837 -0.0159445356189 0.714035248749 0.187994996687 0.140927835019 0.957438728879 1540.870261 23.4948453608 8.76832924728 0.757501263373 330.0 330.0 330 330 35.3778277928 3.15594403612 0.12489404194 31349.4416358
SLUDGE micro 10541.4046709 355 5826.59824071 0.247278047408 0.1318 0.122132717863 0.359193434529 -0.0145025870506 0.76741084962 0.253074763681 0.0671401768923 0.978621244091 707.7517743 12.4899490751 5.15116771364 0.810503690592 355.0 355.0 355 355 38.2162878685 3.45763471743 0.0595014325416 1.61450150038e+16
SLUDGE micro 9972.91173795 299 9808.46645659 0.229291983775 0.1022 0.118949461611 0.3202783821 -0.0176909421947 0.727014362962 0.208301106017 0.104466019391 0.967267288784 1041.830391 18.9902912596 6.44838655955 0.957552666199 299.0 299.0 299 299 32.3644704368 2.99405794123 0.092580599179 23340033.1903
SLUDGE micro 12800.7521529 312 17581.560337 0.219888275051 0.0876 0.114953799649 0.315092519166 -0.0175568207248 0.715318361191 0.192377962146 0.126494845354 0.963425592519 1619.229164 20.1030927828 7.48942134017 0.86632994673 312.0 312.0 312 312 32.8847917869 2.75763542581 0.112103137884 223785.854945
SLUDGE micro 8819.22752661 327 4878.85923261 0.23258110499 0.1301 0.117246168314 0.360405551989 -0.0164166396541 0.766127868944 0.255901355087 0.0817105765585 0.976492768009 720.624166 14.4584446988 5.75598036504 0.725756891408 327.0 327.0 327 327 35.8845503453 3.48202976418 0.0724141130404 217066179831.0
SLUDGE micro 8192.12966982 322 4275.5261553 0.23884084562 0.1318 0.118627203131 0.365319565164 -0.0164729836581 0.769646254709 0.262135623264 0.078903333767 0.976444049632 646.3863416 14.8152915434 5.84803934103 0.728457231579 322.0 322.0 322 322 35.6234072792 3.5576028366 0.0699262588923 1.1809207537e+12
SLUDGE micro 8838.00460991 317 5939.74718646 0.254579340858 0.116 0.122847885687 0.367713619534 -0.0161441516289 0.757208902746 0.244655959106 0.0932656699992 0.972815822876 824.2824214 16.1020436152 6.14374501832 0.745384930452 317.0 317.0 317 317 34.7756558333 3.37195795173 0.0826545479737 926579970.43
SLUDGE micro 8054.10933776 314 3714.35175653 0.234453663948 0.1509 0.117340084108 0.371269189946 -0.0170823115202 0.774165946092 0.270643018216 0.0551549145375 0.978893045112 444.2237122 10.7104700858 4.26311111296 0.689809446684 314.0 314.0 314 314 34.8012194271 3.49881425726 0.0488797703342 2.46957622257e+23
