2 0.0790359973907
4 0.0734610557556
6 0.071592092514
8 0.0836021900177
10 0.0814020633698
12 0.0795180797577
14 0.084636926651
16 0.0854711532593
18 0.0924990177155
20 0.103040933609
22 0.104841947556
24 0.111008167267
26 0.118172168732
28 0.126294136047
30 0.129410028458
32 0.129644870758
34 0.136424064636
36 0.138021945953
38 0.139888048172
40 0.145217895508
42 0.150377035141
44 0.150035858154
46 0.140612125397
48 0.147302865982
50 0.139553070068
52 0.158447980881
54 0.146733999252
56 0.156404972076
58 0.15331697464
60 0.159797906876
62 0.162587881088
64 0.150264978409
66 0.147355794907
68 0.169886827469
70 0.146275997162
72 0.156131029129
74 0.161176919937
76 0.178011894226
78 0.145493030548
80 0.146789073944
82 0.153981924057
84 0.165915966034
86 0.152669906616
88 0.145287036896
90 0.145367145538
92 0.149012088776
