2 0.0722279548645
4 0.113700866699
6 0.119970083237
8 0.113195896149
10 0.112900018692
12 0.106420993805
14 0.104104995728
16 0.100860118866
18 0.0600030422211
20 0.0772111415863
22 0.0593781471252
24 0.0696821212769
26 0.0680170059204
28 0.0614609718323
30 0.0558929443359
32 0.0491800308228
34 0.064740896225
36 0.0481469631195
38 0.0447001457214
40 0.0429000854492
42 0.0451209545135
44 0.0449528694153
46 0.0426478385925
48 0.0374491214752
50 0.0313501358032
52 0.033783197403
54 0.025988817215
56 0.0287778377533
58 0.0337870121002
60 0.0255200862885
62 0.0255620479584
64 0.0152750015259
66 0.0150761604309
68 0.0160360336304
70 0.0144579410553
72 0.00897598266602
74 0.0124289989471
76 0.00657892227173
78 0.00523900985718
80 0.00461196899414
82 0.00346398353577
84 0.00205397605896
