2 0.151721000671
4 0.129904985428
6 0.117088079453
8 0.117241859436
10 0.127875089645
12 0.126873970032
14 0.168903112411
16 0.171681165695
18 0.143146038055
20 0.155469894409
22 0.166439056396
24 0.188269853592
26 0.191799879074
28 0.196563005447
30 0.19499206543
32 0.202280044556
34 0.208372831345
36 0.219587802887
38 0.225718975067
40 0.226006031036
42 0.241666078568
44 0.235411882401
46 0.24919295311
48 0.244035005569
50 0.247714042664
52 0.25149512291
54 0.241194963455
56 0.247756004333
58 0.249167919159
60 0.250719070435
62 0.244349002838
64 0.247421979904
66 0.262007951736
68 0.267033815384
70 0.263823032379
72 0.275193929672
74 0.280282974243
76 0.265439987183
78 0.268577098846
80 0.271957159042
82 0.274183034897
84 0.277527093887
86 0.277653932571
88 0.284368991852
90 0.290693044662
92 0.299639940262
94 0.298750162125
96 0.293924808502
98 0.311383962631
100 0.305318117142
