2 0.0891110897064
4 0.074912071228
6 0.0641119480133
8 0.0663251876831
10 0.060271024704
12 0.056725025177
14 0.0620999336243
16 0.0612261295319
18 0.0552928447723
20 0.060478925705
22 0.062422990799
24 0.0487089157104
26 0.0573179721832
28 0.0508229732513
30 0.0402209758759
32 0.0388789176941
34 0.0361180305481
36 0.0366699695587
38 0.0345590114594
40 0.0274610519409
42 0.0252130031586
44 0.0261151790619
46 0.0241210460663
48 0.0176229476929
50 0.0156960487366
52 0.0181250572205
54 0.0150320529938
56 0.011754989624
58 0.00192284584045
