10 18.5173940659
20 20.1345720291
30 22.141602993
40 24.3239939213
50 27.2057089806
60 30.0306019783
70 32.6340999603
80 34.8906071186
90 38.0301229954
100 41.3258030415
110 43.8844912052
120 46.2479310036
130 44.0004191399
140 46.5241441727
150 48.3239221573
160 47.118242979
170 50.2101838589
180 48.8621580601
190 44.6798110008
200 46.0627908707
210 48.4868581295
220 46.4449849129
230 49.8085930347
240 46.6555938721
250 49.075026989
260 47.5617361069
270 47.4516599178
280 49.5656180382
290 46.0486700535
300 46.0194320679
310 44.8241429329
320 46.6570022106
330 44.6676268578
340 49.7765350342
350 47.0629789829
360 47.0102410316
370 48.2181968689
380 47.0708069801
390 48.7534630299
400 48.9498050213
410 46.3008639812
420 49.1738581657
430 46.2255489826
440 50.4587900639
450 47.7250390053
460 48.5573148727
470 45.6152830124
480 48.7828111649
490 45.6394541264
500 46.2177820206
510 44.4351091385
520 46.3095138073
530 48.9474551678
540 45.8343389034
550 46.4809920788
560 46.7675409317
