2 0.155734062195
4 0.135917901993
6 0.127743005753
8 0.13431096077
10 0.1313560009
12 0.131525993347
14 0.144901037216
16 0.145338058472
18 0.153898000717
20 0.153803825378
22 0.167239904404
24 0.171915054321
26 0.179710149765
28 0.232129096985
30 0.19769692421
32 0.238694906235
34 0.203660964966
36 0.209521055222
38 0.229287862778
40 0.247737169266
42 0.250890016556
44 0.244814872742
46 0.257923126221
48 0.25673699379
50 0.257387161255
52 0.237296819687
54 0.2505838871
56 0.255617141724
58 0.253746032715
60 0.247575998306
62 0.249507188797
64 0.233861207962
66 0.256319046021
68 0.246947050095
70 0.243978977203
72 0.26486492157
74 0.268212080002
76 0.242705106735
78 0.273571968079
80 0.261660814285
82 0.248727083206
84 0.236726045609
86 0.251037120819
88 0.264189958572
