2 0.0762040615082
4 0.0609221458435
6 0.0513360500336
8 0.0539638996124
10 0.0544798374176
12 0.0640249252319
14 0.0585420131683
16 0.0607299804688
18 0.0609328746796
20 0.0663139820099
22 0.0685110092163
24 0.0647449493408
26 0.0667390823364
28 0.0668601989746
30 0.0730350017548
32 0.0683951377869
34 0.0626680850983
36 0.0625650882721
38 0.0577690601349
40 0.0624890327454
42 0.0527651309967
44 0.0543851852417
46 0.0472571849823
48 0.0491440296173
50 0.0422389507294
52 0.043751001358
54 0.038211107254
56 0.0428681373596
58 0.0339889526367
60 0.035413980484
62 0.0296330451965
64 0.0281088352203
66 0.0274748802185
68 0.0307240486145
70 0.0247321128845
72 0.0277669429779
74 0.0267798900604
76 0.0279531478882
78 0.0281488895416
80 0.0205829143524
82 0.0196299552917
84 0.00209808349609
