10 20.7315330505
20 22.2838020325
30 24.4821949005
40 26.8964130878
50 29.5408670902
60 32.30925107
70 35.4564540386
80 38.6028568745
90 40.9644651413
100 43.3625540733
110 47.6478750706
120 46.3528940678
130 49.8601210117
140 51.3594620228
150 50.5646910667
160 49.6530249119
170 50.6239788532
180 49.5082061291
190 51.1594438553
200 52.3434381485
210 53.8385739326
220 53.3286030293
230 57.0663480759
240 51.4955511093
250 51.2708201408
260 51.1061680317
270 54.1012859344
280 53.194288969
290 54.0720129013
300 48.4103238583
310 51.5103678703
320 52.8236029148
330 53.2434821129
340 53.751486063
350 49.2076191902
360 50.0422921181
370 50.9084048271
380 54.301418066
390 54.045320034
400 53.6979711056
410 54.5301918983
420 52.5507071018
430 52.514950037
440 51.310051918
450 52.6498961449
460 55.0256340504
470 53.3257520199
480 52.683619976
490 52.8357598782
500 54.5211141109
510 49.7278950214
520 53.8774380684
530 52.8806920052
540 51.9161579609
550 49.9216010571
560 53.5301070213
570 56.0327820778
580 48.273542881
