10 0.504513978958
20 1.02993607521
30 1.74546980858
40 2.41616392136
50 3.13563203812
60 3.54323601723
70 3.94842505455
80 4.06510901451
90 4.20965695381
100 4.37547278404
110 4.31558990479
120 4.46588683128
130 4.86244297028
140 4.70802092552
150 4.85386300087
160 4.95016217232
170 4.95266699791
180 4.87364888191
190 5.06451201439
200 5.21585512161
210 5.51613616943
220 5.57514190674
230 5.75378012657
240 5.67098903656
250 5.75917291641
260 5.73250293732
270 6.19481611252
280 6.26693105698
290 6.45641708374
300 6.45626783371
310 6.71310687065
320 6.72410678864
