2 0.0658710002899
4 0.0598261356354
6 0.0521910190582
8 0.0546782016754
10 0.0532569885254
12 0.0570969581604
14 0.0536260604858
16 0.0490500926971
18 0.049103975296
20 0.0516290664673
22 0.0492298603058
24 0.0504531860352
26 0.0747880935669
28 0.0408599376678
30 0.061341047287
32 0.0557110309601
34 0.0399279594421
36 0.0368981361389
38 0.0381770133972
40 0.0382618904114
42 0.0343120098114
44 0.0425760746002
46 0.0361030101776
48 0.0228478908539
50 0.0247228145599
52 0.0175831317902
54 0.0147819519043
56 0.0148169994354
58 0.019721031189
60 0.014102935791
62 0.0130031108856
64 0.00797486305237
66 0.0069580078125
68 0.00820589065552
70 0.0045690536499
72 0.00346899032593
74 0.00153398513794
