5 0.0863931179047
10 0.163290977478
15 0.280710935593
20 0.405529975891
25 0.527787923813
30 0.66109418869
35 0.780194044113
40 0.905092954636
45 0.972347974777
50 1.01124286652
55 1.17875099182
60 1.1577808857
65 1.15398406982
70 1.07832384109
75 1.14108896255
80 0.988888978958
85 0.940150022507
90 0.921056985855
95 0.823807001114
100 0.810986995697
105 0.684231042862
110 0.660350084305
115 0.663638114929
120 0.604303836823
125 0.515795230865
130 0.460901021957
135 0.410804986954
140 0.389279127121
145 0.346257209778
150 0.317435979843
155 0.278757810593
160 0.24608206749
165 0.220002889633
170 0.191316127777
175 0.176421880722
180 0.152752876282
185 0.140142917633
190 0.124023914337
195 0.119214057922
200 0.102932929993
205 0.0930891036987
210 0.0890820026398
215 0.0797369480133
220 0.0790021419525
225 0.0763058662415
230 0.0671148300171
235 0.0640320777893
240 0.00292706489563
