10 0.949094057083
20 2.2998688221
30 4.01132106781
40 5.93372488022
50 7.85971212387
60 9.39199304581
70 10.4803049564
80 11.2378621101
90 12.4030909538
100 12.5596759319
110 13.1940879822
120 13.4689259529
130 13.7059121132
140 13.4577431679
150 13.4260821342
160 13.3200418949
170 13.5979599953
180 13.7635791302
190 14.6187489033
200 14.6248850822
210 14.3588418961
220 14.5068600178
230 15.3280079365
240 14.1828022003
250 14.6484749317
260 16.1595618725
270 16.5387349129
280 15.4277222157
290 17.1651208401
300 16.5760819912
310 16.6959388256
320 17.3726539612
330 17.8696930408
340 18.04697299
350 18.0335450172
360 17.9797918797
370 18.6821479797
380 18.8444869518
390 19.0408241749
400 19.3057150841
410 19.7342290878
420 20.2428078651
430 20.2391350269
440 21.0806097984
450 20.8899769783
460 21.2330100536
470 21.2903449535
480 22.2953770161
