2 0.0725660324097
4 0.0973989963531
6 0.0809860229492
8 0.096675157547
10 0.0914180278778
12 0.0958681106567
14 0.112710952759
16 0.112983226776
18 0.11060500145
20 0.120386123657
22 0.121484994888
24 0.131600856781
26 0.129801988602
28 0.141184091568
30 0.143699884415
32 0.146024942398
34 0.156709909439
36 0.159909963608
38 0.160000085831
40 0.165656089783
42 0.162101984024
44 0.17612695694
46 0.171277999878
48 0.173259973526
50 0.165822982788
52 0.167397975922
54 0.192152023315
56 0.158218860626
58 0.167886018753
60 0.187021017075
62 0.17293214798
64 0.171638965607
66 0.164597988129
68 0.198461055756
70 0.204121112823
72 0.194650173187
74 0.181792974472
76 0.174342155457
