20 10.0705850124
40 28.8762259483
60 47.9442579746
80 66.5903329849
100 79.8488237858
120 86.486782074
140 93.4439280033
160 93.5184071064
180 96.9665749073
200 96.1378469467
220 101.170830965
240 98.8247520924
260 104.061547041
280 102.049000978
300 101.361906052
320 105.243309975
340 104.22644496
360 105.098310947
380 111.879962921
400 108.504166842
420 113.081919909
440 115.983545065
460 114.393012047
480 115.287137032
500 117.732335091
520 120.946715117
540 123.92522788
560 124.470579147
580 128.767760038
600 126.150680065
620 129.323233128
640 131.835257053
660 130.253612041
680 138.775902033
700 137.984116793
720 140.702872992
740 139.552764893
760 137.975718975
780 144.767849922
800 144.177967072
820 151.532197952
840 154.091112852
860 152.201836109
880 157.976452112
900 157.472590923
920 154.179567099
940 160.975414038
960 159.049331903
980 159.758033991
1000 169.499914169
