2 0.13592505455
4 0.108467102051
6 0.105627059937
8 0.0992670059204
10 0.106673002243
12 0.103581905365
14 0.112264871597
16 0.111660003662
18 0.12279009819
20 0.1233689785
22 0.134057998657
24 0.141610860825
26 0.156134843826
28 0.151298046112
30 0.169258117676
32 0.164866924286
34 0.16220498085
36 0.166693925858
38 0.169755935669
40 0.182906866074
42 0.193298816681
44 0.185417175293
46 0.192273139954
48 0.182301044464
50 0.179601192474
52 0.175364971161
54 0.179307937622
56 0.205712080002
58 0.19273018837
60 0.205808162689
62 0.200317144394
64 0.192857980728
66 0.191729068756
68 0.199466943741
70 0.193155050278
72 0.205950021744
74 0.203785181046
76 0.217295885086
78 0.212162017822
80 0.20654797554
82 0.215492963791
84 0.217169046402
86 0.211808919907
