2 0.0233759880066
4 0.0343170166016
6 0.0384860038757
8 0.0441610813141
10 0.0485107898712
12 0.0543968677521
14 0.0578598976135
16 0.0586190223694
18 0.064934015274
20 0.086886882782
22 0.0838170051575
24 0.0718491077423
26 0.0904240608215
28 0.0882129669189
30 0.0888040065765
32 0.0788350105286
34 0.0740959644318
36 0.0771429538727
38 0.0726640224457
40 0.0687839984894
42 0.0644180774689
44 0.0644071102142
46 0.057578086853
48 0.0544748306274
50 0.0540089607239
52 0.0692439079285
54 0.0551991462708
56 0.0504479408264
58 0.0452101230621
60 0.0673930644989
62 0.060986995697
64 0.0561380386353
66 0.0579450130463
68 0.0333030223846
70 0.0318169593811
72 0.0515289306641
74 0.0447659492493
76 0.031702041626
78 0.031033039093
80 0.0306801795959
82 0.0259749889374
84 0.037318944931
86 0.0242590904236
88 0.031445980072
90 0.00192999839783
