5 0.16530585289
10 0.166455030441
15 0.208364009857
20 0.264772176743
25 0.29536318779
30 0.35468006134
35 0.390032052994
40 0.443711996078
45 0.480057954788
50 0.47957110405
55 0.484451055527
60 0.518920898438
65 0.529706001282
70 0.509420871735
75 0.552246809006
80 0.562496900558
85 0.541340112686
90 0.575204849243
95 0.573916912079
100 0.59244799614
105 0.615803003311
110 0.605796098709
115 0.652150154114
120 0.636224031448
125 0.641875982285
130 0.626529932022
135 0.681094884872
140 0.724543094635
