5 0.472151041031
10 0.494686126709
15 0.547832012177
20 0.602118968964
25 0.67517209053
30 0.755537033081
35 0.824791908264
40 0.898995161057
45 0.978851079941
50 1.07230997086
55 1.12361693382
60 1.15219783783
65 1.30909991264
70 1.22178292274
75 1.27148509026
80 1.25178599358
85 1.30845499039
90 1.39762783051
95 1.28628110886
100 1.34712004662
105 1.21692204475
110 1.38104486465
115 1.22696495056
120 1.32366299629
125 1.2996339798
130 1.32566785812
135 1.23431396484
140 1.26098394394
145 1.29316616058
150 1.38711500168
155 1.28124308586
160 1.35404109955
