20 40.1714169979
40 46.2497940063
60 55.0332798958
80 65.2176098824
100 74.0582051277
120 82.4335501194
140 89.9327178001
160 85.3859829903
180 91.1278069019
200 89.9350500107
220 92.7546241283
240 89.239743948
260 90.5405750275
280 93.7048001289
300 94.3857591152
320 89.2553949356
340 97.1270201206
360 90.1800940037
380 87.5966930389
400 94.8302731514
420 95.8728079796
440 95.5783419609
460 91.8372340202
480 87.8640570641
500 89.0645859241
520 89.0148389339
540 92.167522192
560 91.2002749443
580 94.4611132145
600 94.721506834
620 88.5827269554
640 91.1602489948
660 90.4366619587
680 94.5408830643
700 95.8108270168
