2 0.0259521007538
4 0.0269110202789
6 0.0313718318939
8 0.0467808246613
10 0.0385060310364
12 0.0418038368225
14 0.0523381233215
16 0.0483939647675
18 0.0520730018616
20 0.0588641166687
22 0.0597929954529
24 0.0607578754425
26 0.0609159469604
28 0.0643310546875
30 0.057853937149
32 0.0521819591522
34 0.0534670352936
36 0.053925037384
38 0.0497460365295
40 0.0499441623688
42 0.0586400032043
44 0.0454869270325
46 0.0502970218658
48 0.0432889461517
50 0.032821893692
52 0.0432970523834
54 0.0302579402924
56 0.0287890434265
58 0.0314970016479
60 0.0342500209808
62 0.0291109085083
64 0.0242350101471
66 0.0435290336609
68 0.0230000019073
70 0.037104845047
72 0.0479719638824
74 0.0412309169769
76 0.00832891464233
78 0.00186991691589
