2 0.117500782013
4 0.107567071915
6 0.101796150208
8 0.104977846146
10 0.0984840393066
12 0.108741998672
14 0.113547086716
16 0.108623027802
18 0.114930868149
20 0.137139797211
22 0.122884988785
24 0.144687175751
26 0.137762069702
28 0.146246910095
30 0.15519285202
32 0.148812055588
34 0.156516075134
36 0.166318893433
38 0.169963121414
40 0.172270059586
42 0.168853998184
44 0.163753986359
46 0.181416988373
48 0.173520088196
50 0.174956083298
52 0.346873998642
54 0.401134967804
56 0.295058965683
58 0.360586166382
60 0.329029083252
62 0.215404987335
64 0.372506856918
66 0.175974845886
68 0.176971912384
70 0.166372060776
72 0.255120038986
74 0.257546901703
76 0.171623945236
