2 0.0673489570618
4 0.0559241771698
6 0.0464870929718
8 0.0683169364929
10 0.0520679950714
12 0.048896074295
14 0.0617427825928
16 0.0488111972809
18 0.0520510673523
20 0.0578589439392
22 0.0575428009033
24 0.0592420101166
26 0.0591900348663
28 0.0684368610382
30 0.05522108078
32 0.0561141967773
34 0.0473160743713
36 0.0769059658051
38 0.0427811145782
40 0.0679330825806
42 0.0671229362488
44 0.0591700077057
46 0.058277130127
48 0.0485107898712
50 0.029846906662
52 0.0327110290527
54 0.0285408496857
56 0.0324640274048
58 0.0358500480652
60 0.0304169654846
62 0.0302641391754
64 0.0254800319672
66 0.0204570293427
68 0.0238528251648
70 0.0197370052338
72 0.0183069705963
74 0.00198793411255
