2 0.0609378814697
4 0.0769391059875
6 0.0498671531677
8 0.0424289703369
10 0.0593438148499
12 0.0451009273529
14 0.0538730621338
16 0.0501439571381
18 0.0467150211334
20 0.0612950325012
22 0.0460708141327
24 0.0507028102875
26 0.0477390289307
28 0.0584859848022
30 0.0578629970551
32 0.0439028739929
34 0.0386221408844
36 0.0394830703735
38 0.0339469909668
40 0.0398559570312
42 0.0296311378479
44 0.0282969474792
46 0.030867099762
48 0.0250220298767
50 0.0236160755157
52 0.022411108017
54 0.0206851959229
56 0.0244200229645
58 0.0273180007935
60 0.0263140201569
62 0.0181570053101
64 0.0171759128571
66 0.0164260864258
68 0.00195908546448
