20 6.55236411095
40 18.5852739811
60 30.9850978851
80 42.2392609119
100 49.6151220798
120 52.7053380013
140 55.627573967
160 58.3242349625
180 57.7134468555
200 56.7670991421
220 61.3249971867
240 60.3114449978
260 61.1490550041
280 61.9706230164
300 61.3272819519
320 62.5408849716
340 64.6188769341
360 65.3624148369
380 68.3883559704
400 68.1592190266
420 71.2255709171
440 68.6216678619
460 72.7395660877
480 75.9812500477
500 74.9951031208
520 75.2748081684
540 78.3123569489
560 79.1744101048
580 80.0695450306
600 80.4362809658
620 83.0203609467
640 82.0238718987
660 86.9648821354
680 87.6617910862
700 89.1382830143
720 91.6241521835
740 94.8750059605
760 94.121915102
780 96.1108109951
800 97.9830210209
820 98.4156630039
