2 0.0813269615173
4 0.0653359889984
6 0.0593979358673
8 0.0531899929047
10 0.0536799430847
12 0.0607562065125
14 0.0591609477997
16 0.0615739822388
18 0.0654439926147
20 0.0728878974915
22 0.0700800418854
24 0.0782389640808
26 0.0758631229401
28 0.0738480091095
30 0.0830481052399
32 0.0791049003601
34 0.0742070674896
36 0.0712690353394
38 0.0679550170898
40 0.0680038928986
42 0.0677580833435
44 0.0616679191589
46 0.056086063385
48 0.0531780719757
50 0.0499429702759
52 0.0521140098572
54 0.046816110611
56 0.0465857982635
58 0.0435440540314
60 0.0411438941956
62 0.0397629737854
64 0.0337450504303
66 0.0317962169647
68 0.0349140167236
70 0.0312299728394
72 0.0319211483002
74 0.0260620117188
76 0.0290861129761
78 0.0321228504181
80 0.0274889469147
82 0.0272188186646
84 0.0217909812927
86 0.0217821598053
88 0.0019690990448
