2 0.080463886261
4 0.0740139484406
6 0.0666980743408
8 0.069002866745
10 0.0692601203918
12 0.067281961441
14 0.0764589309692
16 0.0755739212036
18 0.0799400806427
20 0.0773408412933
22 0.0829360485077
24 0.0877070426941
26 0.0859100818634
28 0.0894198417664
30 0.121593952179
32 0.121408939362
34 0.0974159240723
36 0.103210926056
38 0.101588964462
40 0.0943789482117
42 0.0951368808746
44 0.100436210632
46 0.0976300239563
48 0.100010156631
50 0.10035610199
52 0.098158121109
54 0.0971899032593
56 0.0968580245972
58 0.0947508811951
