20 78.6953239441
40 89.3149499893
60 102.637243032
80 118.450577974
100 132.546648026
120 144.665052891
140 159.78618288
160 165.546720028
180 171.450130939
200 171.473378181
220 188.701677799
240 173.127948999
260 186.225640059
280 182.731054068
300 174.124359846
320 172.493923903
340 164.13352704
360 177.562728882
380 171.400257111
400 173.234725952
420 183.569530964
440 169.216628075
460 178.897875071
480 176.07113409
500 178.673051834
520 183.842860222
540 182.516752958
560 172.603887081
580 180.450834036
600 177.558335066
620 193.862071991
640 177.611424923
660 187.104552031
680 175.640676022
700 186.542104006
720 177.484703064
740 174.211152077
760 178.200757027
780 175.390051126
800 175.757247925
820 180.709623098
840 181.125236034
860 176.121200085
880 177.039333105
