2 0.0945641994476
4 0.0684299468994
6 0.0656640529633
8 0.0606820583344
10 0.0680339336395
12 0.0667388439178
14 0.0672521591187
16 0.071839094162
18 0.0750508308411
20 0.0839319229126
22 0.0866160392761
24 0.0966668128967
26 0.104866981506
28 0.098473072052
30 0.100279092789
32 0.0946879386902
34 0.0942080020905
36 0.101428031921
38 0.0910658836365
40 0.0945310592651
42 0.0777409076691
44 0.079968214035
46 0.0700988769531
48 0.0700461864471
50 0.0670537948608
52 0.0661251544952
54 0.0754668712616
56 0.0678420066833
58 0.0566999912262
60 0.0556080341339
62 0.0533330440521
64 0.0466480255127
66 0.0445599555969
68 0.0452461242676
70 0.0388240814209
72 0.0566930770874
74 0.0349500179291
76 0.050546169281
78 0.0399951934814
80 0.0388290882111
82 0.0290110111237
84 0.0352349281311
86 0.0272128582001
88 0.0312829017639
90 0.0357410907745
92 0.0286290645599
94 0.0235118865967
96 0.0270171165466
98 0.00205516815186
