2 0.12960100174
4 0.108350038528
6 0.098573923111
8 0.100706100464
10 0.0963499546051
12 0.109572172165
14 0.111017942429
16 0.10871887207
18 0.113004207611
20 0.12219285965
22 0.126038074493
24 0.138150930405
26 0.137392997742
28 0.145920038223
30 0.143568992615
32 0.154277086258
34 0.155189990997
36 0.162621974945
38 0.164178133011
40 0.167510032654
42 0.187840938568
44 0.185505151749
46 0.168198108673
48 0.178126096725
50 0.1756939888
52 0.18386387825
54 0.173974990845
56 0.180677890778
58 0.188364028931
60 0.186960935593
62 0.190796136856
64 0.187813043594
66 0.184370994568
68 0.197329998016
70 0.199151039124
72 0.200699806213
74 0.198971033096
76 0.199508905411
78 0.190610170364
80 0.205214977264
82 0.19854593277
84 0.205377101898
