2 0.0774788856506
4 0.0698990821838
6 0.0645151138306
8 0.0651919841766
10 0.0624339580536
12 0.0627429485321
14 0.0718970298767
16 0.0699510574341
18 0.0660121440887
20 0.0717408657074
22 0.0707490444183
24 0.071722984314
26 0.0679039955139
28 0.0733659267426
30 0.0675749778748
32 0.0625460147858
34 0.0601499080658
36 0.0594868659973
38 0.0561940670013
40 0.0566039085388
42 0.0519969463348
44 0.0450718402863
46 0.0501039028168
48 0.0444819927216
50 0.0386199951172
52 0.0412409305573
54 0.0388879776001
56 0.0389468669891
58 0.0333201885223
60 0.0328738689423
62 0.0328998565674
64 0.027373790741
66 0.0249590873718
68 0.0200338363647
70 0.0170028209686
72 0.0225851535797
74 0.0204269886017
76 0.017539024353
78 0.00946307182312
80 0.00826907157898
82 0.00708603858948
84 0.0090491771698
86 0.00508213043213
88 0.00392293930054
90 0.00152897834778
