20 55.5948548317
40 62.7074029446
60 73.9732048512
80 86.6863269806
100 97.3912169933
120 106.961251974
140 112.619245052
160 119.190977097
180 127.033957005
200 122.362132072
220 123.851589918
240 125.151442051
260 121.896327019
280 122.756412029
300 119.741509914
320 129.817545176
340 127.855352163
360 122.72754097
380 124.638067007
400 120.532965183
420 129.169168949
440 122.76591301
460 122.008534908
480 119.556899071
500 125.984584093
520 117.003460884
540 127.489778996
560 129.036735773
580 127.43078804
600 123.263446093
620 120.66895318
640 123.248020172
660 118.627429962
680 124.834044933
700 124.781887054
720 127.839745998
740 121.521723032
760 124.766566038
780 127.924072981
