2 0.0494518280029
4 0.0480370521545
6 0.0752050876617
8 0.0543031692505
10 0.0740098953247
12 0.0717859268188
14 0.0639259815216
16 0.0684790611267
18 0.0679061412811
20 0.0748271942139
22 0.0709910392761
24 0.0776400566101
26 0.0837259292603
28 0.0811941623688
30 0.086562871933
32 0.0808980464935
34 0.0833008289337
36 0.0798418521881
38 0.0837061405182
40 0.0857779979706
42 0.0812821388245
44 0.0852699279785
46 0.0801458358765
48 0.0784571170807
50 0.0771088600159
52 0.076014995575
