20 3.81584501266
40 9.50260090828
60 15.1656799316
80 18.466326952
100 19.0568311214
120 18.8821849823
140 16.2103629112
160 12.8107659817
180 12.4369130135
200 10.6088130474
220 9.77689218521
240 8.23671507835
260 7.08988285065
280 6.12456607819
300 5.00870013237
320 4.22494888306
340 3.15197181702
360 2.75406885147
380 2.24897503853
400 1.82182192802
420 1.44141983986
440 1.13513493538
460 0.851004838943
480 0.554754018784
500 0.39407992363
520 0.288810968399
540 0.188820123672
560 0.118283987045
580 0.0769279003143
600 0.0540819168091
620 0.0278029441833
640 0.00421023368835
