2 0.0654249191284
4 0.0533730983734
6 0.0523729324341
8 0.0588290691376
10 0.0518958568573
12 0.0472829341888
14 0.0504441261292
16 0.0490121841431
18 0.0500237941742
20 0.0460300445557
22 0.0468108654022
24 0.0465040206909
26 0.0413880348206
28 0.0415699481964
30 0.044116973877
32 0.0361008644104
34 0.0346961021423
36 0.0367519855499
38 0.0302519798279
40 0.0321481227875
42 0.0285999774933
44 0.0264120101929
46 0.0285639762878
48 0.0221769809723
50 0.0191650390625
52 0.0144040584564
54 0.0120770931244
56 0.0221490859985
58 0.0127940177917
60 0.0115220546722
62 0.0060510635376
64 0.00505614280701
66 0.00452494621277
68 0.00657892227173
70 0.00186705589294
