10 1.14035892487
20 2.96497702599
30 5.3316848278
40 7.90429592133
50 9.67496800423
60 11.4592890739
70 12.6690320969
80 13.5174160004
90 13.4540140629
100 13.8639080524
110 12.9452121258
120 11.9405949116
130 11.424505949
140 10.9635519981
150 9.7906639576
160 9.43506217003
170 8.69414401054
180 7.78244996071
190 7.73003911972
200 7.03656506538
210 6.76789116859
220 5.92658901215
230 5.75154495239
240 4.66009402275
250 4.55415701866
260 4.33853983879
270 3.99704694748
280 3.62818193436
290 3.29469895363
300 2.87733197212
310 2.50595808029
320 2.38555622101
330 2.04785013199
340 1.88495278358
350 1.58474302292
360 1.60307312012
370 1.18072199821
380 1.12290787697
390 0.945997953415
400 0.849101066589
410 0.722931861877
420 0.589476108551
430 0.504589080811
440 0.431221961975
450 0.3899269104
460 0.27891087532
470 0.215409994125
480 0.187699079514
490 0.155909061432
500 0.120445013046
510 0.088681936264
520 0.0771460533142
530 0.0646698474884
540 0.0459129810333
550 0.0435919761658
560 0.0329020023346
570 0.0137050151825
580 0.00420784950256
