2 0.0460178852081
4 0.0399239063263
6 0.0374000072479
8 0.0347518920898
10 0.0302278995514
12 0.0305590629578
14 0.0341708660126
16 0.0302159786224
18 0.0304598808289
20 0.0350790023804
22 0.0341520309448
24 0.0428290367126
26 0.0387101173401
28 0.0365700721741
30 0.0283241271973
32 0.0261390209198
34 0.0212090015411
36 0.024689912796
38 0.0189249515533
40 0.0246889591217
42 0.0173010826111
44 0.0207951068878
46 0.01509308815
48 0.0179920196533
50 0.0144150257111
52 0.00189399719238
