10 1.06847190857
20 2.42171001434
30 4.10096287727
40 5.88999700546
50 7.38462495804
60 8.17788982391
70 8.98635005951
80 9.40267896652
90 9.29950809479
100 8.85225200653
110 8.53940105438
120 8.23157906532
130 7.25168800354
140 7.30886387825
150 6.91910505295
160 6.6484541893
170 6.05947303772
180 5.87364196777
190 5.54126691818
200 5.19185185432
210 4.87544703484
220 4.70473980904
230 4.48870301247
240 4.22735786438
250 4.03082704544
260 3.7082118988
270 3.44591093063
280 3.26567912102
290 2.77009987831
300 2.54522514343
310 2.23785495758
320 1.94207906723
330 1.69321298599
340 1.4455780983
350 1.32308316231
360 1.15855979919
370 0.995898962021
380 0.804949998856
390 0.709567070007
400 0.585103988647
410 0.484419107437
420 0.419675827026
430 0.334273099899
440 0.277665138245
450 0.224636077881
460 0.189260005951
470 0.1465280056
480 0.109102964401
490 0.0774488449097
500 0.0587069988251
510 0.0345809459686
520 0.00404286384583
