2 0.0638830661774
4 0.0532381534576
6 0.048492193222
8 0.0499441623688
10 0.0460522174835
12 0.0451180934906
14 0.0576109886169
16 0.0542759895325
18 0.049556016922
20 0.0533092021942
22 0.0510728359222
24 0.0553140640259
26 0.0786459445953
28 0.0711410045624
30 0.0679841041565
32 0.0611228942871
34 0.0456809997559
36 0.0518109798431
38 0.0410981178284
40 0.0438098907471
42 0.0444810390472
44 0.0390739440918
46 0.0363121032715
48 0.0303401947021
50 0.027685880661
52 0.0308499336243
54 0.0252950191498
56 0.0281410217285
58 0.0263299942017
60 0.0254189968109
62 0.0270400047302
64 0.0197842121124
66 0.0192439556122
68 0.0219659805298
70 0.0207221508026
72 0.00190210342407
