20 7.48881101608
40 20.3456850052
60 35.9906768799
80 48.7279839516
100 55.8037281036
120 59.5296740532
140 63.1297631264
160 65.8169169426
180 67.2888770103
200 65.5229680538
220 68.0776491165
240 67.6450619698
260 66.823084116
280 68.7408080101
300 69.537828207
320 72.0613319874
340 72.1336390972
360 72.8467411995
380 76.663118124
400 76.3723909855
420 77.5852181911
440 78.7160630226
460 80.5879309177
480 81.7510318756
500 83.9799528122
520 85.3461799622
540 85.2474918365
560 88.1685769558
580 89.0805928707
600 90.524684906
620 90.225413084
640 91.9699559212
660 93.7502279282
680 98.9478180408
700 102.485893965
720 100.495589972
740 102.696141958
760 104.691739082
780 103.744634867
800 108.301918983
820 108.667606831
840 111.993412018
860 114.110071182
