20 8.19846892357
40 22.7494430542
60 38.838973999
80 51.8173689842
100 61.7004549503
120 65.7015330791
140 69.7675249577
160 69.8974609375
180 72.2916359901
200 75.0698359013
220 76.3777580261
240 77.9620859623
260 78.5069580078
280 78.1560049057
300 81.039274931
320 78.4959688187
340 78.8601901531
360 83.4495179653
380 84.3729419708
400 86.2236938477
420 87.1100039482
440 87.621286869
460 88.172577858
480 88.6876349449
500 92.5162370205
520 93.1601891518
540 97.792979002
560 96.3679990768
580 99.5897099972
600 96.1928482056
620 102.321153164
640 102.85909915
660 106.552353144
680 107.010493994
700 114.4309659
720 112.702790976
740 112.063997984
760 112.854582071
780 111.910799026
800 113.798311949
820 122.021222115
840 123.712346077
860 126.541567087
880 123.714733124
900 130.318536997
