2 0.0707521438599
4 0.056948184967
6 0.0479729175568
8 0.0515968799591
10 0.0457429885864
12 0.0518839359283
14 0.0539889335632
16 0.0515580177307
18 0.0593860149384
20 0.0575869083405
22 0.0591740608215
24 0.0584571361542
26 0.0630519390106
28 0.0580780506134
30 0.0611510276794
32 0.0539498329163
34 0.0533039569855
36 0.0533409118652
38 0.0480680465698
40 0.0484540462494
42 0.0586490631104
44 0.0471558570862
46 0.0429801940918
48 0.0413749217987
50 0.0331828594208
52 0.0428040027618
54 0.0373299121857
56 0.0285980701447
58 0.0277719497681
60 0.0263049602509
62 0.0328898429871
64 0.0272219181061
66 0.0225958824158
68 0.0262610912323
70 0.0267190933228
72 0.0241510868073
74 0.026547908783
76 0.0221328735352
78 0.00190305709839
