2 0.0246410369873
4 0.0351331233978
6 0.0383780002594
8 0.0576090812683
10 0.0602340698242
12 0.0586791038513
14 0.0634160041809
16 0.0643379688263
18 0.0712790489197
20 0.0796730518341
22 0.0781610012054
24 0.0896699428558
26 0.085070848465
28 0.0959470272064
30 0.0959329605103
32 0.0867140293121
34 0.0860481262207
36 0.106682062149
38 0.0831480026245
40 0.0942001342773
42 0.076728105545
44 0.0740129947662
46 0.0756440162659
48 0.077516078949
50 0.064110994339
52 0.0675110816956
54 0.0569620132446
56 0.0694830417633
58 0.0629198551178
60 0.0684039592743
62 0.0525100231171
64 0.0559649467468
66 0.0425319671631
68 0.0453941822052
70 0.0535709857941
72 0.0401940345764
74 0.0350289344788
76 0.0462419986725
78 0.0473330020905
80 0.0397088527679
82 0.0294191837311
84 0.0333669185638
86 0.0278341770172
88 0.0318419933319
90 0.0300929546356
92 0.0255591869354
94 0.0254459381104
96 0.00209784507751
