20 95.7193949223
40 106.622827053
60 122.535378933
80 140.159965038
100 158.776576996
120 174.250306845
140 189.227138996
160 204.743603945
180 197.973989964
200 223.056415796
220 217.050533056
240 208.471968174
260 220.157636166
280 210.106458902
300 208.546937943
320 214.356758118
340 211.473146915
360 212.991712093
380 213.550112963
400 216.531980991
420 209.695397854
440 219.862300873
460 215.182816029
480 214.410259008
500 206.618467093
520 207.330906868
540 212.661393881
560 206.390527964
580 211.493936062
600 203.2369349
620 213.47315383
640 215.246029139
660 224.602540016
680 219.176090956
700 213.360846996
720 217.528418064
740 210.687186956
760 206.630759001
780 209.157521009
800 220.497697115
820 221.426897049
840 201.916946888
860 218.577646971
880 212.842437983
900 217.743736029
920 208.682868958
940 222.631659031
