2 0.180444955826
4 0.163367986679
6 0.166864871979
8 0.160288095474
10 0.155377864838
12 0.163983106613
14 0.167885065079
16 0.182103157043
18 0.178746938705
20 0.196192979813
22 0.206521987915
24 0.215534925461
26 0.216161966324
28 0.24010515213
30 0.248553037643
32 0.246783971786
34 0.257708072662
36 0.268271923065
38 0.281177043915
40 0.287739992142
42 0.296023845673
44 0.286897182465
46 0.313367128372
48 0.31142783165
50 0.297060966492
52 0.322161197662
54 0.322284936905
56 0.340655088425
58 0.310497999191
60 0.318455934525
62 0.338974952698
64 0.292912960052
66 0.302057981491
68 0.328804969788
70 0.32331609726
72 0.317675113678
74 0.326602935791
76 0.325292825699
78 0.340689897537
80 0.312391996384
82 0.313301801682
84 0.303998947144
86 0.32814002037
88 0.340772867203
90 0.32688498497
92 0.319030046463
94 0.322400808334
96 0.312319993973
