20 72.9252359867
40 82.1543958187
60 95.2147698402
80 109.715862989
100 124.573391914
120 140.163522005
140 152.827581882
160 148.826951981
180 167.927901983
200 162.562328815
220 163.854114056
240 160.616713047
260 168.512755871
280 162.198378086
300 166.976191044
320 158.304837942
340 172.580975056
360 162.859130859
380 169.196003914
400 162.254132986
420 164.113693953
440 160.249386072
460 171.453474998
480 165.599133015
500 167.040020943
520 160.302900076
540 162.739510059
560 168.126338959
580 156.92197299
600 172.516680002
620 159.684078932
640 176.81683898
660 155.745278835
680 167.27274394
700 175.407295942
720 165.890668154
740 160.859344006
760 161.838924885
780 164.822021008
800 170.186244011
820 161.658648968
840 173.499327898
860 164.406957865
