2 0.086131811142
4 0.061311006546
6 0.0541870594025
8 0.0592639446259
10 0.0605089664459
12 0.0638720989227
14 0.0686988830566
16 0.0630121231079
18 0.0694370269775
20 0.0728340148926
22 0.0808429718018
24 0.0733680725098
26 0.0853099822998
28 0.083263874054
30 0.0775430202484
32 0.0756440162659
34 0.074501991272
36 0.0761439800262
38 0.0707030296326
40 0.0724549293518
42 0.0655109882355
44 0.0688049793243
46 0.0616130828857
48 0.0549178123474
50 0.0514340400696
52 0.0608060359955
54 0.0487380027771
56 0.045205116272
58 0.0457558631897
60 0.0473129749298
62 0.0413999557495
64 0.0353879928589
66 0.0328588485718
68 0.0369999408722
70 0.0317709445953
72 0.0329761505127
74 0.0311260223389
76 0.0399050712585
78 0.0366270542145
80 0.0294787883759
82 0.0277030467987
84 0.0232479572296
86 0.0218460559845
88 0.021910905838
90 0.00202798843384
