2 0.160885810852
4 0.148516893387
6 0.131839990616
8 0.138705015182
10 0.141134977341
12 0.200552940369
14 0.145696163177
16 0.207957029343
18 0.156350851059
20 0.178887844086
22 0.177952051163
24 0.229392051697
26 0.193471908569
28 0.197643041611
30 0.251550912857
32 0.25409913063
34 0.219608068466
36 0.231200933456
38 0.238466024399
40 0.2504529953
42 0.236339092255
44 0.255285024643
46 0.284440994263
48 0.246564149857
50 0.252485990524
52 0.265583992004
54 0.271662950516
56 0.256734132767
58 0.247997045517
60 0.278561115265
62 0.266629934311
64 0.24632191658
66 0.271781921387
68 0.269246816635
70 0.257704973221
72 0.270993947983
74 0.264142036438
76 0.268365859985
78 0.272081136703
80 0.234750986099
82 0.286356925964
84 0.257729053497
86 0.254573106766
88 0.271503925323
90 0.256244897842
