2 0.0623741149902
4 0.0566248893738
6 0.0523321628571
8 0.0525159835815
10 0.0519080162048
12 0.0541219711304
14 0.050635099411
16 0.0461020469666
18 0.0468299388885
20 0.0500118732452
22 0.043653011322
24 0.0514280796051
26 0.0462980270386
28 0.0456779003143
30 0.0421190261841
32 0.0360109806061
34 0.0350148677826
36 0.0622808933258
38 0.0539700984955
40 0.0292620658875
42 0.0247130393982
44 0.0353171825409
46 0.0290961265564
48 0.0230619907379
50 0.0210590362549
52 0.0143260955811
54 0.0145699977875
56 0.0149500370026
58 0.0136408805847
60 0.00816297531128
62 0.00663304328918
64 0.00610613822937
66 0.00507187843323
68 0.00397300720215
70 0.00195097923279
