2 0.07053399086
4 0.0624001026154
6 0.0569639205933
8 0.0626828670502
10 0.0584490299225
12 0.0647511482239
14 0.0632381439209
16 0.0665781497955
18 0.0699069499969
20 0.0766520500183
22 0.0787451267242
24 0.0831451416016
26 0.0868511199951
28 0.0982699394226
30 0.0891559123993
32 0.0917658805847
34 0.0959439277649
36 0.0948588848114
38 0.0913529396057
40 0.100029945374
42 0.0944380760193
44 0.0995650291443
46 0.0927841663361
48 0.107307195663
50 0.0919370651245
52 0.104117870331
54 0.100192070007
56 0.122445106506
58 0.103605985641
60 0.119844913483
62 0.108956098557
64 0.10546207428
66 0.0995409488678
68 0.107457876205
70 0.104614973068
72 0.0927278995514
74 0.0932130813599
76 0.109575033188
