10 1.15823888779
20 2.80567789078
30 5.05675005913
40 7.42772102356
50 10.1553900242
60 11.8142659664
70 14.210324049
80 15.4731891155
90 16.2310800552
100 17.3699240685
110 17.896171093
120 18.5412480831
130 19.0005309582
140 18.2463390827
150 18.6043448448
160 18.7713701725
170 19.1391580105
180 19.2660012245
190 19.2520589828
200 19.5654711723
210 19.1762630939
220 19.9134759903
230 20.7646639347
240 20.1681749821
250 20.4427309036
260 21.1245210171
270 21.4052219391
280 21.7575871944
290 22.0696508884
300 21.994093895
310 22.2056958675
320 22.2678210735
330 22.8275010586
340 22.9714260101
350 24.3630809784
360 24.4211349487
370 23.7043011189
380 24.9104721546
390 25.5929038525
400 25.0470011234
410 26.3147699833
420 26.3547611237
430 26.1494431496
440 26.5709598064
450 27.2200648785
460 28.6387560368
470 27.3749499321
480 27.6568191051
490 28.9798460007
500 29.8635110855
510 30.6137020588
520 30.6610291004
530 30.4826238155
540 30.807158947
