20 96.0929479599
40 107.306062937
60 122.783793926
80 142.205899
100 158.500301123
120 176.416808844
140 194.149853945
160 206.017858028
180 206.581484795
200 212.650828123
220 207.705481052
240 221.109754086
260 209.785761118
280 216.941205025
300 214.848396063
320 203.959781885
340 207.629379034
360 212.986536026
380 198.99149704
400 215.225955963
420 216.919073105
440 208.65250206
460 232.656235933
480 218.539218903
500 217.205980062
520 217.055927038
540 220.312381983
560 218.944356918
580 210.012700081
600 201.93940115
620 203.962172985
640 201.796935081
660 223.297101021
680 224.15666008
700 210.114383936
720 222.39551878
740 211.701602936
760 223.065925837
780 214.383615971
800 208.404606819
820 227.492362976
840 209.234560013
860 214.669642925
880 219.304351091
900 218.515066862
920 217.088742018
940 206.09713316
