2 0.0839700698853
4 0.0752558708191
6 0.0714609622955
8 0.0763008594513
10 0.0734810829163
12 0.0721039772034
14 0.0864610671997
16 0.0838749408722
18 0.0786440372467
20 0.0860321521759
22 0.0810420513153
24 0.0997109413147
26 0.0962719917297
28 0.0920450687408
30 0.0802960395813
32 0.0787580013275
34 0.0768730640411
36 0.0762588977814
38 0.070601940155
40 0.0728669166565
42 0.0647161006927
44 0.0630040168762
46 0.0561230182648
48 0.0527901649475
50 0.0507819652557
52 0.0686039924622
54 0.0699157714844
56 0.0557780265808
58 0.0464890003204
60 0.0572600364685
62 0.0413200855255
64 0.0341670513153
66 0.0322370529175
68 0.0523660182953
70 0.0267271995544
72 0.0454740524292
74 0.0387120246887
76 0.0365931987762
78 0.0339121818542
80 0.0211770534515
82 0.0160958766937
84 0.0192651748657
86 0.0112309455872
88 0.0138909816742
90 0.00839304924011
92 0.011262178421
94 0.00630211830139
96 0.00464105606079
98 0.00415396690369
100 0.00209903717041
