2 0.0208311080933
4 0.0278840065002
6 0.0320031642914
8 0.0340800285339
10 0.0453472137451
12 0.0395970344543
14 0.03972697258
16 0.03782081604
18 0.0421450138092
20 0.0463008880615
22 0.0445108413696
24 0.0508618354797
26 0.0454728603363
28 0.0411028862
30 0.0471348762512
32 0.0415709018707
34 0.0351359844208
36 0.0525918006897
38 0.0306289196014
40 0.0448298454285
42 0.0389430522919
44 0.0339379310608
46 0.0291349887848
48 0.023845911026
50 0.026841878891
52 0.0218031406403
54 0.0206549167633
56 0.0243301391602
58 0.0234489440918
60 0.0265820026398
62 0.0223081111908
64 0.00382685661316
66 0.00193405151367
