20 9.54892802238
40 25.7070660591
60 44.1910610199
80 54.5230681896
100 62.4106340408
120 64.9810519218
140 64.1509749889
160 58.8944909573
180 55.8767471313
200 56.7803947926
220 52.0082259178
240 48.9109790325
260 47.1887309551
280 43.3899691105
300 42.5466458797
320 39.4133307934
340 37.6943619251
360 36.2217140198
380 33.5175859928
400 32.4001789093
420 31.545853138
440 29.6125957966
460 27.142870903
480 27.2330949306
500 25.4480829239
520 21.9220631123
540 19.2435638905
560 18.2325758934
580 15.1943771839
600 14.2887380123
620 11.6940960884
640 10.1063718796
660 8.99566984177
680 7.35256910324
700 6.25387477875
720 5.21239304543
740 4.3314139843
760 3.50143194199
780 2.78389501572
800 2.25098991394
820 1.70704102516
840 1.31924080849
860 0.976946115494
880 0.732385158539
900 0.506652116776
920 0.355180025101
940 0.223274946213
960 0.134126901627
980 0.0681178569794
1000 0.00600981712341
