2 0.0180048942566
4 0.0258188247681
6 0.0240020751953
8 0.0302529335022
10 0.0309631824493
12 0.0363428592682
14 0.0327482223511
16 0.0291910171509
18 0.0319409370422
20 0.0399680137634
22 0.0302860736847
24 0.0486199855804
26 0.0291450023651
28 0.0309591293335
30 0.0374600887299
32 0.0239450931549
34 0.0282680988312
36 0.0219888687134
38 0.0242831707001
40 0.0187342166901
42 0.0256769657135
44 0.0211608409882
46 0.0207211971283
48 0.0160810947418
50 0.0189030170441
52 0.00382018089294
54 0.00178909301758
