2 0.0678458213806
4 0.0608389377594
6 0.0556898117065
8 0.0567979812622
10 0.055675983429
12 0.0590100288391
14 0.0562880039215
16 0.0523681640625
18 0.0529758930206
20 0.054701089859
22 0.0514669418335
24 0.0544412136078
26 0.0480289459229
28 0.0475280284882
30 0.0480878353119
32 0.0426421165466
34 0.0438771247864
36 0.0430319309235
38 0.0387589931488
40 0.0405030250549
42 0.0477859973907
44 0.0461759567261
46 0.0403289794922
48 0.0394861698151
50 0.0244741439819
52 0.0263230800629
54 0.0203399658203
56 0.0183160305023
58 0.0195798873901
60 0.0203649997711
62 0.0152108669281
64 0.0100870132446
66 0.0133190155029
68 0.0078649520874
70 0.0067241191864
72 0.00557589530945
74 0.00411510467529
76 0.00334000587463
78 0.00199413299561
