20 3.89476799965
40 11.187016964
60 20.595402956
80 28.3630459309
100 35.536303997
120 37.647564888
140 41.881141901
160 38.9907898903
180 37.6777210236
200 32.9120378494
220 34.573964119
240 30.3386471272
260 25.7117800713
280 24.9566059113
300 22.9028511047
320 22.3482499123
340 21.0770368576
360 19.1193449497
380 16.9762780666
400 14.8967239857
420 13.3628840446
440 10.7410430908
460 9.08701992035
480 7.51664018631
500 6.48748707771
520 5.3808760643
540 4.30365109444
560 4.08832502365
580 2.74041509628
600 2.09806799889
620 1.7759809494
640 1.2390229702
660 0.940718889236
680 0.700877904892
700 0.493458986282
720 0.36224603653
740 0.277776002884
760 0.220258951187
780 0.00849103927612
