2 0.172096967697
4 0.091089963913
6 0.0726690292358
8 0.147734880447
10 0.0734980106354
12 0.110072851181
14 0.105003833771
16 0.106735944748
18 0.0800621509552
20 0.088161945343
22 0.0862929821014
24 0.0940589904785
26 0.096654176712
28 0.0928521156311
30 0.0947680473328
32 0.0978820323944
34 0.0965740680695
36 0.102343797684
38 0.0988209247589
40 0.104061841965
42 0.101005792618
44 0.104455947876
46 0.104826927185
48 0.102509975433
50 0.107218027115
52 0.11022901535
54 0.113396167755
56 0.109137058258
58 0.113475084305
60 0.117652893066
62 0.112965106964
