5 0.234737873077
10 0.357117176056
15 0.531663894653
20 0.712181091309
25 0.940321922302
30 1.14382410049
35 1.28763890266
40 1.47061491013
45 1.5268599987
50 1.61537718773
55 1.5498290062
60 1.67123603821
65 1.60297203064
70 1.55398416519
75 1.59127998352
80 1.31410312653
85 1.26763606071
90 1.33209490776
95 1.08264899254
100 1.13033103943
105 1.05673503876
110 0.967730998993
115 0.801491975784
120 0.796093940735
125 0.769720077515
130 0.672118902206
135 0.630673885345
140 0.626510858536
145 0.55656504631
150 0.495376825333
155 0.456137180328
160 0.498914957047
165 0.356658935547
170 0.341701030731
175 0.31374502182
180 0.289368867874
185 0.250220775604
190 0.236057043076
195 0.201494932175
200 0.17595911026
205 0.176195144653
210 0.146656990051
215 0.123548984528
220 0.121417999268
225 0.109870910645
230 0.0868780612946
235 0.0890929698944
240 0.0697498321533
245 0.0694599151611
250 0.059620141983
255 0.0523338317871
260 0.0496029853821
265 0.0561530590057
270 0.0392849445343
275 0.03400182724
280 0.027899980545
285 0.0162279605865
290 0.0127720832825
295 0.00944590568542
300 0.00308203697205
