10 0.938781023026
20 2.14042901993
30 3.66338801384
40 5.52360606194
50 7.38542509079
60 8.79358410835
70 10.3918170929
80 11.4538469315
90 12.9536800385
100 13.750633955
110 14.2281351089
120 13.3520860672
130 13.0110521317
140 13.2598409653
150 11.9953799248
160 10.5001938343
170 9.70600104332
180 9.10572099686
190 9.27006101608
200 8.57549285889
210 8.84995317459
220 8.42040205002
230 7.36741781235
240 6.37671709061
250 6.49309301376
260 5.7901930809
270 5.83420491219
280 4.78609704971
290 4.40381908417
300 3.93105006218
310 3.68308711052
320 3.23661518097
330 2.74167108536
340 2.65811491013
350 2.30074000359
360 1.89396691322
370 1.72645497322
380 1.41617798805
390 1.29484295845
400 1.05112218857
410 0.958291053772
420 0.769922971725
430 0.644315958023
440 0.539469957352
450 0.461735010147
460 0.379087924957
470 0.317056894302
480 0.255787849426
490 0.227106809616
500 0.190550804138
510 0.168556928635
520 0.151350021362
530 0.134934902191
540 0.00382995605469
