10 1.08816099167
20 2.68071293831
30 4.89238810539
40 6.96495604515
50 9.22105503082
60 10.955780983
70 13.0262188911
80 13.9496970177
90 15.225771904
100 15.3737390041
110 16.4663169384
120 15.5739998817
130 16.6438450813
140 16.5915689468
150 16.8788120747
160 16.8260951042
170 17.7507982254
180 17.5442931652
190 18.1995577812
200 17.7767601013
210 17.9019460678
220 18.3720331192
230 17.7818410397
240 17.1661570072
250 18.7012739182
260 18.4865911007
270 19.2583761215
280 20.0099861622
290 19.350484848
300 20.050424099
310 21.4595251083
320 20.2283229828
330 20.8077399731
340 21.1357018948
350 21.8182549477
360 20.9427659512
370 21.9365491867
380 23.0060009956
390 22.4616451263
400 22.959097147
410 22.6547880173
420 24.0407240391
430 24.9160540104
440 24.841823101
450 25.3847019672
460 25.5340950489
470 25.4685349464
480 26.5731480122
490 26.6510419846
500 27.165792942
510 28.1207859516
520 27.5492289066
