2 0.0185091495514
4 0.0366129875183
6 0.0337240695953
8 0.0399899482727
10 0.0455651283264
12 0.0395629405975
14 0.0370528697968
16 0.0334281921387
18 0.0374431610107
20 0.041613817215
22 0.0396168231964
24 0.0410408973694
26 0.0434789657593
28 0.0376288890839
30 0.0406541824341
32 0.0296368598938
34 0.0286090373993
36 0.0312569141388
38 0.0288410186768
40 0.0276188850403
42 0.0300900936127
44 0.0250082015991
46 0.0220398902893
48 0.0214810371399
50 0.0185370445251
52 0.0327088832855
54 0.0174868106842
56 0.0253429412842
58 0.00697302818298
60 0.00182390213013
