2 0.0240519046783
4 0.0258259773254
6 0.0306639671326
8 0.0338518619537
10 0.035707950592
12 0.0330829620361
14 0.0383920669556
16 0.0363159179688
18 0.0392191410065
20 0.0432188510895
22 0.0409288406372
24 0.0430278778076
26 0.0418698787689
28 0.0470669269562
30 0.0393831729889
32 0.0368709564209
34 0.0305180549622
36 0.0368709564209
38 0.0278358459473
40 0.0296020507812
42 0.0275869369507
44 0.0227248668671
46 0.0295948982239
48 0.0244250297546
50 0.0195691585541
52 0.0231370925903
54 0.0192828178406
56 0.0193791389465
58 0.0219130516052
60 0.0039689540863
62 0.00184392929077
