5 0.270703077316
10 0.335923910141
15 0.486755132675
20 0.669718980789
25 0.892452955246
30 1.07790398598
35 1.28936696053
40 1.50794696808
45 1.62299394608
50 1.87339019775
55 2.00406312943
60 2.07600808144
65 2.24196004868
70 2.34287786484
75 2.28168797493
80 2.12912201881
85 2.08707809448
90 2.12982296944
95 1.75658297539
100 1.75881886482
105 1.76006793976
110 1.63494300842
115 1.70844316483
120 1.50440311432
125 1.55007886887
130 1.37797904015
135 1.32823395729
140 1.19141292572
145 1.13598489761
150 1.08112502098
155 0.995221853256
160 0.940692186356
165 0.883325099945
170 0.791305065155
175 0.778726100922
180 0.627188920975
185 0.604328155518
190 0.527739048004
195 0.463472127914
200 0.400606870651
205 0.379087209702
210 0.328476905823
215 0.308501005173
220 0.275303125381
225 0.244213104248
230 0.220537900925
235 0.19694185257
240 0.178535938263
245 0.15450501442
250 0.145132064819
255 0.131816148758
260 0.129137039185
265 0.116366147995
270 0.0993320941925
275 0.0970590114594
280 0.0898261070251
285 0.0798740386963
290 0.0785570144653
295 0.0676600933075
300 0.00355005264282
