20 9.54417085648
40 28.0271911621
60 50.9536368847
80 67.3852548599
100 77.6132800579
120 84.3863260746
140 80.3557350636
160 73.3378069401
180 70.0743019581
200 66.3355131149
220 63.6606280804
240 58.2330629826
260 53.845927
280 48.8080999851
300 46.8947360516
320 37.7275221348
340 39.306000948
360 33.7690119743
380 30.6966679096
400 27.465255022
420 23.7897119522
440 23.4596219063
460 20.5044429302
480 19.8346738815
500 16.2623100281
520 13.9123549461
540 12.0562570095
560 11.6395709515
580 9.14040589333
600 8.13464808464
620 6.87873697281
640 5.73957490921
660 5.72300696373
680 5.22572493553
700 4.54491710663
720 2.97405219078
740 2.3812057972
760 2.6840569973
780 2.41718506813
800 1.96430683136
820 0.833447933197
840 0.625928163528
860 0.43368601799
880 0.289750099182
900 0.193356990814
920 0.119776010513
940 0.0812752246857
960 0.0492949485779
980 0.024973154068
1000 0.00575804710388
