2 0.107530117035
4 0.0895619392395
6 0.091521024704
8 0.0832529067993
10 0.0805051326752
12 0.097393989563
14 0.0885970592499
16 0.0935139656067
18 0.0953569412231
20 0.100296974182
22 0.0969679355621
24 0.113029956818
26 0.105392932892
28 0.109700918198
30 0.110253095627
32 0.118870019913
34 0.115939855576
36 0.124000787735
38 0.122099876404
40 0.120810985565
42 0.124628067017
44 0.12597489357
46 0.124033927917
48 0.126453876495
50 0.127379894257
52 0.127463102341
54 0.132462024689
56 0.134757995605
58 0.143111944199
60 0.137298107147
62 0.137537956238
64 0.135068893433
66 0.134052991867
68 0.144786119461
70 0.139744997025
