5 0.179776906967
10 0.264121055603
15 0.409785032272
20 0.539182901382
25 0.71346616745
30 0.944882154465
35 1.05932784081
40 1.19617509842
45 1.36526703835
50 1.50459098816
55 1.48396706581
60 1.67980289459
65 1.70276784897
70 1.72255015373
75 1.8341178894
80 1.80622696877
85 1.63807988167
90 1.74909687042
95 1.84490609169
100 1.79462003708
105 1.83587598801
110 1.68877983093
115 1.81820392609
120 1.80343317986
125 1.80420804024
130 1.80307602882
135 1.85020589828
140 1.88525104523
145 1.99919104576
150 1.89703202248
155 1.95693206787
160 1.85921907425
165 1.82329201698
170 1.76781606674
175 1.84840106964
180 1.73792600632
185 1.92575001717
190 1.8302628994
195 1.84473800659
200 2.02740907669
205 1.85016202927
210 1.87762999535
215 1.76097011566
220 2.05084490776
225 2.09167695045
230 1.89994978905
235 1.86449408531
240 2.0310781002
