2 0.0845839977264
4 0.0687820911407
6 0.0580289363861
8 0.07173204422
10 0.0672791004181
12 0.0756769180298
14 0.0666799545288
16 0.0734400749207
18 0.0706248283386
20 0.073657989502
22 0.0787889957428
24 0.0997080802917
26 0.096776008606
28 0.090852022171
30 0.0909631252289
32 0.087767124176
34 0.0789349079132
36 0.0916981697083
38 0.0745198726654
40 0.0744249820709
42 0.0786139965057
44 0.0672829151154
46 0.0678701400757
48 0.0600271224976
50 0.0617229938507
52 0.0540249347687
54 0.0524079799652
56 0.0565490722656
58 0.047091960907
60 0.0502860546112
62 0.04944896698
64 0.0431091785431
66 0.0367469787598
68 0.0428199768066
70 0.0447242259979
72 0.0313348770142
74 0.0302121639252
76 0.02911901474
78 0.0316059589386
80 0.0301699638367
82 0.0249300003052
84 0.0279901027679
86 0.0239050388336
88 0.022919178009
90 0.0222380161285
92 0.00207901000977
