2 0.057384967804
4 0.0507249832153
6 0.0444829463959
8 0.0614309310913
10 0.0454211235046
12 0.0539441108704
14 0.0459649562836
16 0.0428199768066
18 0.0420470237732
20 0.0378141403198
22 0.0542149543762
24 0.0376970767975
26 0.0333030223846
28 0.0335190296173
30 0.0421421527863
32 0.032860994339
34 0.0249650478363
36 0.0275888442993
38 0.02192902565
40 0.0224540233612
42 0.0159480571747
44 0.0149819850922
46 0.0192070007324
48 0.0101590156555
50 0.0129311084747
52 0.00764417648315
54 0.00647592544556
56 0.00863909721375
58 0.00410199165344
60 0.00279903411865
62 0.00183701515198
