2 0.149513959885
4 0.132019996643
6 0.118946075439
8 0.112530946732
10 0.110216856003
12 0.117570161819
14 0.130081892014
16 0.133100032806
18 0.137294054031
20 0.1439640522
22 0.175021886826
24 0.163880109787
26 0.182348012924
28 0.197380065918
30 0.194113969803
32 0.201560974121
34 0.209516048431
36 0.213613986969
38 0.217193126678
40 0.220304012299
42 0.226423978806
44 0.225594043732
46 0.220028877258
48 0.232280015945
50 0.231846094131
52 0.234469175339
54 0.2387778759
56 0.24279499054
58 0.241724014282
60 0.24801492691
62 0.240205049515
64 0.240849018097
66 0.246819972992
68 0.248852014542
70 0.25381398201
72 0.26637506485
74 0.262187957764
76 0.258656024933
78 0.264256000519
80 0.265784978867
82 0.26064991951
84 0.28054690361
86 0.286548852921
88 0.282772064209
90 0.287357091904
92 0.277549982071
94 0.277622938156
96 0.283752202988
98 0.293565988541
