10 0.608551025391
20 1.32075595856
30 2.21003603935
40 3.12765598297
50 3.94665908813
60 4.76876807213
70 5.21101212502
80 5.68936300278
90 5.66449213028
100 5.8756301403
110 6.16048502922
120 6.09898090363
130 6.46987199783
140 6.3127579689
150 6.71439218521
160 6.54728794098
170 6.32208895683
180 6.68604016304
190 6.682929039
200 6.7341427803
210 6.98910593987
220 7.25516700745
230 7.26334309578
240 7.49715995789
250 7.61547207832
260 7.77431511879
270 8.08787107468
280 8.03097486496
290 8.36109399796
300 8.82868695259
310 8.49299812317
320 8.80955696106
330 9.09623599052
340 8.94740986824
350 9.733066082
360 9.49810004234
