20 115.482468128
40 128.068275928
60 144.760579109
80 165.525059938
100 186.863241911
120 202.684937954
140 230.463400841
160 238.553083897
180 241.047370911
200 247.369479179
220 257.932574987
240 251.340734959
260 251.177726984
280 255.941973925
300 267.907243967
320 252.778445959
340 260.808120012
360 249.097428799
380 263.159929991
400 257.937433004
420 247.581344843
440 265.490558147
460 264.693757057
480 258.274346113
500 253.145251989
520 258.499815941
540 254.117040873
560 259.31443882
580 250.85080409
600 251.19593215
620 248.084084988
640 262.073846102
660 262.804147959
680 253.088150024
700 258.842089891
720 260.812849998
740 253.807509899
760 265.502526999
780 253.729368925
800 234.971374989
820 250.846698046
840 243.334168911
860 263.050683022
880 258.764858961
900 242.614857197
920 255.346323967
940 257.004719973
960 251.327903986
980 266.622539043
1000 252.708050013
