2 0.146461963654
4 0.117254972458
6 0.110305070877
8 0.109181880951
10 0.113489151001
12 0.118922948837
14 0.123276948929
16 0.12516617775
18 0.127483844757
20 0.141873836517
22 0.146327972412
24 0.154515028
26 0.158274888992
28 0.162838935852
30 0.182307004929
32 0.186061143875
34 0.175419092178
36 0.195505142212
38 0.198137044907
40 0.208652019501
42 0.198171138763
44 0.194401979446
46 0.210964918137
48 0.208813905716
50 0.208276987076
52 0.211593866348
54 0.208230018616
56 0.260374069214
58 0.21854186058
60 0.217628002167
62 0.218966960907
64 0.2555539608
66 0.219997167587
68 0.237010955811
70 0.230594873428
72 0.228671073914
74 0.241302967072
76 0.240317821503
78 0.241282939911
80 0.234705924988
82 0.23447394371
84 0.248598098755
86 0.242506027222
88 0.266131877899
90 0.256870985031
92 0.260997056961
94 0.261701822281
