2 0.131628990173
4 0.132395982742
6 0.100716114044
8 0.128839969635
10 0.124294042587
12 0.119910001755
14 0.122632026672
16 0.124532938004
18 0.115672826767
20 0.123919010162
22 0.126868963242
24 0.135713100433
26 0.145138978958
28 0.147937059402
30 0.161655902863
32 0.158777952194
34 0.161615848541
36 0.167083978653
38 0.166355848312
40 0.171078205109
42 0.17564201355
44 0.173640966415
46 0.18234705925
48 0.169000864029
50 0.184980154037
52 0.182483911514
54 0.184056997299
56 0.188837051392
58 0.190434217453
60 0.193567037582
62 0.200109958649
64 0.193344116211
66 0.191174983978
68 0.190175056458
70 0.194567918777
72 0.202470064163
74 0.199206829071
76 0.197907924652
78 0.209866046906
80 0.202450990677
82 0.206438064575
84 0.209992170334
86 0.207099914551
