5 0.26197719574
10 0.300274848938
15 0.386246919632
20 0.539907932281
25 0.663192033768
30 0.816961050034
35 0.993915081024
40 1.1037800312
45 1.2450799942
50 1.28543496132
55 1.46457886696
60 1.50847005844
65 1.50993800163
70 1.52349710464
75 1.68935704231
80 1.5225610733
85 1.53256583214
90 1.66549086571
95 1.60649108887
100 1.65782380104
105 1.70107007027
110 1.75178098679
115 1.72241902351
120 1.6754899025
125 1.7620909214
130 1.83468484879
135 1.82386493683
140 1.85480499268
145 1.83535814285
150 1.9005510807
155 1.8548181057
160 2.01909303665
165 1.9523100853
170 1.94915699959
175 2.16150999069
180 2.04262399673
185 2.11008095741
190 2.12087392807
195 2.11565089226
200 2.19540691376
205 2.28027319908
210 2.33162093163
215 2.39045596123
220 2.39791488647
