2 0.159065008163
4 0.119822978973
6 0.110252857208
8 0.12114906311
10 0.103293895721
12 0.151140928268
14 0.148407936096
16 0.120549917221
18 0.110976934433
20 0.116462945938
22 0.115321159363
24 0.136391162872
26 0.131524085999
28 0.125442028046
30 0.123606920242
32 0.120805978775
34 0.109233140945
36 0.107934951782
38 0.102147102356
40 0.105028152466
42 0.0991389751434
44 0.0980348587036
46 0.134838104248
48 0.124542951584
50 0.0843548774719
52 0.0823678970337
54 0.075257062912
56 0.0751440525055
58 0.0680959224701
60 0.0764849185944
62 0.0658700466156
64 0.0623140335083
66 0.0551528930664
68 0.055545091629
70 0.0511820316315
72 0.0529968738556
74 0.054190158844
76 0.0431370735168
78 0.0357799530029
80 0.0372729301453
82 0.0296909809113
84 0.0326669216156
86 0.0270159244537
88 0.0268609523773
90 0.0326130390167
92 0.0260920524597
94 0.0194990634918
96 0.0131690502167
98 0.010617017746
100 0.00220918655396
