2 0.135188102722
4 0.116191864014
6 0.100214958191
8 0.0975840091705
10 0.0970070362091
12 0.103157997131
14 0.0981330871582
16 0.0989878177643
18 0.0965621471405
20 0.102386951447
22 0.10086607933
24 0.1046230793
26 0.101634025574
28 0.0983500480652
30 0.10605096817
32 0.0993740558624
34 0.0885391235352
36 0.0889580249786
38 0.0836179256439
40 0.0846412181854
42 0.079108953476
44 0.0837681293488
46 0.0759949684143
48 0.0674910545349
50 0.065936088562
52 0.0674500465393
54 0.0589489936829
56 0.0592789649963
58 0.060243844986
60 0.0531229972839
62 0.0453460216522
64 0.0426518917084
66 0.0398859977722
68 0.0367951393127
70 0.0539631843567
72 0.0353269577026
74 0.0290491580963
76 0.0384640693665
78 0.0273900032043
80 0.0211210250854
82 0.0195949077606
84 0.0210311412811
86 0.0142779350281
88 0.0153520107269
90 0.00924205780029
92 0.0020740032196
