2 0.0819239616394
4 0.0895819664001
6 0.090833902359
8 0.107023000717
10 0.100365877151
12 0.105408906937
14 0.11863899231
16 0.118927955627
18 0.123989105225
20 0.137840032578
22 0.140793085098
24 0.151341915131
26 0.152662992477
28 0.163712024689
30 0.166009902954
32 0.177613019943
34 0.17303609848
36 0.18470788002
38 0.190809011459
40 0.206614017487
42 0.214515924454
44 0.196410894394
46 0.195467948914
48 0.21151804924
50 0.206251859665
52 0.196203947067
54 0.198925018311
56 0.205008983612
58 0.211719989777
60 0.202016115189
62 0.213704109192
64 0.198292970657
66 0.193084001541
68 0.204543113708
70 0.216679096222
72 0.212826967239
74 0.199755907059
76 0.204121828079
78 0.203222036362
80 0.201246976852
