20 58.3774158955
40 66.9545722008
60 77.303137064
80 89.4648089409
100 102.105530024
120 116.37556386
140 123.162608862
160 128.835345984
180 128.817554951
200 127.795390129
220 134.747303963
240 142.211218119
260 133.892730951
280 138.704539061
300 132.63875103
320 133.666882038
340 130.397303104
360 140.061064959
380 136.217024803
400 137.970526934
420 135.958858013
440 130.850558043
460 133.783313036
480 140.10040617
500 130.509889841
520 136.186998129
540 139.00219512
560 130.883419037
580 134.157448053
600 129.432550907
620 136.651478052
640 130.873277187
660 134.473433971
680 138.124574184
700 130.895323038
720 140.54619503
740 137.847790003
760 130.96619606
780 132.950753212
800 129.233036041
