20 4.19916796684
40 10.8509550095
60 18.7366847992
80 22.1502630711
100 22.6205952168
120 20.5699939728
140 20.9000370502
160 17.1188910007
180 17.059319973
200 14.1920001507
220 13.3620610237
240 10.9309501648
260 9.85308408737
280 8.11210393906
300 7.29010486603
320 6.3230369091
340 5.11160707474
360 3.98604488373
380 3.42263412476
400 2.95972394943
420 2.3266119957
440 1.79659295082
460 1.4558069706
480 1.03248500824
500 0.780858039856
520 0.605449914932
540 0.423424005508
560 0.295156955719
580 0.190947771072
600 0.121280908585
620 0.0716698169708
640 0.0452518463135
660 0.0227630138397
680 0.00463008880615
