20 68.9015820026
40 77.5691640377
60 89.5282721519
80 104.853980064
100 117.910520077
120 129.253046036
140 137.233772993
160 150.703490019
180 151.865092039
200 151.479893923
220 152.043040037
240 160.382905006
260 151.916598797
280 149.149471045
300 160.498240948
320 155.716619015
340 165.74683404
360 163.527130842
380 157.766642094
400 158.050863028
420 154.980761051
440 155.719170094
460 149.91644907
480 153.964560986
500 157.775323868
520 153.919913054
540 160.722270012
560 155.064046144
580 155.639322042
600 145.141158104
620 158.830445051
640 146.377986193
660 157.517969131
680 154.516526937
700 153.956800938
720 156.64093399
740 159.743831873
760 150.223010063
780 166.393752098
800 152.352982044
820 161.042852879
840 151.147232056
