2 0.0240111351013
4 0.0338270664215
6 0.0338740348816
8 0.0398778915405
10 0.0524089336395
12 0.048602104187
14 0.0601999759674
16 0.0614981651306
18 0.062567949295
20 0.0694489479065
22 0.0675740242004
24 0.0719950199127
26 0.0840640068054
28 0.0864989757538
30 0.0827279090881
32 0.0752000808716
34 0.0738580226898
36 0.0753028392792
38 0.0733950138092
40 0.0728240013123
42 0.06241106987
44 0.0635190010071
46 0.0561108589172
48 0.0568120479584
50 0.0521340370178
52 0.0526659488678
54 0.0477659702301
56 0.0518100261688
58 0.0418021678925
60 0.0439231395721
62 0.0375471115112
64 0.0395061969757
66 0.0373058319092
68 0.0326271057129
70 0.0309250354767
72 0.0454950332642
74 0.0407721996307
76 0.0308878421783
78 0.0344369411469
80 0.0296540260315
82 0.0248789787292
84 0.0290360450745
86 0.0241219997406
88 0.00737380981445
90 0.00194096565247
