10 14.9738161564
20 16.2915179729
30 17.8786699772
40 20.0648190975
50 22.2541320324
60 24.6160690784
70 26.9999530315
80 28.7647609711
90 31.5327050686
100 33.8476259708
110 35.1503670216
120 37.1204988956
130 38.4076681137
140 37.0796720982
150 37.3377370834
160 36.0884339809
170 38.9565980434
180 35.982104063
190 38.6606738567
200 38.9929258823
210 38.510425806
220 35.6074280739
230 36.9435949326
240 36.3337440491
250 37.4956820011
260 37.7354500294
270 37.402230978
280 39.0555710793
290 39.885089159
300 36.108574152
310 38.0534689426
320 36.1781160831
330 36.9966750145
340 38.435781002
350 37.9533920288
360 40.1158399582
370 35.3144438267
380 37.9152779579
390 39.183839798
400 38.7875239849
410 41.4957780838
420 37.3297469616
430 36.5923368931
440 34.7880148888
450 39.4951069355
460 36.6977379322
470 39.63991189
480 37.1727089882
490 39.0018107891
500 37.4149298668
510 39.173484087
520 36.8708500862
