2 0.116552829742
4 0.107076883316
6 0.0850138664246
8 0.0951311588287
10 0.0905330181122
12 0.0805690288544
14 0.0844061374664
16 0.0805690288544
18 0.0817911624908
20 0.0779769420624
22 0.0805480480194
24 0.0762388706207
26 0.0770468711853
28 0.073933839798
30 0.0780429840088
32 0.0754380226135
34 0.0706989765167
36 0.0671000480652
38 0.0602970123291
40 0.0609929561615
42 0.0670628547668
44 0.0587310791016
46 0.0723190307617
48 0.0643479824066
50 0.0411729812622
52 0.0432460308075
54 0.0361170768738
56 0.033096075058
58 0.0345840454102
60 0.032516002655
62 0.0376400947571
64 0.0304200649261
66 0.02632188797
68 0.0180370807648
70 0.0214648246765
72 0.0180759429932
74 0.0193438529968
76 0.0127260684967
78 0.00162100791931
