20 6.62190198898
40 19.8954541683
60 33.9756910801
80 49.5328559875
100 59.4039261341
120 66.3957531452
140 71.5298700333
160 67.0338990688
180 69.3625240326
200 74.8051679134
220 73.8433301449
240 77.5096571445
260 73.4245839119
280 75.9034080505
300 74.0412800312
320 70.5977129936
340 72.5096449852
360 74.8317279816
380 73.3529691696
400 69.5571289062
420 71.6651799679
440 73.7628500462
460 73.5166919231
480 80.384761095
500 78.2857940197
520 75.6198790073
540 75.5350530148
560 75.6020011902
580 74.4456510544
600 77.8483040333
620 70.9371318817
640 74.3207819462
660 75.8353350163
680 74.859153986
700 74.1928880215
720 75.0486340523
740 75.1906638145
760 74.206291914
780 70.3819999695
800 70.4053030014
820 76.4108979702
