2 0.10181593895
4 0.0913681983948
6 0.0788068771362
8 0.0818650722504
10 0.0813529491425
12 0.0895628929138
14 0.0832629203796
16 0.0844619274139
18 0.0849528312683
20 0.0944910049438
22 0.0914859771729
24 0.101138114929
26 0.104775190353
28 0.105114936829
30 0.109368085861
32 0.109555006027
34 0.111181020737
36 0.107825040817
38 0.110280036926
40 0.119240999222
42 0.114547014236
44 0.123868942261
46 0.119434833527
48 0.112836837769
50 0.113559007645
52 0.120095014572
54 0.120939970016
56 0.123899936676
58 0.122200965881
60 0.121779918671
62 0.130530118942
64 0.12764787674
66 0.124629020691
