2 0.142176866531
4 0.11985707283
6 0.108767986298
8 0.11742401123
10 0.108844995499
12 0.106682062149
14 0.118489027023
16 0.123068094254
18 0.129765033722
20 0.133657932281
22 0.141796112061
24 0.150969028473
26 0.158529043198
28 0.175210952759
30 0.182907819748
32 0.170818090439
34 0.176470994949
36 0.192997932434
38 0.200825929642
40 0.205853939056
42 0.198292016983
44 0.204683065414
46 0.212347984314
48 0.207738876343
50 0.207144021988
52 0.311954975128
54 0.21549487114
56 0.308718919754
58 0.28847193718
60 0.268712997437
62 0.289077997208
64 0.297355890274
66 0.220893144608
68 0.280341148376
70 0.272094964981
72 0.223601818085
74 0.232589006424
76 0.294750928879
78 0.342272996902
80 0.269268035889
82 0.235535144806
84 0.24888086319
86 0.254860162735
88 0.246788978577
90 0.263556003571
92 0.251358985901
