5 0.310771226883
10 0.379572153091
15 0.528760194778
20 0.72566485405
25 0.913568973541
30 1.11455488205
35 1.35998082161
40 1.52052402496
45 1.73552799225
50 1.94762182236
55 2.09965181351
60 2.20167994499
65 2.43500304222
70 2.28950500488
75 2.48350477219
80 2.52221798897
85 2.47811889648
90 2.51416301727
95 2.50139904022
100 2.54324889183
105 2.56300902367
110 2.38803601265
115 2.68371009827
120 2.72436499596
125 2.55304503441
130 2.58882808685
135 2.89704608917
140 2.78098511696
145 2.82457995415
150 2.83922290802
155 2.90583014488
160 2.81226181984
165 2.92854499817
170 3.01035189629
175 3.03293585777
180 2.95124292374
185 3.14292287827
190 3.04102396965
195 3.20506596565
200 3.14371705055
205 3.15978503227
210 3.35284590721
215 3.34754180908
220 3.50252914429
225 3.4681251049
230 3.53212714195
235 3.56509399414
240 3.55352783203
245 3.66355586052
250 3.72548794746
255 3.86112594604
260 3.7681760788
