2 0.0470390319824
4 0.0589108467102
6 0.0533039569855
8 0.0572309494019
10 0.0630190372467
12 0.0735712051392
14 0.068451166153
16 0.071681022644
18 0.0714528560638
20 0.0763130187988
22 0.0753440856934
24 0.0823929309845
26 0.093682050705
28 0.0909259319305
30 0.0909819602966
32 0.0914318561554
34 0.0933289527893
36 0.0938520431519
38 0.0918481349945
40 0.105856180191
42 0.0973880290985
44 0.0955889225006
46 0.0962619781494
48 0.0913400650024
50 0.0934438705444
52 0.0925121307373
54 0.0925281047821
56 0.0883569717407
58 0.0928339958191
