2 0.0208721160889
4 0.0365109443665
6 0.0292510986328
8 0.0391430854797
10 0.0364491939545
12 0.0528268814087
14 0.0470530986786
16 0.0419321060181
18 0.0493760108948
20 0.0462551116943
22 0.0504651069641
24 0.0657579898834
26 0.0612478256226
28 0.0493500232697
30 0.0513410568237
32 0.0464868545532
34 0.0413858890533
36 0.0421049594879
38 0.0377950668335
40 0.0377011299133
42 0.0392439365387
44 0.0336899757385
46 0.0398280620575
48 0.0347228050232
50 0.0252449512482
52 0.0288679599762
54 0.023588180542
56 0.026465177536
58 0.0252561569214
60 0.0305149555206
62 0.0241911411285
64 0.0195419788361
66 0.019317150116
68 0.00394606590271
70 0.00195002555847
