5 0.0893521308899
10 0.189364910126
15 0.332798957825
20 0.474450111389
25 0.628858089447
30 0.786477088928
35 0.957623004913
40 1.06482386589
45 1.18093514442
50 1.3257420063
55 1.45490407944
60 1.41134190559
65 1.44928407669
70 1.32713103294
75 1.41923999786
80 1.32400608063
85 1.19200587273
90 1.19776201248
95 1.12949085236
100 1.12427401543
105 1.06034588814
110 0.867496013641
115 0.894493103027
120 0.857352018356
125 0.778696060181
130 0.774749040604
135 0.645588159561
140 0.605693101883
145 0.542950153351
150 0.490146875381
155 0.445998907089
160 0.389425992966
165 0.346868038177
170 0.300010919571
175 0.272461175919
180 0.270631074905
185 0.219639778137
190 0.193666934967
195 0.184443950653
200 0.164804935455
205 0.144024133682
210 0.134594202042
215 0.12028002739
220 0.116900920868
225 0.107000112534
230 0.0964169502258
235 0.0898730754852
240 0.0797898769379
245 0.0759420394897
250 0.0691080093384
255 0.0631790161133
260 0.00325608253479
