2 0.0248830318451
4 0.0258569717407
6 0.0291500091553
8 0.0354850292206
10 0.0354769229889
12 0.0372159481049
14 0.0432758331299
16 0.0418028831482
18 0.0442171096802
20 0.0490291118622
22 0.047101020813
24 0.047180891037
26 0.0499000549316
28 0.0481970310211
30 0.0475189685822
32 0.0407109260559
34 0.0621650218964
36 0.0368988513947
38 0.0338740348816
40 0.053416967392
42 0.0473918914795
44 0.0403599739075
46 0.034744977951
48 0.0334899425507
50 0.0245292186737
52 0.027948141098
54 0.0389301776886
56 0.0353088378906
58 0.0292949676514
60 0.0246620178223
62 0.0253109931946
64 0.019015789032
66 0.0186860561371
68 0.00195407867432
