2 0.0232129096985
4 0.0405158996582
6 0.0409688949585
8 0.0378968715668
10 0.0427639484406
12 0.0514869689941
14 0.0575499534607
16 0.0572509765625
18 0.0581860542297
20 0.147186040878
22 0.0619540214539
24 0.149308919907
26 0.134979963303
28 0.14987206459
30 0.145025968552
32 0.134214878082
34 0.0659918785095
36 0.0621309280396
38 0.0674059391022
40 0.0590641498566
42 0.0544130802155
44 0.0574791431427
46 0.0587689876556
48 0.0510678291321
50 0.0461390018463
52 0.0454430580139
54 0.0418360233307
56 0.0459289550781
58 0.0358998775482
60 0.038763999939
62 0.03227186203
64 0.0354430675507
66 0.0294671058655
68 0.0289559364319
70 0.0326011180878
72 0.0309610366821
74 0.0332961082458
76 0.028480052948
78 0.0239841938019
80 0.0236070156097
82 0.0236339569092
84 0.00414681434631
86 0.00202894210815
