10 16.8554308414
20 18.2459700108
30 19.9154272079
40 22.3587620258
50 24.4308788776
60 26.7601861954
70 29.5982911587
80 31.8714818954
90 34.4953639507
100 37.0654089451
110 38.4019079208
120 41.1837899685
130 42.279006958
140 42.7968811989
150 43.991519928
160 41.7120838165
170 42.6130828857
180 45.0309779644
190 45.7176949978
200 43.4795229435
210 43.7751569748
220 41.5844302177
230 42.1597309113
240 42.9436409473
250 41.2372069359
260 42.0966181755
270 45.0892820358
280 40.884513855
290 43.5998470783
300 41.076581955
310 42.7683560848
320 45.4446799755
330 41.3969259262
340 40.6982018948
350 40.8705408573
360 46.9806799889
370 40.8713638783
380 43.2401111126
390 42.4617779255
400 41.831441164
410 44.6216721535
420 42.7138338089
430 43.5515840054
440 46.0040030479
450 45.7341499329
460 43.2611951828
470 44.0471129417
480 42.5445659161
490 41.3995401859
500 42.9329988956
510 43.1309740543
520 39.3963549137
530 41.833422184
540 43.0948810577
