2 0.0239272117615
4 0.0341000556946
6 0.0346109867096
8 0.0530049800873
10 0.0530519485474
12 0.0541300773621
14 0.0585649013519
16 0.0598990917206
18 0.065055847168
20 0.0686790943146
22 0.0720009803772
24 0.0788621902466
26 0.0757269859314
28 0.0799679756165
30 0.0845611095428
32 0.080600976944
34 0.0857350826263
36 0.0733580589294
38 0.0737020969391
40 0.0705168247223
42 0.0701451301575
44 0.0715360641479
46 0.0644068717957
48 0.0576310157776
50 0.0545659065247
52 0.0559778213501
54 0.0500779151917
56 0.0541729927063
58 0.0455319881439
60 0.0469620227814
62 0.0404419898987
64 0.038388967514
66 0.0356960296631
68 0.0379359722137
70 0.0329449176788
72 0.0349321365356
74 0.029944896698
76 0.0292680263519
78 0.0319640636444
80 0.0267069339752
82 0.026004076004
84 0.0295100212097
86 0.0250821113586
88 0.0261421203613
90 0.00413203239441
92 0.0019838809967
