10 1.38979196548
20 3.53755807877
30 6.37491393089
40 9.70436096191
50 12.4554569721
60 15.3320410252
70 18.1678209305
80 19.6440558434
90 20.8785810471
100 22.2718980312
110 23.3524389267
120 24.0680699348
130 24.9674680233
140 24.6712560654
150 23.9603881836
160 25.3665041924
170 23.7388150692
180 24.2468421459
190 25.1632220745
200 25.0111348629
210 25.5907578468
220 25.8525791168
230 26.0744709969
240 26.1642789841
250 26.9766011238
260 27.6409201622
270 28.000025034
280 28.1971409321
290 28.7177100182
300 29.0613410473
310 29.2442760468
320 29.1203100681
330 28.5668978691
340 29.7472610474
350 30.5987229347
360 30.8378989697
370 31.3137660027
380 31.6354789734
390 32.18572402
400 31.5088450909
410 32.4327800274
420 32.8233659267
430 34.6375319958
440 33.8831391335
450 36.248773098
460 34.7837531567
470 36.1917049885
480 35.3754169941
490 35.4988100529
500 37.2646489143
510 37.6490721703
520 38.6453721523
530 38.7876608372
540 37.7415800095
550 38.4938671589
560 38.6180400848
570 40.5562570095
580 41.5671319962
590 41.3777770996
600 43.3442130089
