2 0.051971912384
4 0.0590710639954
6 0.0588471889496
8 0.0623958110809
10 0.0691771507263
12 0.0713419914246
14 0.0779061317444
16 0.078332901001
18 0.0779349803925
20 0.0872020721436
22 0.0897710323334
24 0.0955808162689
26 0.0943801403046
28 0.096086025238
30 0.109461069107
32 0.109322071075
34 0.107535839081
36 0.109580993652
38 0.103699207306
40 0.112061023712
42 0.112250089645
44 0.107141017914
46 0.145316123962
48 0.149495840073
50 0.105813026428
52 0.110209941864
54 0.105760097504
56 0.104439020157
58 0.106724023819
60 0.11146402359
62 0.10834479332
