20 43.2096588612
40 49.9577081203
60 58.8561420441
80 69.4834580421
100 79.9132862091
120 90.7015969753
140 95.6725208759
160 94.8989429474
180 100.291427135
200 99.7797718048
220 100.13211298
240 97.1061449051
260 110.562386036
280 99.2656388283
300 98.7476081848
320 105.348990917
340 92.4259140491
360 97.772231102
380 97.444106102
400 99.5096449852
420 95.7733981609
440 96.8555400372
460 99.6184530258
480 102.060250998
500 103.161900997
520 99.3729479313
540 97.9531650543
560 90.849034071
580 99.5614860058
600 102.680453062
620 101.9992342
640 102.450968981
660 100.645462036
680 99.5485560894
700 95.1105368137
720 98.2966380119
