20 42.7392151356
40 49.5157401562
60 59.0260939598
80 68.2702028751
100 79.3034040928
120 88.5474989414
140 92.2400720119
160 97.2724378109
180 101.329743147
200 98.7548160553
220 100.025696039
240 94.4516210556
260 98.5213980675
280 98.7320170403
300 99.623344183
320 103.668890953
340 100.889637947
360 101.254807949
380 96.6933438778
400 100.761056185
420 99.097784996
440 93.2741289139
460 106.836839914
480 99.3461740017
500 96.4659359455
520 99.744604826
540 97.8191771507
560 94.6353490353
580 101.551687002
600 97.0073850155
620 98.4527919292
640 106.007848978
660 104.83536315
680 100.022274017
700 95.186850071
720 104.217645884
