2 0.10622882843
4 0.116437911987
6 0.119668006897
8 0.12829709053
10 0.135324001312
12 0.138026952744
14 0.15146613121
16 0.160910129547
18 0.161913156509
20 0.1815969944
22 0.181715965271
24 0.203543186188
26 0.202804088593
28 0.21154999733
30 0.216672182083
32 0.232922792435
34 0.230746984482
36 0.242782831192
38 0.249545097351
40 0.25688290596
42 0.264539003372
44 0.265624046326
46 0.286852121353
48 0.274231910706
50 0.254859209061
52 0.286418914795
54 0.271238088608
56 0.291950941086
58 0.265612125397
60 0.297857046127
62 0.288568019867
64 0.295293092728
66 0.310361862183
68 0.300760984421
70 0.268832921982
72 0.304930210114
74 0.287756919861
76 0.292064905167
78 0.279100894928
80 0.280728816986
82 0.299699068069
84 0.27534198761
86 0.274760961533
88 0.295943975449
90 0.288475990295
92 0.28857588768
