2 0.102052927017
4 0.111474990845
6 0.114904880524
8 0.126140832901
10 0.125339984894
12 0.144986152649
14 0.146902084351
16 0.151037931442
18 0.156253099442
20 0.190532922745
22 0.171998977661
24 0.201723098755
26 0.195718050003
28 0.201771020889
30 0.22057390213
32 0.221027851105
34 0.222355127335
36 0.232121944427
38 0.234324216843
40 0.250246047974
42 0.256096839905
44 0.256734132767
46 0.27677488327
48 0.248559951782
50 0.255894184113
52 0.259481906891
54 0.286498069763
56 0.277171134949
58 0.250231981277
60 0.300771951675
62 0.297943115234
64 0.256002902985
66 0.275989055634
68 0.281798124313
70 0.282932043076
72 0.279186010361
74 0.267338991165
76 0.281399011612
78 0.292881965637
80 0.259135007858
82 0.268167972565
84 0.290703058243
86 0.263868808746
88 0.269326925278
90 0.279757976532
