20 4.56420397758
40 10.9701828957
60 19.5963819027
80 27.6545538902
100 33.5587480068
120 37.125936985
140 37.7144861221
160 35.7912368774
180 32.3411769867
200 30.1996231079
220 28.8150720596
240 25.3748171329
260 25.3081161976
280 23.577660799
300 21.660161972
320 20.3911421299
340 16.4832100868
360 16.4043200016
380 15.2980768681
400 13.9767799377
420 10.782515049
440 9.82434606552
460 7.64045000076
480 6.62969398499
500 5.35986804962
520 4.49491810799
540 3.60769510269
560 2.81728196144
580 2.21497893333
600 1.77454900742
620 1.27279806137
640 0.940660953522
660 0.663649082184
680 0.498250961304
700 0.345191955566
720 0.262387037277
740 0.200225114822
760 0.00447487831116
