10 10.0641379356
20 10.9431259632
30 12.2741529942
40 13.7699501514
50 15.4539101124
60 17.6560781002
70 19.5355920792
80 20.5771460533
90 22.860065937
100 23.6210050583
110 25.8215939999
120 24.4339871407
130 25.7395150661
140 26.7513070107
150 26.5920579433
160 26.8660748005
170 25.9454119205
180 27.1045839787
190 27.1085929871
200 26.1632261276
210 25.7121949196
220 25.2044641972
230 25.6917829514
240 26.9320158958
250 26.8641979694
260 26.4961249828
270 29.1325080395
280 26.6256670952
290 25.3697650433
300 25.8449370861
310 24.8692600727
320 26.843432188
330 27.7585201263
340 26.2808980942
350 26.7721540928
360 25.884770155
370 26.6682040691
380 27.3254618645
390 24.2853598595
400 26.4717140198
410 26.5846838951
420 24.8248078823
430 26.2732021809
440 27.3518841267
450 26.0057771206
460 25.7862839699
