2 0.0742778778076
4 0.0848171710968
6 0.0872409343719
8 0.0949461460114
10 0.0956320762634
12 0.0971219539642
14 0.104573011398
16 0.1157579422
18 0.113615989685
20 0.127758979797
22 0.129280805588
24 0.137703895569
26 0.139949083328
28 0.146774053574
30 0.150712966919
32 0.156167030334
34 0.158368110657
36 0.165729999542
38 0.170166015625
40 0.174513816833
42 0.167475938797
44 0.182688951492
46 0.169989109039
48 0.18027305603
50 0.177048921585
52 0.175818920135
54 0.172616958618
56 0.171710968018
58 0.173079013824
60 0.188008785248
62 0.176259040833
64 0.177535057068
66 0.171573162079
68 0.176330804825
70 0.175011873245
72 0.179498910904
74 0.18296289444
76 0.179898023605
