2 0.146987915039
4 0.125399827957
6 0.114799976349
8 0.117122173309
10 0.113087892532
12 0.112729072571
14 0.118906021118
16 0.129588127136
18 0.134541034698
20 0.143014907837
22 0.152788162231
24 0.166306018829
26 0.172930955887
28 0.187423944473
30 0.188868999481
32 0.193764925003
34 0.195424079895
36 0.206997156143
38 0.212636947632
40 0.211186885834
42 0.227797985077
44 0.215652942657
46 0.239618062973
48 0.237020969391
50 0.218517065048
52 0.224779129028
54 0.224730968475
56 0.231104135513
58 0.235002040863
60 0.233863115311
62 0.245150089264
64 0.251030921936
66 0.239334106445
68 0.253738880157
70 0.242365121841
72 0.249248981476
74 0.245938777924
76 0.285011053085
78 0.297482967377
80 0.284147024155
82 0.246397018433
84 0.264878988266
86 0.262974023819
88 0.263878107071
90 0.276266098022
92 0.278542995453
94 0.275291919708
96 0.27090382576
