2 0.0623450279236
4 0.0503809452057
6 0.0423400402069
8 0.0453658103943
10 0.0419998168945
12 0.044842004776
14 0.0587410926819
16 0.05850481987
18 0.0483400821686
20 0.0526978969574
22 0.0485000610352
24 0.0684840679169
26 0.0528039932251
28 0.0644600391388
30 0.0589389801025
32 0.053906917572
34 0.0422489643097
36 0.0393369197845
38 0.0414428710938
40 0.0455729961395
42 0.038624048233
44 0.0300400257111
46 0.0320148468018
48 0.0263071060181
50 0.0251460075378
52 0.0281050205231
54 0.0269770622253
56 0.0357449054718
58 0.0284020900726
60 0.0269708633423
62 0.0246341228485
64 0.0183629989624
66 0.0176548957825
68 0.0169129371643
70 0.00197196006775
