20 3.63504195213
40 9.93350791931
60 18.0611100197
80 25.4684948921
100 30.4364449978
120 33.9553990364
140 34.6512041092
160 30.5979640484
180 28.5558159351
200 30.5952429771
220 25.3904180527
240 25.5910410881
260 23.2979810238
280 18.8413329124
300 17.6619968414
320 16.7550268173
340 15.2579360008
360 15.0423989296
380 13.393217802
400 10.8445599079
420 9.53108000755
440 7.94851398468
460 6.62614321709
480 5.52253007889
500 4.47153306007
520 3.4914059639
540 2.72724819183
560 2.36280894279
580 1.65065479279
600 1.23976182938
620 0.903379201889
640 0.695966959
660 0.481780052185
680 0.354385137558
700 0.262212991714
720 0.204137086868
740 0.00441908836365
