20 46.5887479782
40 53.2811238766
60 63.3882830143
80 75.5703799725
100 83.2187321186
120 92.7270798683
140 103.688725948
160 103.46527195
180 100.77584219
200 103.959560156
220 105.974130869
240 107.011023045
260 105.961335897
280 111.713235855
300 105.052266121
320 108.689328909
340 113.617227077
360 102.769695997
380 101.496428967
400 106.792492867
420 111.209681034
440 106.115556002
460 102.900720119
480 109.677543163
500 110.988279104
520 106.997116089
540 106.722898006
560 107.224296093
580 103.697112083
600 104.302218914
620 105.966217995
640 103.655823946
660 110.101867914
680 105.855838776
700 103.766272068
720 106.807451963
740 110.418845892
