2 0.108597993851
4 0.122519016266
6 0.120969057083
8 0.174854040146
10 0.13724899292
12 0.140329837799
14 0.150687932968
16 0.195024967194
18 0.164652109146
20 0.17987203598
22 0.18657207489
24 0.193820953369
26 0.200921058655
28 0.205168962479
30 0.227408885956
32 0.229356050491
34 0.23221206665
36 0.267878055573
38 0.253093004227
40 0.280889034271
42 0.278557062149
44 0.279616832733
46 0.279914855957
48 0.274464845657
50 0.290158987045
52 0.302616119385
54 0.308768033981
56 0.276011943817
58 0.28856086731
60 0.305716991425
62 0.297867059708
64 0.305279016495
66 0.286468982697
68 0.296658992767
70 0.314893960953
72 0.297355890274
74 0.315510988235
76 0.295624017715
78 0.305068016052
80 0.280203104019
82 0.287266016006
84 0.290735006332
86 0.294570922852
88 0.295078039169
90 0.285072088242
92 0.300445079803
94 0.283879995346
