5 1.96119189262
10 2.09601020813
15 2.29648399353
20 2.51279401779
25 2.74102497101
30 2.97907185555
35 3.3236079216
40 3.41337299347
45 3.85055208206
50 4.21544718742
55 4.45119905472
60 4.69102692604
65 4.9275701046
70 5.04053592682
75 5.69008588791
80 5.5686378479
85 5.76049494743
90 5.63101100922
95 6.08159589767
100 6.49975395203
105 6.04826498032
110 6.10421419144
115 6.12159514427
120 5.80053305626
125 6.06915903091
130 6.31795597076
135 6.20852613449
140 6.63255405426
145 6.017152071
150 6.24092888832
155 6.10265898705
160 5.73290514946
165 6.29188799858
170 5.48891186714
175 6.2969930172
180 5.51491904259
185 5.83454704285
190 6.53973603249
195 6.03835296631
200 6.09265899658
205 6.54049897194
210 5.75116181374
215 6.15315198898
220 6.13237714767
225 5.99848413467
230 6.51901507378
235 6.23203611374
240 6.29672503471
245 5.77076292038
250 6.03603816032
255 6.74349784851
260 6.38685798645
265 6.39851498604
270 6.35188794136
275 6.00390410423
280 6.38281393051
