2 0.105278015137
4 0.0980398654938
6 0.0884459018707
8 0.0943369865417
10 0.0907068252563
12 0.0900509357452
14 0.100765943527
16 0.104327917099
18 0.103359937668
20 0.104801893234
22 0.109678030014
24 0.121856927872
26 0.116608142853
28 0.125566005707
30 0.131582975388
32 0.127249002457
34 0.132647037506
36 0.146942853928
38 0.144388914108
40 0.146352052689
42 0.145210981369
44 0.148900032043
46 0.155210018158
48 0.143296957016
50 0.144304990768
52 0.156377077103
54 0.148514986038
56 0.144264221191
58 0.142375946045
60 0.146317958832
62 0.150696992874
64 0.14229798317
66 0.14647603035
68 0.14776802063
70 0.13888001442
