10 0.333799123764
20 0.865570068359
30 1.49768686295
40 2.23938107491
50 2.84739017487
60 3.31029105186
70 3.71682786942
80 3.80976200104
90 3.97699189186
100 3.83783912659
110 3.41027998924
120 3.33550906181
130 2.61390900612
140 2.54629397392
150 2.53544902802
160 2.18828892708
170 1.87141609192
180 1.77343606949
190 1.48545408249
200 1.39945197105
210 1.08719396591
220 1.03174901009
230 0.811518192291
240 0.648711919785
250 0.498309850693
260 0.516765117645
270 0.365999937057
280 0.325186014175
290 0.25724697113
300 0.20494890213
310 0.171509981155
320 0.139662027359
330 0.119181871414
340 0.105073928833
350 0.0952949523926
360 0.00319409370422
