5 1.07472109795
10 1.1092748642
15 1.19392991066
20 1.30301213264
25 1.45270609856
30 1.59373497963
35 1.79711389542
40 1.96001601219
45 2.06799888611
50 2.76914596558
55 2.48331284523
60 3.13238596916
65 2.75947594643
70 3.02324104309
75 3.94506597519
80 4.06266713142
85 3.07851195335
90 3.0188369751
95 3.055986166
100 3.14099502563
105 2.98851585388
110 3.10504388809
115 3.22977495193
120 3.26685214043
125 3.57032799721
130 3.31672286987
135 3.08421206474
140 3.17005300522
145 3.0895678997
150 3.06485390663
155 3.0271589756
160 2.9544210434
165 2.90088605881
170 3.11842298508
175 3.07658696175
180 3.18211507797
185 3.22974300385
190 3.10049796104
195 2.97540402412
200 3.05173802376
205 3.18231797218
210 3.13662314415
215 3.25050711632
220 2.94817304611
