20 5.17929983139
40 14.1023647785
60 25.317866087
80 37.2394349575
100 46.6789209843
120 55.4559061527
140 56.6372270584
160 55.7434978485
180 58.0444869995
200 51.8709509373
220 51.4284641743
240 48.6099660397
260 44.2701699734
280 42.9948451519
300 35.6947188377
320 36.6798110008
340 34.0651597977
360 30.1272969246
380 30.8329391479
400 26.8192820549
420 23.3849611282
440 22.7105770111
460 19.0709469318
480 18.0297298431
500 15.9220750332
520 12.2302930355
540 11.4027950764
560 10.2394738197
580 8.0176949501
600 6.78438091278
620 5.63545489311
640 4.78502106667
660 3.64316391945
680 2.9894349575
700 2.27684807777
720 1.85514879227
740 1.2816529274
760 1.00538086891
780 0.747140169144
800 0.55836892128
820 0.399090051651
840 0.310389041901
860 0.23939704895
880 0.00490713119507
