2 0.0735428333282
4 0.0643649101257
6 0.0646288394928
8 0.0672481060028
10 0.0596590042114
12 0.0684349536896
14 0.0667560100555
16 0.06822514534
18 0.0836200714111
20 0.0702481269836
22 0.0842580795288
24 0.084244966507
26 0.0820331573486
28 0.0806810855865
30 0.0804891586304
32 0.0785880088806
34 0.0831549167633
36 0.0867929458618
38 0.0802450180054
40 0.0873990058899
42 0.0917959213257
44 0.0872461795807
46 0.093729019165
48 0.0900230407715
50 0.0830109119415
52 0.0837738513947
54 0.0856339931488
