10 0.625972032547
20 1.47833800316
30 2.52808618546
40 3.36611795425
50 4.1102809906
60 4.4592769146
70 4.86254715919
80 4.52599406242
90 4.34635400772
100 4.05437302589
110 3.6420571804
120 3.81856489182
130 3.22701597214
140 2.85419201851
150 2.57150602341
160 2.23448491096
170 2.14273190498
180 1.95058298111
190 1.70696997643
200 1.43935012817
210 1.2262430191
220 1.05755114555
230 0.95631313324
240 0.737585783005
250 0.641512155533
260 0.704344034195
270 0.526458024979
280 0.470719099045
290 0.309476137161
300 0.301529169083
310 0.223403930664
320 0.191193819046
330 0.141461849213
340 0.120898008347
350 0.0961210727692
360 0.0792520046234
370 0.0780799388885
380 0.0473840236664
390 0.0420639514923
400 0.0313448905945
410 0.0149450302124
420 0.00430703163147
