10 3.23172402382
20 3.72538208961
30 4.30985307693
40 5.21365904808
50 5.85320305824
60 6.53349208832
70 7.45762705803
80 8.31588411331
90 8.53648900986
100 8.39535212517
110 8.91762089729
120 9.42045593262
130 8.89904403687
140 8.45823383331
150 9.02691912651
160 9.64723205566
170 9.28789710999
180 9.15430903435
190 8.8104929924
200 8.93711614609
210 9.39268088341
220 8.63321089745
230 8.55464196205
240 8.67520689964
250 8.99156904221
260 9.05102109909
270 8.6055188179
280 9.43472504616
290 9.29490399361
300 9.31926989555
310 9.06072402
320 9.08006715775
