20 9.26340413094
40 27.4945991039
60 51.251513958
80 72.2298240662
100 91.9600861073
120 107.081847191
140 115.750053167
160 114.607241154
180 115.945967197
200 114.123244047
220 119.915049076
240 124.505172968
260 116.470603943
280 115.610014915
300 112.451961994
320 116.884543896
340 119.599502087
360 119.821169853
380 119.921725988
400 118.025123119
420 127.028347969
440 121.80209589
460 122.813198805
480 120.007296801
500 122.189899921
520 119.085103989
540 119.845944881
560 121.984398127
580 117.461664915
600 127.477035999
620 124.099313974
640 127.500652075
660 117.987006187
680 123.674535036
700 124.739200115
720 127.226231098
740 119.676423788
760 120.773731947
780 122.293588161
800 120.594578981
820 120.65455389
840 119.868199825
860 124.743119955
880 122.048434973
900 123.996946096
920 117.92215395
940 118.350502014
960 118.995529175
