20 8.85665488243
40 25.2111971378
60 42.9512791634
80 57.9851338863
100 71.3101921082
120 76.0527188778
140 79.6853680611
160 81.9978299141
180 78.3691308498
200 81.6203110218
220 85.1374409199
240 86.6931750774
260 86.1458220482
280 89.2049210072
300 87.4453477859
320 89.9145021439
340 90.9188010693
360 88.9744858742
380 93.9895858765
400 95.4230291843
420 98.5391950607
440 95.6903488636
460 97.0059480667
480 100.81696105
500 105.171666861
520 104.770788908
540 108.942867994
560 108.915934086
580 110.260603189
600 109.29234314
620 113.170073986
640 113.632632971
660 113.500878811
680 117.830329895
700 121.085829973
720 121.337309122
740 125.376583099
760 123.657939196
780 128.254017115
800 130.460691214
820 131.744701862
840 133.605433941
860 135.405879974
880 139.182902098
900 138.036047935
920 135.712260008
940 143.126235008
