20 4.45167708397
40 11.5662059784
60 17.8315970898
80 21.7525520325
100 23.44581604
120 21.6005048752
140 20.6353130341
160 18.4027738571
180 17.4436919689
200 15.9897298813
220 15.1592020988
240 13.8342928886
260 12.5620200634
280 11.4174449444
300 10.883092165
320 9.95763897896
340 9.11303091049
360 8.19476294518
380 6.91293883324
400 5.85743403435
420 4.9592590332
440 3.94398999214
460 3.12513303757
480 2.60345888138
500 2.01954197884
520 1.58250498772
540 1.22290110588
560 0.888120889664
580 0.632561206818
600 0.456759929657
620 0.307166099548
640 0.195686101913
660 0.11656498909
680 0.0610189437866
700 0.0044322013855
