10 7.67729091644
20 8.48737096786
30 9.52005910873
40 11.0822560787
50 12.2153990269
60 13.9122099876
70 15.4408149719
80 16.2569520473
90 17.7312240601
100 18.850605011
110 19.4347200394
120 20.216078043
130 19.9122409821
140 20.4227669239
150 21.6715688705
160 20.7298138142
170 19.554361105
180 19.2124381065
190 19.7495250702
200 20.5455179214
210 19.2587039471
220 20.5234649181
230 20.0133149624
240 19.8096630573
250 21.043419838
260 21.1664230824
270 21.0496997833
280 20.6111519337
290 19.77008605
300 19.1387419701
310 20.2385721207
320 20.1450362206
330 20.2829771042
340 20.4339101315
350 20.3301420212
360 19.8519399166
370 19.5959749222
380 20.8542451859
390 21.2738361359
400 19.5672669411
410 19.179516077
420 22.9043869972
