2 0.118689060211
4 0.127869844437
6 0.131806850433
8 0.155078887939
10 0.145382165909
12 0.159305810928
14 0.16614484787
16 0.169759988785
18 0.2064909935
20 0.214745044708
22 0.200244903564
24 0.208000183105
26 0.222939014435
28 0.232585906982
30 0.248746156693
32 0.249965906143
34 0.261770009995
36 0.266215085983
38 0.290518045425
40 0.291381120682
42 0.302906990051
44 0.287388086319
46 0.317492961884
48 0.298310041428
50 0.3304271698
52 0.308108091354
54 0.303380012512
56 0.299107074738
58 0.321772098541
60 0.322215080261
62 0.332764863968
64 0.334239006042
66 0.339690923691
68 0.333660125732
70 0.315748929977
72 0.323244094849
74 0.327080011368
76 0.330016851425
78 0.321929931641
80 0.317440986633
82 0.320548057556
84 0.353585004807
86 0.319871902466
88 0.345803022385
90 0.331249952316
92 0.33513212204
94 0.315989017487
96 0.352579116821
98 0.316122055054
