5 0.278356075287
10 0.324253082275
15 0.415680170059
20 0.52050113678
25 0.642017841339
30 0.731337070465
35 0.837551832199
40 0.886061191559
45 0.952991962433
50 0.970957994461
55 0.956727981567
60 0.910314083099
65 0.907336950302
70 0.820225954056
75 0.784989118576
80 0.709351062775
85 0.686809062958
90 0.656577110291
95 0.621457099915
100 0.575320005417
105 0.592236042023
110 0.529481172562
115 0.51000213623
120 0.451970815659
125 0.428280830383
130 0.384874105453
135 0.350011110306
140 0.325459003448
145 0.282110929489
150 0.275857925415
155 0.235174894333
160 0.203356981277
165 0.191281080246
170 0.168979883194
175 0.150918960571
180 0.152443885803
185 0.13556098938
190 0.109022140503
195 0.101585865021
200 0.0855638980865
205 0.0724680423737
210 0.0675649642944
215 0.0565910339355
220 0.046767950058
225 0.0507299900055
230 0.0314190387726
235 0.026939868927
240 0.00288605690002
