2 0.145833015442
4 0.0691931247711
6 0.0952298641205
8 0.0944650173187
10 0.113725185394
12 0.114378929138
14 0.0932960510254
16 0.109247922897
18 0.0730679035187
20 0.0753848552704
22 0.0742230415344
24 0.0872211456299
26 0.0847589969635
28 0.0825040340424
30 0.0773611068726
32 0.0788621902466
34 0.0813810825348
36 0.0867710113525
38 0.0841128826141
40 0.0905439853668
42 0.0818150043488
44 0.0992381572723
46 0.0981340408325
48 0.088944196701
50 0.0836701393127
52 0.0853519439697
