2 0.169587135315
4 0.0821290016174
6 0.193317174911
8 0.13209605217
10 0.126292943954
12 0.125935792923
14 0.111263990402
16 0.165233135223
18 0.0660588741302
20 0.0695321559906
22 0.064239025116
24 0.0762860774994
26 0.0608167648315
28 0.0694389343262
30 0.0587301254272
32 0.0528728961945
34 0.0511291027069
36 0.0516729354858
38 0.0453240871429
40 0.0498759746552
42 0.0388820171356
44 0.0392189025879
46 0.040164232254
48 0.034294128418
50 0.0322260856628
52 0.0253300666809
54 0.0224370956421
56 0.0214340686798
58 0.0222680568695
60 0.0156269073486
62 0.0215899944305
64 0.0153279304504
66 0.00875210762024
68 0.00206708908081
