10 0.838929176331
20 1.89412999153
30 3.3180642128
40 4.99673390388
50 6.48120498657
60 7.47663211823
70 8.35397815704
80 9.54218387604
90 9.83642506599
100 10.4354188442
110 10.4921791553
120 10.353853941
130 10.6458818913
140 10.7711780071
150 10.5943918228
160 11.1011610031
170 11.0286929607
180 11.2907721996
190 11.3975300789
200 11.6574559212
210 11.3792459965
220 11.8035259247
230 11.8846321106
240 11.9288430214
250 12.7068271637
260 12.4969859123
270 12.4758279324
280 13.074862957
290 13.295717001
300 13.1175658703
310 13.0838258266
320 13.6126229763
330 14.0141470432
340 13.9350121021
350 14.303098917
360 14.9746549129
370 15.2719500065
380 15.6413068771
390 16.0074489117
400 15.5683999062
410 16.3311579227
420 16.1630709171
430 17.3334109783
440 16.4978170395
