20 5.80322003365
40 16.3232548237
60 30.759770155
80 42.9315760136
100 56.4231278896
120 68.2060680389
140 75.7788460255
160 73.8746988773
180 73.241410017
200 76.6030890942
220 67.5577230453
240 67.7354102135
260 61.1008710861
280 54.5083041191
300 53.8913760185
320 45.2782800198
340 48.1691999435
360 46.1434540749
380 41.4594712257
400 41.2693200111
420 36.0109300613
440 37.0927298069
460 32.0249071121
480 31.4008128643
500 26.3265330791
520 24.0487930775
540 21.1186590195
560 17.499382019
580 15.2395660877
600 13.2147889137
620 11.5387470722
640 9.78781509399
660 8.72313284874
680 7.27422118187
700 6.0284819603
720 4.91138100624
740 4.1481089592
760 3.40193891525
780 2.61144900322
800 1.97653603554
820 1.45243096352
840 1.06823015213
860 0.806967020035
880 0.584821939468
900 0.441586017609
920 0.339093923569
940 0.271062135696
960 0.0051372051239
