2 0.0731739997864
4 0.059122800827
6 0.0595989227295
8 0.0549809932709
10 0.0532948970795
12 0.0550608634949
14 0.0664122104645
16 0.0628600120544
18 0.0597989559174
20 0.0556101799011
22 0.0540981292725
24 0.0567691326141
26 0.0830309391022
28 0.0746068954468
30 0.0684430599213
32 0.0624048709869
34 0.0470359325409
36 0.0483219623566
38 0.0446040630341
40 0.0376861095428
42 0.0379319190979
44 0.0427088737488
46 0.0365018844604
48 0.0308661460876
50 0.0318160057068
52 0.0293498039246
54 0.0229480266571
56 0.0254521369934
58 0.0317049026489
60 0.021546125412
62 0.0185329914093
64 0.0139858722687
66 0.0148019790649
68 0.0093719959259
70 0.0179858207703
72 0.011127948761
74 0.00551915168762
76 0.00832796096802
78 0.00384092330933
80 0.00149703025818
