10 0.72670507431
20 1.56566095352
30 2.6493730545
40 3.5638589859
50 4.36200618744
60 4.98229885101
70 5.13479804993
80 4.71533298492
90 4.3205947876
100 4.19845199585
110 4.2019610405
120 3.87546300888
130 3.43545293808
140 3.28108215332
150 3.02402615547
160 2.98921990395
170 2.75484991074
180 2.5910589695
190 2.45216107368
200 2.23578000069
210 2.12254810333
220 1.86784219742
230 1.63498806953
240 1.37583303452
250 1.19445490837
260 1.05066204071
270 0.896639108658
280 0.75964307785
290 0.678631067276
300 0.535905838013
310 0.464768886566
320 0.388180017471
330 0.312042951584
340 0.265954971313
350 0.209765911102
360 0.176299095154
370 0.131906986237
380 0.102950811386
390 0.0822768211365
400 0.0560998916626
410 0.0317318439484
420 0.00360178947449
