2 0.117896080017
4 0.12770986557
6 0.0932009220123
8 0.0843780040741
10 0.0908749103546
12 0.0882210731506
14 0.0850398540497
16 0.085816860199
18 0.0793671607971
20 0.0822649002075
22 0.0783071517944
24 0.0759439468384
26 0.0798170566559
28 0.108272790909
30 0.0744469165802
32 0.0970878601074
34 0.0689959526062
36 0.0694949626923
38 0.064414024353
40 0.0639479160309
42 0.0691969394684
44 0.0576419830322
46 0.0577080249786
48 0.0470669269562
50 0.0428581237793
52 0.0445928573608
54 0.0372231006622
56 0.034166097641
58 0.0361080169678
60 0.0373010635376
62 0.0306241512299
64 0.0240678787231
66 0.0226790904999
68 0.0239038467407
70 0.0168600082397
72 0.0231008529663
74 0.0164389610291
76 0.0102858543396
78 0.00213408470154
