2 0.0498609542847
4 0.0531730651855
6 0.0391640663147
8 0.041491985321
10 0.0348200798035
12 0.044310092926
14 0.0381519794464
16 0.0307459831238
18 0.0299751758575
20 0.0331010818481
22 0.0298299789429
24 0.0286560058594
26 0.0256819725037
28 0.0254130363464
30 0.0265910625458
32 0.016606092453
34 0.0162189006805
36 0.0171320438385
38 0.0104608535767
40 0.0131468772888
42 0.00770401954651
44 0.00611901283264
46 0.00539517402649
48 0.00386595726013
50 0.0032000541687
52 0.00188398361206
