2 0.0947029590607
4 0.0783421993256
6 0.0758450031281
8 0.106028795242
10 0.0705368518829
12 0.105687856674
14 0.102735042572
16 0.106662034988
18 0.077712059021
20 0.0876700878143
22 0.0831229686737
24 0.092798948288
26 0.0896980762482
28 0.106420040131
30 0.103387117386
32 0.0976390838623
34 0.0993750095367
36 0.0958971977234
38 0.0991230010986
40 0.0992579460144
42 0.098531961441
44 0.101313114166
46 0.103163003922
48 0.0990719795227
50 0.106252908707
52 0.103806018829
54 0.105106115341
56 0.116734981537
58 0.112410068512
60 0.103078126907
