2 0.0480058193207
4 0.0565040111542
6 0.0544309616089
8 0.0604948997498
10 0.066869020462
12 0.0639359951019
14 0.0647511482239
16 0.0658729076385
18 0.0712339878082
20 0.0761752128601
22 0.0766358375549
24 0.0754239559174
26 0.0771350860596
28 0.0799760818481
30 0.0797529220581
32 0.0801539421082
34 0.0747129917145
36 0.0801010131836
38 0.0776209831238
40 0.0861711502075
42 0.0805640220642
44 0.0795500278473
46 0.0823411941528
48 0.0765559673309
50 0.0762321949005
52 0.0767471790314
