10 0.811789035797
20 1.79399108887
30 3.306828022
40 4.57439899445
50 6.25400876999
60 7.36676383018
70 8.94006085396
80 10.0264282227
90 10.4312620163
100 10.2138929367
110 11.2425680161
120 9.66547203064
130 10.5817761421
140 8.94152712822
150 8.95389389992
160 7.909085989
170 7.76572704315
180 7.25231385231
190 6.51054620743
200 6.70445895195
210 5.7889509201
220 5.97643208504
230 5.36423897743
240 4.88653492928
250 4.47375392914
260 3.93061280251
270 3.8402569294
280 3.18176007271
290 2.79030299187
300 2.46018314362
310 2.26598215103
320 1.93877100945
330 1.6889359951
340 1.51306295395
350 1.34379911423
360 1.05348300934
370 0.890249967575
380 0.745444059372
390 0.64198589325
400 0.557209014893
410 0.485623836517
420 0.436342954636
430 0.304956912994
440 0.25678896904
450 0.216309070587
460 0.292747974396
470 0.262407064438
480 0.190326929092
490 0.11928486824
500 0.003751039505
