5 0.101701021194
10 0.246275901794
15 0.40548491478
20 0.62572312355
25 0.819844961166
30 1.04804491997
35 1.2641749382
40 1.46974992752
45 1.62526607513
50 1.82248187065
55 2.11042785645
60 2.13027715683
65 2.18988084793
70 2.27579092979
75 2.2393860817
80 2.18748903275
85 2.0003888607
90 2.04533600807
95 2.15581679344
100 1.9156370163
105 1.82267808914
110 1.75926685333
115 1.59503412247
120 1.40451002121
125 1.35402393341
130 1.35766291618
135 1.33394002914
140 1.17507100105
145 1.26368808746
150 1.05787205696
155 0.957644939423
160 0.971414089203
165 0.843261957169
170 0.740860939026
175 0.708635091782
180 0.614295005798
185 0.600021123886
190 0.49583697319
195 0.460969209671
200 0.424566030502
205 0.367566823959
210 0.336687088013
215 0.295965909958
220 0.271342992783
225 0.237767934799
230 0.210962057114
235 0.200837850571
240 0.184074878693
245 0.159682035446
250 0.143419027328
255 0.134416818619
260 0.123944997787
265 0.11568403244
270 0.103649139404
275 0.0962920188904
280 0.0903129577637
285 0.0829908847809
290 0.0764200687408
295 0.0765988826752
300 0.00299191474915
