2 0.0989730358124
4 0.0881021022797
6 0.0727279186249
8 0.0997920036316
10 0.0682711601257
12 0.104374885559
14 0.100836038589
16 0.0942010879517
18 0.0654540061951
20 0.068706035614
22 0.0784418582916
24 0.0737431049347
26 0.0660269260406
28 0.0606651306152
30 0.0566790103912
32 0.0542340278625
34 0.0496900081635
36 0.0576388835907
38 0.0429039001465
40 0.0437481403351
42 0.0362241268158
44 0.0530910491943
46 0.0469059944153
48 0.0287439823151
50 0.026437997818
52 0.0285768508911
54 0.0339739322662
56 0.0234298706055
58 0.0255770683289
60 0.0263428688049
62 0.0204191207886
64 0.00999784469604
66 0.0021390914917
