2 0.152476787567
4 0.125963926315
6 0.127592802048
8 0.125797986984
10 0.121330022812
12 0.125142097473
14 0.137480020523
16 0.141566038132
18 0.143106937408
20 0.154424905777
22 0.156291007996
24 0.168740034103
26 0.172485113144
28 0.188858032227
30 0.199171066284
32 0.192373991013
34 0.19859790802
36 0.21826505661
38 0.212943077087
40 0.215651035309
42 0.261957883835
44 0.228256940842
46 0.276731014252
48 0.242362976074
50 0.248200893402
52 0.230239152908
54 0.253527164459
56 0.238424062729
58 0.231350898743
60 0.233198881149
62 0.236882925034
64 0.234700918198
66 0.243942975998
68 0.253839015961
70 0.232971191406
72 0.254728078842
74 0.226315975189
76 0.243181943893
78 0.251937866211
80 0.248733043671
82 0.23006606102
84 0.242069959641
86 0.244796991348
