2 0.0268709659576
4 0.0286731719971
6 0.0357038974762
8 0.0370309352875
10 0.0439100265503
12 0.0433788299561
14 0.0540540218353
16 0.0542738437653
18 0.0536961555481
20 0.0637099742889
22 0.0619878768921
24 0.0601768493652
26 0.0682067871094
28 0.0607600212097
30 0.0583600997925
32 0.0562779903412
34 0.0575590133667
36 0.0590569972992
38 0.057471036911
40 0.0569441318512
42 0.0514569282532
44 0.0458300113678
46 0.0544559955597
48 0.0473968982697
50 0.0377559661865
52 0.0395841598511
54 0.0339961051941
56 0.0359179973602
58 0.0346510410309
60 0.0292129516602
62 0.0313889980316
64 0.0265319347382
66 0.0253899097443
68 0.028822183609
70 0.023973941803
72 0.0274538993835
74 0.0345380306244
76 0.0256609916687
78 0.0245912075043
80 0.00191402435303
