2 0.117344141006
4 0.108360052109
6 0.0995259284973
8 0.0944428443909
10 0.0996561050415
12 0.0978291034698
14 0.109570980072
16 0.11030292511
18 0.10990190506
20 0.143642902374
22 0.122214078903
24 0.132776021957
26 0.133510828018
28 0.139730930328
30 0.19248509407
32 0.167335987091
34 0.151515007019
36 0.165344953537
38 0.163697957993
40 0.160072088242
42 0.171859025955
44 0.168374061584
46 0.166863203049
48 0.167390108109
50 0.167407989502
52 0.170636892319
54 0.171797990799
56 0.181433916092
58 0.17483496666
60 0.172695875168
62 0.170729875565
64 0.171360015869
66 0.166851997375
68 0.169620037079
70 0.163662910461
72 0.166703939438
74 0.168879985809
