2 0.0618350505829
4 0.0557119846344
6 0.050637960434
8 0.0761511325836
10 0.0449120998383
12 0.0444648265839
14 0.0699238777161
16 0.0651891231537
18 0.0457859039307
20 0.0448689460754
22 0.0470960140228
24 0.0455548763275
26 0.0391368865967
28 0.0408480167389
30 0.0506081581116
32 0.0454201698303
34 0.0332407951355
36 0.0359771251678
38 0.0288860797882
40 0.0294110774994
42 0.0363459587097
44 0.030072927475
46 0.0277950763702
48 0.0217478275299
50 0.0185258388519
52 0.013787984848
54 0.0109570026398
56 0.0118989944458
58 0.00835704803467
60 0.00692391395569
62 0.00564813613892
64 0.00501203536987
66 0.00413203239441
68 0.002032995224
