2 0.0875499248505
4 0.0797159671783
6 0.0713798999786
8 0.0779321193695
10 0.0743880271912
12 0.0727880001068
14 0.0870938301086
16 0.0848579406738
18 0.0812389850616
20 0.0888741016388
22 0.0864500999451
24 0.0931251049042
26 0.0940089225769
28 0.0996680259705
30 0.0983641147614
32 0.101675987244
34 0.106740951538
36 0.107860803604
38 0.109740972519
40 0.116194009781
42 0.107424974442
44 0.12020611763
46 0.115638971329
48 0.103116035461
50 0.109846115112
52 0.113041877747
54 0.109581947327
56 0.110706090927
58 0.112787008286
60 0.10551905632
62 0.105148077011
