20 5.12411403656
40 14.0891821384
60 25.9575488567
80 35.1866161823
100 42.3459701538
120 44.7606089115
140 49.9764170647
160 48.8441298008
180 50.2624788284
200 49.7849938869
220 48.8904049397
240 50.31208992
260 48.0913670063
280 47.5193099976
300 46.1632020473
320 48.2360048294
340 47.0043218136
360 48.8594989777
380 52.1224050522
400 49.9454751015
420 51.45271492
440 50.7129747868
460 49.4060230255
480 45.8468871117
500 51.5658919811
520 48.6137092113
540 47.0793910027
560 48.4577360153
580 49.6666579247
600 49.6170589924
620 48.3277540207
640 47.5633299351
660 48.2750630379
680 49.5436959267
700 50.1144280434
720 50.1046919823
