2 0.072662115097
4 0.136326789856
6 0.0575408935547
8 0.0765011310577
10 0.124287843704
12 0.106801986694
14 0.103060007095
16 0.0827240943909
18 0.0664460659027
20 0.0670478343964
22 0.0634701251984
24 0.062029838562
26 0.0585849285126
28 0.064887046814
30 0.059182882309
32 0.0545330047607
34 0.0554280281067
36 0.0576071739197
38 0.0495181083679
40 0.0721139907837
42 0.0477211475372
44 0.0453100204468
46 0.0419931411743
48 0.0510921478271
50 0.0391471385956
52 0.0322189331055
54 0.034392118454
56 0.0323638916016
58 0.0295140743256
60 0.034423828125
62 0.0257251262665
64 0.0229380130768
66 0.0169739723206
68 0.0187590122223
70 0.0136530399323
72 0.0152981281281
74 0.0131998062134
76 0.00831198692322
78 0.00660991668701
80 0.00625991821289
82 0.00518488883972
84 0.00727415084839
86 0.00192904472351
