5 0.103801965714
10 0.114218950272
15 0.128556013107
20 0.155030012131
25 0.171888113022
30 0.170464992523
35 0.173433065414
40 0.161264896393
45 0.150254964828
50 0.141351938248
55 0.129986047745
60 0.119636058807
65 0.100164890289
70 0.0849671363831
75 0.0841522216797
80 0.0737578868866
85 0.0620470046997
90 0.0549309253693
95 0.0852971076965
100 0.0360960960388
105 0.075798034668
110 0.0671148300171
115 0.053554058075
120 0.0340969562531
125 0.0155329704285
130 0.0155341625214
135 0.00689220428467
140 0.00231409072876
