2 0.112776041031
4 0.101721048355
6 0.0957789421082
8 0.090399980545
10 0.102535963058
12 0.125502109528
14 0.102282047272
16 0.13617682457
18 0.10706615448
20 0.115793943405
22 0.115468025208
24 0.127505064011
26 0.13053894043
28 0.131073951721
30 0.14141702652
32 0.145312070847
34 0.141978025436
36 0.175799846649
38 0.152940988541
40 0.167176008224
42 0.168109178543
44 0.169251918793
46 0.16344499588
48 0.147297143936
50 0.157885789871
52 0.164816856384
54 0.154392957687
56 0.165035009384
58 0.151009082794
60 0.167632102966
62 0.158962965012
64 0.160643100739
66 0.150831222534
68 0.169041872025
70 0.156527996063
72 0.165420055389
