2 0.0598120689392
4 0.0516300201416
6 0.0442790985107
8 0.0441701412201
10 0.044095993042
12 0.0575540065765
14 0.046539068222
16 0.0521290302277
18 0.0460789203644
20 0.0521268844604
22 0.0495629310608
24 0.0513989925385
26 0.0465948581696
28 0.0493140220642
30 0.0580780506134
32 0.052258014679
34 0.0395638942719
36 0.0409271717072
38 0.0353090763092
40 0.0337929725647
42 0.0356268882751
44 0.0364599227905
46 0.0309808254242
48 0.025426864624
50 0.0250780582428
52 0.0297379493713
54 0.028037071228
56 0.0356550216675
58 0.0280680656433
60 0.027379989624
62 0.0262269973755
64 0.0218968391418
66 0.0169568061829
68 0.0019371509552
