20 8.38301086426
40 24.1979470253
60 41.6492130756
80 54.3377349377
100 67.1669750214
120 73.1034328938
140 73.6847159863
160 78.0330779552
180 79.2832801342
200 79.2097771168
220 83.0175139904
240 82.0276041031
260 81.50101614
280 84.6545109749
300 82.5427248478
320 83.3558318615
340 83.793279171
360 89.7674410343
380 88.2757470608
400 92.8978540897
420 91.3109660149
440 89.9981548786
460 92.6649270058
480 93.2717051506
500 96.255439043
520 95.9041550159
540 101.267099142
560 103.65816021
580 108.513346195
600 104.742809057
620 107.402006865
640 108.417408943
660 106.415864944
680 112.651891947
700 112.168068886
720 115.34600687
740 119.278925896
760 120.881181955
780 122.661379099
800 127.784700155
820 124.714701176
840 129.471168995
860 128.656507969
880 136.93235898
900 133.151442051
920 132.361654997
