2 0.0692551136017
4 0.063873052597
6 0.0611510276794
8 0.0628280639648
10 0.0614140033722
12 0.0663669109344
14 0.0735139846802
16 0.0723750591278
18 0.0734450817108
20 0.0818541049957
22 0.0825390815735
24 0.0904741287231
26 0.0912230014801
28 0.096018075943
30 0.100136041641
32 0.097146987915
34 0.0993349552155
36 0.117928981781
38 0.106521129608
40 0.112498998642
42 0.114982843399
44 0.0995099544525
46 0.107198953629
48 0.101734161377
50 0.103175878525
52 0.114371061325
54 0.108065843582
56 0.121196985245
58 0.117965936661
60 0.118881225586
62 0.107625007629
64 0.10381102562
66 0.101230144501
68 0.113908052444
70 0.109838962555
72 0.112195014954
74 0.111699104309
76 0.112869977951
78 0.107172012329
