2 0.0705389976501
4 0.0653750896454
6 0.0581929683685
8 0.062940120697
10 0.0610129833221
12 0.0752720832825
14 0.0738589763641
16 0.0699570178986
18 0.0741448402405
20 0.0827331542969
22 0.083144903183
24 0.0922620296478
26 0.0896668434143
28 0.0927000045776
30 0.0975019931793
32 0.0929520130157
34 0.0975148677826
36 0.120998859406
38 0.106101989746
40 0.10759305954
42 0.109252929688
44 0.115266084671
46 0.101130962372
48 0.100707054138
50 0.110596895218
52 0.111558914185
54 0.107078075409
56 0.108282089233
58 0.105569124222
60 0.114515066147
62 0.117321014404
64 0.121036052704
66 0.118866920471
68 0.110793113708
70 0.114636182785
72 0.111330032349
74 0.114011049271
76 0.104229927063
78 0.118436813354
80 0.109186172485
