2 0.0610320568085
4 0.0571939945221
6 0.0501101016998
8 0.0746779441833
10 0.0708019733429
12 0.0719909667969
14 0.0556640625
16 0.0679109096527
18 0.0583748817444
20 0.102299928665
22 0.094789981842
24 0.0661110877991
26 0.0776760578156
28 0.0781350135803
30 0.100387096405
32 0.103521108627
34 0.0736889839172
36 0.0712358951569
38 0.0722658634186
40 0.0754959583282
42 0.0809488296509
44 0.0794699192047
46 0.0850539207458
48 0.0795521736145
50 0.0859439373016
52 0.072242975235
54 0.0842089653015
56 0.104948997498
58 0.0784568786621
60 0.0893619060516
62 0.0825769901276
64 0.0862281322479
66 0.0777070522308
