5 0.159598112106
10 0.210165977478
15 0.297442913055
20 0.393448114395
25 0.459982156754
30 0.558499097824
35 0.602910041809
40 0.6259329319
45 0.635451078415
50 0.620376110077
55 0.595510959625
60 0.561615943909
65 0.517462015152
70 0.50878405571
75 0.469108104706
80 0.430943965912
85 0.372310876846
90 0.338524103165
95 0.314620018005
100 0.274937152863
105 0.256977081299
110 0.22768497467
115 0.219424009323
120 0.171341896057
125 0.17009305954
130 0.147019147873
135 0.130497932434
140 0.116618156433
145 0.114691972733
150 0.0969049930573
155 0.0905778408051
160 0.0753300189972
165 0.0685441493988
170 0.0591859817505
175 0.055459022522
180 0.0497179031372
185 0.0481939315796
190 0.0379390716553
195 0.0360178947449
200 0.0274350643158
205 0.0158030986786
210 0.0161390304565
215 0.00816702842712
220 0.00275993347168
