5 0.0516841411591
10 0.093827009201
15 0.142538070679
20 0.190227031708
25 0.225837945938
30 0.277979850769
35 0.308568954468
40 0.33203291893
45 0.349794864655
50 0.314576864243
55 0.319000005722
60 0.287576913834
65 0.280974149704
70 0.25755405426
75 0.220582008362
80 0.210276842117
85 0.178478956223
90 0.163081884384
95 0.137376070023
100 0.113242149353
105 0.103793144226
110 0.0934231281281
115 0.0850219726562
120 0.0774810314178
125 0.0739109516144
130 0.0639469623566
135 0.0620980262756
140 0.0650589466095
145 0.0562269687653
150 0.0564658641815
155 0.0499711036682
160 0.00246691703796
