10 4.69460082054
20 5.27328205109
30 6.11125588417
40 7.18269491196
50 7.89060020447
60 9.07670211792
70 9.95462083817
80 10.8555698395
90 11.0203120708
100 11.980276823
110 12.8380160332
120 12.9849410057
130 12.2316031456
140 13.7926740646
150 12.1467092037
160 12.993393898
170 14.1488268375
180 12.9132199287
190 12.0783371925
200 12.7566430569
210 13.0399129391
220 12.7653729916
230 12.7120838165
240 13.6274998188
250 12.733066082
260 13.1403391361
270 12.6817569733
280 12.5885298252
290 13.1781508923
300 13.2738890648
310 12.8014640808
320 13.50912714
330 13.0287480354
340 12.8679840565
350 12.9704289436
360 13.0050411224
