10 13.0066571236
20 14.1917660236
30 15.7981641293
40 17.3955798149
50 19.5238521099
60 21.6377229691
70 23.4892849922
80 26.0255999565
90 27.7442810535
100 30.689866066
110 31.9601118565
120 32.0194900036
130 33.8457019329
140 31.6098408699
150 32.7270460129
160 34.3870680332
170 32.0562989712
180 32.9989528656
190 34.8211100101
200 35.0849978924
210 33.7607400417
220 34.4430060387
230 32.6930060387
240 32.6848330498
250 35.4065151215
260 33.7942609787
270 35.6873390675
280 35.2686009407
290 34.3376281261
300 33.1258151531
310 33.0714321136
320 35.09993577
330 34.0149781704
340 34.4641199112
350 36.6457488537
360 35.2773149014
370 32.7813029289
380 32.7140119076
390 31.626019001
400 34.4081010818
410 33.7754471302
420 34.4766290188
430 35.7233860493
440 32.7672159672
450 32.4142189026
460 33.6432189941
470 32.7240920067
480 32.6491110325
490 35.0942921638
500 32.8724758625
