2 0.0229060649872
4 0.0225079059601
6 0.0273070335388
8 0.0347950458527
10 0.0322370529175
12 0.0295970439911
14 0.0364210605621
16 0.0310978889465
18 0.0335290431976
20 0.0387020111084
22 0.0328531265259
24 0.0353219509125
26 0.0337030887604
28 0.0399911403656
30 0.031476020813
32 0.0293679237366
34 0.0286459922791
36 0.023138999939
38 0.0220251083374
40 0.0200679302216
42 0.0326402187347
44 0.0272741317749
46 0.0224831104279
48 0.0170838832855
50 0.0164048671722
52 0.0212349891663
54 0.00689911842346
56 0.00177907943726
