10 0.53257393837
20 1.00801801682
30 1.6055700779
40 2.18957901001
50 2.55304098129
60 2.72198987007
70 2.75013995171
80 2.36795902252
90 2.27891778946
100 2.07342600822
110 1.99029302597
120 1.77215719223
130 1.55619502068
140 1.46737790108
150 1.32844805717
160 1.23652601242
170 1.18965315819
180 0.965225934982
190 0.862958908081
200 0.733844995499
210 0.610477924347
220 0.519191026688
230 0.418030977249
240 0.354017019272
250 0.286803007126
260 0.240540981293
270 0.187481880188
280 0.158174991608
290 0.116058111191
300 0.0924031734467
310 0.0739011764526
320 0.0483310222626
330 0.0291972160339
340 0.00328207015991
