10 0.369439125061
20 0.720793008804
30 1.20749998093
40 1.72529411316
50 2.15491485596
60 2.53466391563
70 2.73082590103
80 2.81364798546
90 2.71728205681
100 2.66609716415
110 2.19671297073
120 2.10265302658
130 1.92352795601
140 1.58212709427
150 1.46276402473
160 1.25769114494
170 1.10494804382
180 0.996337175369
190 0.79011297226
200 0.651245117188
210 0.54648900032
220 0.461337089539
230 0.360240936279
240 0.287156820297
250 0.220592975616
260 0.185570955276
270 0.151638031006
280 0.134234905243
290 0.113595962524
300 0.0907371044159
310 0.0818569660187
320 0.0029079914093
