2 0.0525319576263
4 0.098739862442
6 0.0722370147705
8 0.0704591274261
10 0.0700941085815
12 0.0772819519043
14 0.105478048325
16 0.103920221329
18 0.0866129398346
20 0.0850098133087
22 0.0871660709381
24 0.0987269878387
26 0.0948719978333
28 0.107018947601
30 0.103819131851
32 0.105945110321
34 0.109604120255
36 0.103864908218
38 0.112033843994
40 0.111486911774
42 0.120321035385
44 0.121403217316
46 0.117647886276
48 0.113460063934
50 0.113008022308
52 0.1159760952
54 0.106765031815
56 0.112822055817
58 0.117829084396
60 0.11082816124
62 0.110038995743
