20 8.34399008751
40 22.6295938492
60 35.6780109406
80 48.1600492001
100 54.107875824
120 53.8919110298
140 52.3394331932
160 50.7194149494
180 46.3833780289
200 44.1313900948
220 43.1761238575
240 40.5153508186
260 37.8194320202
280 34.9692220688
300 32.2489199638
320 30.6825299263
340 30.008493185
360 28.6581099033
380 27.4558098316
400 26.3633480072
420 23.6475789547
440 22.6981818676
460 22.0436060429
480 19.6580719948
500 17.2702658176
520 15.6398530006
540 13.8857998848
560 11.7588038445
580 10.1416568756
600 8.85437989235
620 7.21540307999
640 6.2824678421
660 4.93066096306
680 4.15053200722
700 3.55057477951
720 2.85651302338
740 2.18698191643
760 1.69676089287
780 1.32140517235
800 0.977591991425
820 0.733347892761
840 0.514019966125
860 0.341414928436
880 0.224216938019
900 0.145414113998
920 0.0707440376282
940 0.0091450214386
