2 0.0978507995605
4 0.0800189971924
6 0.0762560367584
8 0.0868949890137
10 0.0793180465698
12 0.0861217975616
14 0.0839099884033
16 0.0845279693604
18 0.0880658626556
20 0.0944969654083
22 0.0955691337585
24 0.106070041656
26 0.101121902466
28 0.115566015244
30 0.115787982941
32 0.117342948914
34 0.111210107803
36 0.117216110229
38 0.11958193779
40 0.171036958694
42 0.169117927551
44 0.118716955185
46 0.170660972595
48 0.172013044357
50 0.120432853699
52 0.233075857162
54 0.211704015732
56 0.205268859863
58 0.204079151154
60 0.228371858597
62 0.220286846161
64 0.207739114761
