2 0.0447881221771
4 0.0521488189697
6 0.0517728328705
8 0.0578520298004
10 0.0560982227325
12 0.0593330860138
14 0.0764751434326
16 0.0804109573364
18 0.0683279037476
20 0.0728409290314
22 0.0736711025238
24 0.0761439800262
26 0.0815498828888
28 0.0780158042908
30 0.0829539299011
32 0.0815699100494
34 0.0852279663086
36 0.0911378860474
38 0.0816149711609
40 0.0919208526611
42 0.0879099369049
44 0.0845291614532
46 0.0927691459656
48 0.0905208587646
50 0.0854561328888
52 0.0858359336853
54 0.0876650810242
56 0.0827641487122
