2 0.0719349384308
4 0.0631058216095
6 0.0560810565948
8 0.0555248260498
10 0.0778779983521
12 0.0590360164642
14 0.0717589855194
16 0.0591249465942
18 0.0590181350708
20 0.066437959671
22 0.0558059215546
24 0.0595111846924
26 0.073450088501
28 0.0558009147644
30 0.0652191638947
32 0.0509941577911
34 0.0472011566162
36 0.0466151237488
38 0.0480999946594
40 0.0438048839569
42 0.0417931079865
44 0.0503768920898
46 0.0405058860779
48 0.0329639911652
50 0.029412984848
52 0.0304250717163
54 0.0285580158234
56 0.0231211185455
58 0.0213060379028
60 0.029620885849
62 0.0195510387421
64 0.0188610553741
66 0.0156791210175
68 0.010176897049
70 0.0105340480804
72 0.0149619579315
74 0.0065598487854
76 0.00928497314453
78 0.00462007522583
80 0.00337314605713
82 0.00199198722839
