2 0.0558888912201
4 0.05455493927
6 0.0385482311249
8 0.0401639938354
10 0.0369439125061
12 0.044753074646
14 0.0416181087494
16 0.038535118103
18 0.0569970607758
20 0.0413548946381
22 0.0408670902252
24 0.046493768692
26 0.0536751747131
28 0.0441620349884
30 0.0363621711731
32 0.0358409881592
34 0.0353388786316
36 0.0300300121307
38 0.0272700786591
40 0.0246691703796
42 0.0391399860382
44 0.0260818004608
46 0.0287191867828
48 0.0234661102295
50 0.0195920467377
52 0.023491859436
54 0.0228369235992
56 0.0172469615936
58 0.0201170444489
60 0.0184879302979
62 0.00185513496399
