5 0.183151006699
10 0.40167093277
15 0.43435883522
20 0.378926038742
25 0.580001831055
30 0.647158145905
35 0.692224979401
40 0.726063966751
45 0.629770994186
50 0.641223907471
55 0.671982049942
60 0.7278881073
65 0.731061220169
70 0.946984052658
75 0.87565779686
80 0.771414995193
85 0.734775066376
90 0.723973035812
95 0.779693126678
100 0.816574811935
105 0.818540811539
110 0.825346946716
115 0.87486410141
120 0.806640863419
125 0.881383895874
130 0.891668081284
135 0.913511037827
140 0.931399822235
145 0.938107967377
150 0.976951122284
155 0.989347934723
160 0.990230083466
