2 0.0835998058319
4 0.0661129951477
6 0.0566909313202
8 0.0593898296356
10 0.0551648139954
12 0.0591728687286
14 0.0682280063629
16 0.0699200630188
18 0.0677998065948
20 0.0758521556854
22 0.0744721889496
24 0.0964248180389
26 0.0954959392548
28 0.0965330600739
30 0.084331035614
32 0.0828721523285
34 0.0784108638763
36 0.0800340175629
38 0.0721590518951
40 0.0766110420227
42 0.0665729045868
44 0.0663380622864
46 0.0598180294037
48 0.0642969608307
50 0.0566658973694
52 0.0575759410858
54 0.0503590106964
56 0.051990032196
58 0.0486059188843
60 0.0508561134338
62 0.0448780059814
64 0.0381000041962
66 0.0353291034698
68 0.0380439758301
70 0.0324530601501
72 0.0340638160706
74 0.0336771011353
76 0.0316739082336
78 0.0342020988464
80 0.029247045517
82 0.0243940353394
84 0.0309240818024
86 0.027547121048
88 0.0221531391144
90 0.0213878154755
92 0.00205087661743
