5 0.0476400852203
10 0.0797560214996
15 0.109211921692
20 0.138602018356
25 0.169904947281
30 0.196186065674
35 0.222330093384
40 0.22628903389
45 0.235394001007
50 0.225739955902
55 0.186378002167
60 0.185467004776
65 0.160218000412
70 0.160159111023
75 0.131999969482
80 0.111447095871
85 0.107383966446
90 0.0840120315552
95 0.0796639919281
100 0.0754361152649
105 0.0616049766541
110 0.0615291595459
115 0.0572218894958
120 0.0485680103302
125 0.0427401065826
130 0.0448141098022
135 0.0405161380768
140 0.00230312347412
