5 0.0711750984192
10 0.153960943222
15 0.238523960114
20 0.361216068268
25 0.46494603157
30 0.527663946152
35 0.652663946152
40 0.727735042572
45 0.771564006805
50 0.851719141006
55 0.916525125504
60 0.887010097504
65 0.898730039597
70 0.74431014061
75 0.777745008469
80 0.685385942459
85 0.637487888336
90 0.613403081894
95 0.550461053848
100 0.577064037323
105 0.517034053802
110 0.436760902405
115 0.415761232376
120 0.412579059601
125 0.33108997345
130 0.30886721611
135 0.269531965256
140 0.24787902832
145 0.212071180344
150 0.179774045944
155 0.158648014069
160 0.140589952469
165 0.131505966187
170 0.126032829285
175 0.110132932663
180 0.103517055511
185 0.0923991203308
190 0.0817489624023
195 0.0881760120392
200 0.0774929523468
205 0.0633080005646
210 0.0616960525513
215 0.0572669506073
220 0.00264382362366
