2 0.0702638626099
4 0.0463991165161
6 0.0527009963989
8 0.047354221344
10 0.0429918766022
12 0.0399639606476
14 0.0412309169769
16 0.0422220230103
18 0.0446059703827
20 0.0504250526428
22 0.049252986908
24 0.0489521026611
26 0.0658650398254
28 0.0609140396118
30 0.0457949638367
32 0.0429530143738
34 0.0561709403992
36 0.0349328517914
38 0.0321819782257
40 0.0423700809479
42 0.0424180030823
44 0.0528340339661
46 0.0445840358734
48 0.0335190296173
50 0.0222940444946
52 0.0257019996643
54 0.0204401016235
56 0.027617931366
58 0.0248460769653
60 0.025918006897
62 0.0212099552155
64 0.0167019367218
66 0.00193905830383
