20 4.34204292297
40 11.9145798683
60 22.1635739803
80 31.4351079464
100 41.8110961914
120 44.8501799107
140 52.3768069744
160 43.4276399612
180 47.4408788681
200 39.3732140064
220 35.9157140255
240 34.4766318798
260 34.4128308296
280 28.612361908
300 28.5219380856
320 25.6866691113
340 24.0025100708
360 23.1397759914
380 20.6987159252
400 19.2501540184
420 16.608536005
440 15.4111011028
460 13.1134819984
480 11.69551301
500 9.16042089462
520 7.40926504135
540 6.87813401222
560 5.80916690826
580 4.44847202301
600 3.41479682922
620 2.7884619236
640 2.23371505737
660 1.71349596977
680 1.39949297905
700 1.01295304298
720 0.724879980087
740 0.531635046005
760 0.379411935806
780 0.286187171936
800 0.22553396225
820 0.00487780570984
