20 4.53074407578
40 12.652381897
60 20.0015630722
80 26.722299099
100 31.7229270935
120 33.7904419899
140 32.7079839706
160 33.7513420582
180 36.390130043
200 34.8777909279
220 37.2677149773
240 36.7799339294
260 37.4919888973
280 39.5898749828
300 38.4869670868
320 39.4180121422
340 40.2885069847
360 42.1573631763
380 43.5730550289
400 43.8860018253
420 44.4559760094
440 44.2628538609
460 47.9116199017
480 48.0352799892
500 49.623251915
520 49.6251180172
540 51.1792888641
560 53.9422559738
580 52.7075209618
600 52.1295030117
620 56.4264581203
640 57.5040438175
660 58.9587011337
680 58.3954691887
