20 5.4468228817
40 14.7424340248
60 24.6036560535
80 30.7126607895
100 31.7246720791
120 33.1228861809
140 28.626046896
160 26.7768418789
180 25.0223910809
200 22.8235449791
220 20.7642149925
240 18.2629420757
260 16.1891438961
280 13.4095640182
300 11.6853508949
320 10.7406039238
340 10.0142130852
360 8.30747103691
380 7.03395700455
400 6.05686903
420 5.3620891571
440 3.98623490334
460 3.75006318092
480 2.82925391197
500 2.12898302078
520 1.83774399757
540 1.40354800224
560 1.13597416878
580 0.792725086212
600 0.601936101913
620 0.44324016571
640 0.265376091003
660 0.192796945572
680 0.12455201149
700 0.0739569664001
720 0.0485949516296
740 0.0305471420288
760 0.00866389274597
