2 0.131789922714
4 0.116765022278
6 0.10594701767
8 0.118315935135
10 0.113834142685
12 0.105674982071
14 0.115437030792
16 0.1164290905
18 0.120096921921
20 0.127254962921
22 0.235242843628
24 0.229902982712
26 0.233254909515
28 0.234616994858
30 0.291196107864
32 0.288297891617
34 0.169528007507
36 0.164361000061
38 0.181458950043
40 0.179179906845
42 0.183150053024
44 0.190813064575
46 0.192944049835
48 0.182078123093
50 0.18886590004
52 0.190837860107
54 0.186836004257
56 0.193473815918
58 0.197252035141
60 0.190791845322
62 0.192756891251
64 0.197834968567
66 0.194448947906
68 0.199994087219
70 0.206065177917
72 0.208254814148
74 0.195992946625
76 0.202329874039
78 0.220980882645
80 0.22426199913
82 0.216475009918
84 0.226159095764
86 0.215545892715
88 0.213749885559
