2 0.0822930335999
4 0.0759778022766
6 0.0747292041779
8 0.0817408561707
10 0.0950059890747
12 0.0839879512787
14 0.090423822403
16 0.0995500087738
18 0.105917930603
20 0.111242055893
22 0.112895011902
24 0.143200874329
26 0.141406059265
28 0.150577068329
30 0.143838882446
32 0.14190196991
34 0.14190196991
36 0.14864897728
38 0.152141094208
40 0.171236991882
42 0.175674200058
44 0.159487962723
46 0.178463935852
48 0.174767971039
50 0.157865047455
52 0.150048017502
54 0.156250953674
56 0.175662994385
58 0.162273168564
60 0.17172908783
62 0.180887937546
64 0.162793874741
66 0.160459041595
68 0.168741941452
70 0.162884950638
72 0.178773164749
74 0.173613071442
76 0.186863899231
78 0.175775051117
80 0.162981033325
82 0.171658992767
84 0.176297187805
86 0.167143106461
88 0.174237012863
90 0.175129175186
92 0.172089099884
94 0.168657064438
96 0.164376974106
98 0.186302185059
