2 0.0816841125488
4 0.0694019794464
6 0.0689761638641
8 0.0698208808899
10 0.0756938457489
12 0.0773420333862
14 0.0899741649628
16 0.0915920734406
18 0.0945751667023
20 0.107393980026
22 0.112313985825
24 0.118592023849
26 0.123018026352
28 0.125189065933
30 0.136936187744
32 0.140912055969
34 0.135955095291
36 0.143697977066
38 0.141795873642
40 0.157694101334
42 0.155469179153
44 0.177776098251
46 0.177016973495
48 0.151090860367
50 0.155570983887
52 0.153536081314
54 0.163671016693
56 0.150594949722
58 0.156001091003
60 0.150817871094
62 0.160574913025
64 0.160719871521
66 0.155726909637
68 0.161730051041
70 0.160867214203
72 0.153373003006
74 0.164241075516
76 0.187605857849
78 0.166740894318
80 0.151090860367
82 0.166059017181
84 0.166445970535
86 0.163048028946
88 0.170516967773
90 0.162098884583
92 0.152198076248
94 0.148318052292
