2 0.051481962204
4 0.0450949668884
6 0.0366280078888
8 0.0417230129242
10 0.037369966507
12 0.0350379943848
14 0.0424809455872
16 0.0348420143127
18 0.0356769561768
20 0.0408220291138
22 0.0372369289398
24 0.0388178825378
26 0.0485939979553
28 0.035786151886
30 0.0375370979309
32 0.0351259708405
34 0.0266959667206
36 0.0258090496063
38 0.0228898525238
40 0.0413129329681
42 0.0201811790466
44 0.0190691947937
46 0.0326480865479
48 0.0170619487762
50 0.0180449485779
52 0.0287890434265
54 0.015193939209
56 0.0216450691223
58 0.00182604789734
