2 0.0896859169006
4 0.073557138443
6 0.0733380317688
8 0.0771460533142
10 0.0954489707947
12 0.0853621959686
14 0.0905101299286
16 0.0983049869537
18 0.099277973175
20 0.114421844482
22 0.118296861649
24 0.12940788269
26 0.147932052612
28 0.184266090393
30 0.184515953064
32 0.161419868469
34 0.152690172195
36 0.147447109222
38 0.156835794449
40 0.161926984787
42 0.153604984283
44 0.160827159882
46 0.159592866898
48 0.161637067795
50 0.168034791946
52 0.179527997971
54 0.169088840485
56 0.173509836197
58 0.15829205513
60 0.170469045639
62 0.170846939087
64 0.172065019608
66 0.174259185791
68 0.177153110504
70 0.169382810593
72 0.162070035934
74 0.166598081589
76 0.174732923508
78 0.177498102188
80 0.169641971588
82 0.180630922318
84 0.16740489006
86 0.168915987015
88 0.16756606102
90 0.177703857422
92 0.178018093109
94 0.17370891571
96 0.170751094818
98 0.186154842377
