2 0.0502049922943
4 0.0465331077576
6 0.0805110931396
8 0.0922060012817
10 0.044056892395
12 0.0833330154419
14 0.0667819976807
16 0.0569829940796
18 0.0461511611938
20 0.0873532295227
22 0.0872981548309
24 0.0471839904785
26 0.0507040023804
28 0.100674152374
30 0.0972430706024
32 0.0774757862091
34 0.0514440536499
36 0.0551109313965
38 0.0939300060272
40 0.0886118412018
42 0.0839259624481
44 0.122008085251
46 0.0562200546265
48 0.115290164948
50 0.0505981445312
52 0.050164937973
