20 102.776916981
40 114.649205923
60 130.362987995
80 149.169648886
100 167.908376932
120 184.384632826
140 201.812576056
160 217.302772045
180 229.874239922
200 224.551454067
220 226.934714079
240 227.326836109
260 218.181558132
280 224.90260601
300 224.884243965
320 222.354227066
340 240.358915091
360 234.728253841
380 230.608059883
400 219.96091485
420 227.203929901
440 225.172397852
460 220.150204897
480 228.900948048
500 218.514613867
520 229.919095993
540 224.788752079
560 229.370404005
580 240.299052
600 227.389209032
620 233.927742958
640 227.315817833
660 229.364289045
680 217.138439894
700 231.195665121
720 226.657701015
740 225.580954075
760 230.126739979
780 233.609607935
800 223.570451021
820 224.781815052
840 231.836314917
860 228.73875308
880 232.392520189
900 233.717881918
920 232.598675013
940 222.255320072
960 234.91287899
