2 0.136286020279
4 0.128901004791
6 0.104005098343
8 0.113023042679
10 0.103404998779
12 0.103949069977
14 0.113799095154
16 0.115472793579
18 0.119894981384
20 0.1326379776
22 0.133795976639
24 0.147197008133
26 0.155431985855
28 0.156471967697
30 0.173271894455
32 0.167083978653
34 0.176192998886
36 0.180608034134
38 0.177444934845
40 0.187446117401
42 0.178507089615
44 0.186638832092
46 0.193312883377
48 0.189366102219
50 0.187335014343
52 0.191030025482
54 0.186638832092
56 0.196834087372
58 0.195019006729
60 0.203773975372
62 0.203384876251
64 0.203549146652
66 0.204958200455
68 0.211380958557
70 0.211521148682
72 0.216882944107
74 0.221350193024
76 0.230436086655
78 0.230865955353
80 0.230162143707
82 0.226537942886
84 0.237978935242
86 0.229068040848
88 0.232884883881
90 0.231539964676
