10 0.652262926102
20 1.41611099243
30 2.42088794708
40 3.57808899879
50 4.5461640358
60 5.19341301918
70 5.93032598495
80 6.58029508591
90 6.57133507729
100 6.72366309166
110 6.83582687378
120 6.91047596931
130 7.36162209511
140 7.1295800209
150 7.27414298058
160 7.4002161026
170 7.5565059185
180 7.52052998543
190 7.83776879311
200 7.99675297737
210 8.31522417068
220 8.14940690994
230 8.57770395279
240 8.45807600021
250 8.85714387894
260 8.98456788063
270 8.97778487206
280 9.17388701439
290 10.016356945
300 9.55080103874
310 9.50170493126
320 9.97033596039
330 10.1255269051
340 10.3575119972
350 10.6341030598
360 10.7410349846
370 11.0116300583
380 11.601774931
