2 0.0505809783936
4 0.0463061332703
6 0.0389168262482
8 0.0601811408997
10 0.0468881130219
12 0.0415141582489
14 0.0449430942535
16 0.0324060916901
18 0.0321841239929
20 0.0389130115509
22 0.0405621528625
24 0.0289001464844
26 0.0266151428223
28 0.0288429260254
30 0.0219972133636
32 0.0252499580383
34 0.0219719409943
36 0.0193688869476
38 0.0142769813538
40 0.0159740447998
42 0.0142030715942
44 0.00903296470642
46 0.00650596618652
48 0.00611591339111
50 0.00503301620483
52 0.00381302833557
54 0.00183987617493
