2 0.0811498165131
4 0.0750420093536
6 0.0699551105499
8 0.0795569419861
10 0.0756499767303
12 0.072457075119
14 0.0822329521179
16 0.0790901184082
18 0.0737309455872
20 0.077180147171
22 0.076122045517
24 0.07923579216
26 0.0801990032196
28 0.073933839798
30 0.0734620094299
32 0.066349029541
34 0.0649869441986
36 0.072151184082
38 0.0626900196075
40 0.0647220611572
42 0.0608501434326
44 0.0586988925934
46 0.0515129566193
48 0.0453939437866
50 0.044399023056
52 0.0473568439484
54 0.0411469936371
56 0.0420939922333
58 0.0393738746643
60 0.0384171009064
62 0.0382869243622
64 0.0333440303802
66 0.0266988277435
68 0.0285339355469
70 0.0269751548767
72 0.0209770202637
74 0.0179719924927
76 0.01948595047
78 0.0208711624146
80 0.0118172168732
82 0.0106310844421
84 0.0134580135345
86 0.00775694847107
88 0.00684905052185
90 0.00570487976074
92 0.00410795211792
94 0.00348401069641
96 0.00160002708435
