5 0.0577211380005
10 0.112241983414
15 0.168497800827
20 0.22918009758
25 0.295308113098
30 0.350318908691
35 0.394774913788
40 0.410269021988
45 0.449415922165
50 0.473541975021
55 0.473027944565
60 0.470172166824
65 0.401782989502
70 0.396086931229
75 0.346264123917
80 0.3247590065
85 0.318667888641
90 0.269268035889
95 0.230441093445
100 0.252732038498
105 0.183453083038
110 0.17688202858
115 0.149873971939
120 0.170168876648
125 0.118489027023
130 0.105508089066
135 0.102094173431
140 0.0841219425201
145 0.0817849636078
150 0.0702738761902
155 0.0696268081665
160 0.0584859848022
165 0.0531840324402
170 0.0541479587555
175 0.045923948288
180 0.00246095657349
