5 0.309010028839
10 0.359920024872
15 0.479262828827
20 0.593140125275
25 0.760312795639
30 0.899720907211
35 1.0123758316
40 1.10862088203
45 1.15084218979
50 1.24269199371
55 1.21784090996
60 1.13831281662
65 1.11754202843
70 1.03153300285
75 1.0629389286
80 0.94846701622
85 0.930620908737
90 0.966407060623
95 0.876835107803
100 0.819753170013
105 0.742132902145
110 0.718477964401
115 0.68993806839
120 0.628460884094
125 0.605023860931
130 0.602919101715
135 0.543129205704
140 0.489926099777
145 0.454839944839
150 0.400399923325
155 0.361506223679
160 0.33998799324
165 0.292726993561
170 0.279253005981
175 0.244106054306
180 0.230075836182
185 0.212911844254
190 0.182736873627
195 0.158973932266
200 0.137871026993
205 0.123725891113
210 0.10983300209
215 0.0993039608002
220 0.0847470760345
225 0.080157995224
230 0.0706720352173
235 0.0585730075836
240 0.0448749065399
245 0.0359010696411
250 0.0310990810394
255 0.0189049243927
260 0.00301003456116
