2 0.0615210533142
4 0.0720341205597
6 0.0655789375305
8 0.0520808696747
10 0.0568108558655
12 0.0540030002594
14 0.0598051548004
16 0.0590679645538
18 0.0657470226288
20 0.0633659362793
22 0.0693798065186
24 0.0862119197845
26 0.0845448970795
28 0.0751421451569
30 0.0813210010529
32 0.0779600143433
34 0.074539899826
36 0.0791652202606
38 0.0751860141754
40 0.0791339874268
42 0.0865089893341
44 0.0751810073853
46 0.0847949981689
48 0.0803759098053
50 0.0820398330688
52 0.08189702034
54 0.0792458057404
56 0.0886209011078
58 0.0785250663757
60 0.0806431770325
62 0.0786437988281
64 0.0800549983978
66 0.077743768692
68 0.0761270523071
