2 0.0232510566711
4 0.0331590175629
6 0.0368678569794
8 0.0539870262146
10 0.0542829036713
12 0.0521149635315
14 0.0569970607758
16 0.0548341274261
18 0.0609719753265
20 0.0661129951477
22 0.0665090084076
24 0.0713250637054
26 0.0718221664429
28 0.0880591869354
30 0.0842428207397
32 0.0792760848999
34 0.069463968277
36 0.0703108310699
38 0.0611009597778
40 0.0683751106262
42 0.062796831131
44 0.0700290203094
46 0.0634939670563
48 0.0500259399414
50 0.0467648506165
52 0.0486798286438
54 0.0415089130402
56 0.0441861152649
58 0.0405938625336
60 0.0353109836578
62 0.0414381027222
64 0.0363030433655
66 0.0308730602264
68 0.0334858894348
70 0.0283670425415
72 0.0309479236603
74 0.0300400257111
76 0.0332229137421
78 0.0289659500122
80 0.0236101150513
82 0.0238859653473
84 0.0260949134827
86 0.00195813179016
