2 0.0555949211121
4 0.0635149478912
6 0.0668358802795
8 0.0711798667908
10 0.0756590366364
12 0.0727751255035
14 0.0885598659515
16 0.087840795517
18 0.0851159095764
20 0.0918719768524
22 0.0919210910797
24 0.111035108566
26 0.110529184341
28 0.103976964951
30 0.112545967102
32 0.109456062317
34 0.112255096436
36 0.12101316452
38 0.116709947586
40 0.120641946793
42 0.128151893616
44 0.127504825592
46 0.11700797081
48 0.119109869003
50 0.121495962143
52 0.12264585495
54 0.115741014481
56 0.115218877792
58 0.119496107101
60 0.116602897644
62 0.121013879776
64 0.116503953934
