2 0.0888011455536
4 0.0672240257263
6 0.0640380382538
8 0.0743129253387
10 0.0600900650024
12 0.0672099590302
14 0.0701930522919
16 0.0785579681396
18 0.0743808746338
20 0.0839610099792
22 0.0849149227142
24 0.0907590389252
26 0.0882251262665
28 0.104075908661
30 0.100753068924
32 0.0903499126434
34 0.0887711048126
36 0.092444896698
38 0.0841400623322
40 0.0758109092712
42 0.0774099826813
44 0.0815041065216
46 0.0736429691315
48 0.0666110515594
50 0.0652251243591
52 0.0729410648346
54 0.069146156311
56 0.0627927780151
58 0.0561029911041
60 0.0542130470276
62 0.0499122142792
64 0.0456058979034
66 0.0424778461456
68 0.0433309078217
70 0.0389430522919
72 0.0401000976562
74 0.0532650947571
76 0.0362219810486
78 0.0388669967651
80 0.0374331474304
82 0.0319409370422
84 0.0269949436188
86 0.0259380340576
88 0.0271260738373
90 0.0281050205231
92 0.0320348739624
94 0.027822971344
96 0.00197410583496
