2 0.0799920558929
4 0.066202878952
6 0.0526180267334
8 0.0586688518524
10 0.0690271854401
12 0.0595090389252
14 0.0698161125183
16 0.06081199646
18 0.0682060718536
20 0.0691208839417
22 0.0684571266174
24 0.0743730068207
26 0.0716481208801
28 0.0792961120605
30 0.0773990154266
32 0.0726230144501
34 0.077467918396
36 0.0673429965973
38 0.0636630058289
40 0.0633978843689
42 0.0875639915466
44 0.0781331062317
46 0.0606679916382
48 0.0514259338379
50 0.0493230819702
52 0.050215959549
54 0.0445718765259
56 0.044732093811
58 0.042788028717
60 0.0365869998932
62 0.049635887146
64 0.0469131469727
66 0.030925989151
68 0.033282995224
70 0.0306670665741
72 0.0348718166351
74 0.0294010639191
76 0.0360200405121
78 0.0314750671387
80 0.0286991596222
82 0.0222020149231
84 0.0247480869293
86 0.0207848548889
88 0.00196385383606
