10 0.546674966812
20 1.16525197029
30 1.96058702469
40 2.825070858
50 3.6357178688
60 4.49211621284
70 5.16052389145
80 5.48190116882
90 5.54833507538
100 5.09032821655
110 4.97597384453
120 4.77827215195
130 4.05158782005
140 3.83328580856
150 3.58221817017
160 3.47962093353
170 3.1801378727
180 2.91246700287
190 2.51182103157
200 2.49786806107
210 2.2016711235
220 1.85353708267
230 1.62546205521
240 1.22653889656
250 1.16311597824
260 0.985188961029
270 0.876246929169
280 0.737194061279
290 0.592161893845
300 0.478262901306
310 0.382914066315
320 0.309141159058
330 0.26443696022
340 0.207916975021
350 0.182095050812
360 0.147423028946
370 0.13058590889
380 0.182022094727
390 0.167026996613
400 0.00318002700806
