5 0.243408918381
10 0.287722110748
15 0.412115812302
20 0.580495834351
25 0.740218877792
30 0.948351144791
35 1.09811091423
40 1.22801399231
45 1.44779109955
50 1.59208703041
55 1.63303017616
60 1.74890398979
65 1.93512511253
70 1.91624498367
75 1.70409393311
80 1.6750690937
85 1.64553809166
90 1.5522108078
95 1.50980019569
100 1.61984610558
105 1.22155022621
110 1.28409695625
115 1.23268795013
120 1.16355609894
125 1.07319903374
130 0.993757963181
135 0.945503950119
140 0.982199907303
145 0.796276092529
150 0.771353006363
155 0.683580160141
160 0.666253089905
165 0.572949886322
170 0.506522893906
175 0.470956087112
180 0.430297851562
185 0.376847982407
190 0.336149930954
195 0.28556895256
200 0.251738071442
205 0.242293119431
210 0.214513063431
215 0.185310125351
220 0.172981977463
225 0.148766040802
230 0.136579036713
235 0.129966974258
240 0.116462945938
245 0.102056980133
250 0.098014831543
255 0.0881979465485
260 0.0842468738556
265 0.0866379737854
270 0.0722939968109
275 0.0676398277283
280 0.00318694114685
