2 0.0726358890533
4 0.0595188140869
6 0.0494668483734
8 0.06045794487
10 0.0609669685364
12 0.0586421489716
14 0.063982963562
16 0.0623548030853
18 0.0588340759277
20 0.0793519020081
22 0.074371099472
24 0.0624680519104
26 0.0639770030975
28 0.0790109634399
30 0.0751619338989
32 0.0625281333923
34 0.0641078948975
36 0.0614769458771
38 0.0553288459778
40 0.06378698349
42 0.0583090782166
44 0.0475299358368
46 0.0601308345795
48 0.0530450344086
50 0.0397729873657
52 0.0407960414886
54 0.0378129482269
56 0.0331900119781
58 0.0316908359528
60 0.031327009201
62 0.0398869514465
64 0.0345990657806
66 0.0333111286163
68 0.0267770290375
70 0.0234320163727
72 0.0353820323944
74 0.0322041511536
76 0.021017074585
78 0.0242331027985
80 0.0192439556122
82 0.00284504890442
