2 0.0789330005646
4 0.069895029068
6 0.0646569728851
8 0.0656630992889
10 0.0669720172882
12 0.0792000293732
14 0.0699501037598
16 0.0735220909119
18 0.0668671131134
20 0.0730459690094
22 0.0686700344086
24 0.0797970294952
26 0.0715188980103
28 0.0669360160828
30 0.0666530132294
32 0.0619289875031
34 0.0593240261078
36 0.0591208934784
38 0.0558350086212
40 0.0546720027924
42 0.0506911277771
44 0.0586521625519
46 0.0475931167603
48 0.0452840328217
50 0.0408239364624
52 0.0376908779144
54 0.0402619838715
56 0.0371868610382
58 0.0322270393372
60 0.0407149791718
62 0.0317718982697
64 0.0280890464783
66 0.0222730636597
68 0.0261330604553
70 0.0175349712372
72 0.0180199146271
74 0.0259988307953
76 0.0164468288422
78 0.0135769844055
80 0.00904703140259
82 0.00777220726013
84 0.0102550983429
86 0.00568604469299
88 0.004558801651
90 0.00291395187378
92 0.00149607658386
