10 1.00554680824
20 2.34647202492
30 4.00372195244
40 5.91866183281
50 7.91883587837
60 9.44928908348
70 11.5960049629
80 12.6828989983
90 13.7257521152
100 14.5880830288
110 14.9250760078
120 15.483549118
130 14.7133769989
140 14.5559201241
150 12.7451770306
160 13.2287321091
170 12.1642928123
180 11.7869939804
190 10.2573750019
200 9.73872280121
210 9.35487413406
220 9.10228610039
230 7.88268208504
240 8.46790909767
250 7.42275905609
260 7.1209089756
270 6.04899597168
280 6.19941997528
290 5.41418004036
300 4.90082812309
310 4.59862399101
320 3.97887086868
330 3.70706295967
340 3.41910791397
350 2.84196281433
360 2.69735193253
370 2.24193096161
380 2.06669402122
390 1.76739001274
400 1.43653702736
410 1.23347496986
420 1.09197711945
430 0.95473408699
440 0.831534147263
450 0.682183980942
460 0.5467441082
470 0.47265791893
480 0.405802965164
490 0.330523014069
500 0.272467851639
510 0.233277082443
520 0.199048995972
530 0.222431898117
540 0.149533987045
550 0.181897878647
560 0.00379204750061
