2 0.0692849159241
4 0.0561590194702
6 0.0473580360413
8 0.0450670719147
10 0.0494730472565
12 0.0636460781097
14 0.0518660545349
16 0.0573089122772
18 0.0734369754791
20 0.0563678741455
22 0.0712509155273
24 0.0695359706879
26 0.0636842250824
28 0.0610599517822
30 0.0578010082245
32 0.0523900985718
34 0.0528419017792
36 0.054055929184
38 0.047926902771
40 0.0495159626007
42 0.0501461029053
44 0.0505969524384
46 0.0418469905853
48 0.0393218994141
50 0.0325889587402
52 0.0346579551697
54 0.0328688621521
56 0.0278100967407
58 0.032320022583
60 0.0291128158569
62 0.0317089557648
64 0.0263750553131
66 0.0214698314667
68 0.0251941680908
70 0.0241689682007
72 0.0202729701996
74 0.0185210704803
76 0.00197601318359
