2 0.119538068771
4 0.105492115021
6 0.0946440696716
8 0.0824208259583
10 0.0834817886353
12 0.0797529220581
14 0.0868399143219
16 0.08327293396
18 0.0809419155121
20 0.0849289894104
22 0.0822188854218
24 0.0856151580811
26 0.0818290710449
28 0.086993932724
30 0.0778350830078
32 0.0753629207611
34 0.0705840587616
36 0.0695049762726
38 0.0648410320282
40 0.0690939426422
42 0.0616250038147
44 0.0561499595642
46 0.0592770576477
48 0.0519168376923
50 0.0446450710297
52 0.0458269119263
54 0.0426030158997
56 0.0561158657074
58 0.0487039089203
60 0.034873008728
62 0.0359530448914
64 0.0298330783844
66 0.0232570171356
68 0.0250089168549
70 0.0189590454102
72 0.0287680625916
74 0.0263340473175
76 0.0194120407104
78 0.00968790054321
80 0.00202012062073
