2 0.0684559345245
4 0.0639650821686
6 0.0571939945221
8 0.0612349510193
10 0.0630178451538
12 0.0686960220337
14 0.0677599906921
16 0.0665400028229
18 0.0715928077698
20 0.0864818096161
22 0.0799200534821
24 0.0849690437317
26 0.0839149951935
28 0.0943379402161
30 0.0886499881744
32 0.0911538600922
34 0.0945959091187
36 0.0978009700775
38 0.0952401161194
40 0.101755142212
42 0.100245952606
44 0.100077867508
46 0.111319065094
48 0.0995030403137
50 0.0984680652618
52 0.0957131385803
54 0.101201057434
56 0.104089975357
58 0.0976719856262
60 0.101136922836
62 0.102505922318
64 0.0928308963776
66 0.104635000229
68 0.107548952103
70 0.102540016174
72 0.115181207657
74 0.105231046677
76 0.110814094543
