5 0.294919967651
10 0.331081151962
15 0.380496025085
20 0.436326026917
25 0.474760055542
30 0.550363063812
35 0.608864068985
40 0.646348953247
45 0.707695960999
50 0.777158975601
55 0.816612005234
60 0.884504795074
65 0.829359054565
70 0.936715126038
75 0.896899938583
80 0.808033943176
85 0.823041915894
90 0.851958990097
95 0.799163103104
100 0.916054964066
105 0.937021017075
110 0.891243934631
115 0.925401926041
120 0.960594892502
125 0.887481927872
130 0.891268014908
135 0.878890037537
140 0.805640935898
