10 1.24059200287
20 2.98869585991
30 5.60408782959
40 8.32491803169
50 10.6825158596
60 13.1847569942
70 15.0021100044
80 16.6805529594
90 17.5669620037
100 19.2712268829
110 19.834020853
120 19.8002450466
130 19.6413121223
140 20.0597150326
150 20.3084039688
160 20.563699007
170 21.3677051067
180 19.896586895
190 20.7292149067
200 20.8217880726
210 21.2293980122
220 22.1515681744
230 23.391575098
240 22.7467241287
250 22.5638818741
260 23.7651619911
270 24.1021318436
280 24.1684551239
290 22.8909740448
300 23.3455219269
310 24.5285630226
320 23.8388490677
330 25.1116030216
340 24.8089058399
350 26.6797850132
360 26.1786019802
370 26.4632689953
380 26.5429368019
390 27.269657135
400 27.9692549706
410 28.379627943
420 28.5218110085
430 29.1828351021
440 30.3521671295
450 29.004488945
460 30.0106799603
470 29.4962329865
480 31.7069349289
490 30.2855789661
500 31.7439219952
510 32.6025547981
520 33.1653289795
530 33.1367840767
540 34.3397128582
550 34.362142086
560 35.0949971676
