10 0.414377212524
20 0.839388132095
30 1.41567897797
40 1.98420095444
50 2.42326593399
60 2.85794091225
70 3.39174818993
80 3.45758795738
90 3.17824101448
100 3.2650001049
110 2.94263601303
120 2.4416000843
130 2.33111691475
140 2.00868201256
150 1.91487789154
160 1.73380684853
170 1.61538100243
180 1.43709111214
190 1.16283297539
200 0.893089056015
210 0.760759830475
220 0.688951969147
230 0.512026071548
240 0.481643915176
250 0.36599111557
260 0.302083969116
270 0.237764120102
280 0.189014911652
290 0.164330005646
300 0.134349107742
310 0.110378026962
320 0.0962011814117
330 0.0846920013428
340 0.00309109687805
