5 0.360221862793
10 0.482455015182
15 0.648803949356
20 0.947236061096
25 1.23421788216
30 1.5244281292
35 1.79684305191
40 2.10395097733
45 2.43676495552
50 2.66400313377
55 3.00399899483
60 3.14322090149
65 3.2456009388
70 3.42953801155
75 3.48096609116
80 3.59791302681
85 3.37498497963
90 3.51323485374
95 4.00726985931
100 3.90589499474
105 3.71959114075
110 3.83714795113
115 3.76954317093
120 3.64073991776
125 3.81394910812
130 3.79698991776
135 3.95432400703
140 4.06919288635
145 4.07980704308
150 3.9832880497
155 3.95248389244
160 4.01391410828
165 4.62529802322
170 4.12851810455
175 4.54268598557
180 4.58061599731
185 4.51136279106
190 4.74124121666
195 4.52480983734
200 4.38741016388
205 4.46154594421
210 4.56666016579
215 4.54851484299
220 4.65722179413
225 4.75441408157
230 4.81659913063
235 5.03171420097
240 4.86847901344
245 4.89053201675
250 4.82870388031
255 5.199187994
260 5.20666503906
265 5.33730602264
270 5.18255710602
275 5.43322706223
280 5.38209414482
285 5.27050995827
290 5.89094400406
295 5.75531888008
300 5.68785405159
