2 0.116459846497
4 0.0920639038086
6 0.0880448818207
8 0.0826759338379
10 0.0880620479584
12 0.086669921875
14 0.085688829422
16 0.0880930423737
18 0.0936501026154
20 0.0994701385498
22 0.100592136383
24 0.108464956284
26 0.127063035965
28 0.112910985947
30 0.11865901947
32 0.123543977737
34 0.119728088379
36 0.127011060715
38 0.12292599678
40 0.126180887222
42 0.126221895218
44 0.130676984787
46 0.12667298317
48 0.126441001892
50 0.128684043884
52 0.133584976196
54 0.136625766754
56 0.140146970749
58 0.153892993927
60 0.137951135635
62 0.140789985657
64 0.144968986511
66 0.139328956604
68 0.141494989395
70 0.14214515686
