20 4.16763687134
40 12.0354940891
60 21.0458118916
80 28.0409319401
100 33.7236027718
120 34.8594670296
140 38.5613191128
160 38.9602820873
180 35.9530901909
200 39.1154191494
220 38.977134943
240 36.1048140526
260 37.4634230137
280 41.1342949867
300 38.4871499538
320 34.0422439575
340 35.1756179333
360 38.946075201
380 39.3639819622
400 38.3803949356
420 37.0716199875
440 38.378592968
460 38.9514679909
480 39.2376461029
500 39.3258271217
520 36.6011900902
540 39.8998630047
560 36.882930994
580 36.0153980255
600 37.9536590576
620 38.4643759727
640 36.0714950562
660 39.3438611031
