10 0.599238872528
20 1.32095098495
30 2.22104907036
40 3.06913280487
50 4.11564993858
60 5.11317300797
70 5.53112101555
80 6.22758698463
90 6.40984988213
100 6.04559493065
110 5.53361415863
120 5.68758511543
130 4.58965206146
140 4.75270485878
150 4.32051587105
160 4.18010807037
170 3.82671499252
180 3.15490889549
190 2.95317101479
200 2.92906999588
210 2.86856293678
220 2.55038094521
230 2.16793489456
240 1.83097696304
250 1.58007979393
260 1.41148805618
270 1.19026112556
280 0.959042072296
290 0.81965303421
300 0.714493989944
310 0.585886955261
320 0.480840921402
330 0.39398598671
340 0.328054189682
350 0.265232086182
360 0.226351976395
370 0.189238071442
380 0.157763004303
390 0.131676912308
400 0.115723848343
410 0.102165937424
420 0.00346398353577
