2 0.147833824158
4 0.119105100632
6 0.106434106827
8 0.104923963547
10 0.113500833511
12 0.108705043793
14 0.107068061829
16 0.103802919388
18 0.10701584816
20 0.127882957458
22 0.116904020309
24 0.122282981873
26 0.124264001846
28 0.129931926727
30 0.124952077866
32 0.108028173447
34 0.105451107025
36 0.104196071625
38 0.105002164841
40 0.0930721759796
42 0.0910749435425
44 0.0914850234985
46 0.0886409282684
48 0.0805761814117
50 0.079962015152
52 0.0832200050354
54 0.0720880031586
56 0.0710339546204
58 0.0955529212952
60 0.0891830921173
62 0.0585858821869
64 0.0557041168213
66 0.0511310100555
68 0.052120923996
70 0.0445621013641
72 0.0491480827332
74 0.0428409576416
76 0.039715051651
78 0.041405916214
80 0.0343601703644
82 0.0287292003632
84 0.0387949943542
86 0.0227119922638
88 0.0286860466003
90 0.0220398902893
92 0.0203709602356
94 0.0130472183228
96 0.0107378959656
98 0.00218105316162
