20 36.2096118927
40 41.8244280815
60 50.2685518265
80 58.7824418545
100 66.734210968
120 74.3200750351
140 81.1805379391
160 80.8522179127
180 82.5954010487
200 84.6702170372
220 83.4067111015
240 82.9781210423
260 83.8579308987
280 88.6984131336
300 82.980599165
320 84.4137589931
340 80.2733991146
360 82.6354768276
380 83.4457969666
400 87.6687090397
420 84.4257459641
440 84.1944458485
460 84.3331489563
480 86.0756928921
500 87.3339099884
520 82.4255437851
540 85.6508238316
560 84.500328064
580 86.1630330086
600 85.7181580067
620 81.5755109787
640 83.1765391827
660 84.0447938442
680 85.8991889954
