2 0.137636899948
4 0.11353802681
6 0.100216150284
8 0.101055860519
10 0.0942759513855
12 0.0920169353485
14 0.0927889347076
16 0.0937180519104
18 0.0943768024445
20 0.0988049507141
22 0.101878881454
24 0.102283000946
26 0.099701166153
28 0.10208106041
30 0.097384929657
32 0.0899300575256
34 0.0888659954071
36 0.0901100635529
38 0.0810389518738
40 0.0909650325775
42 0.0795719623566
44 0.0858240127563
46 0.0769970417023
48 0.0676629543304
50 0.0646691322327
52 0.0654590129852
54 0.0615530014038
56 0.0624060630798
58 0.0518147945404
60 0.0589900016785
62 0.0477089881897
64 0.0446908473969
66 0.0384480953217
68 0.0352230072021
70 0.0332520008087
72 0.0296058654785
74 0.0297620296478
76 0.029678106308
78 0.026239156723
80 0.0200650691986
82 0.0334730148315
84 0.0155107975006
86 0.0251519680023
88 0.0152831077576
90 0.002032995224
