10 0.899248838425
20 2.34147310257
30 4.33215212822
40 6.44493985176
50 8.54615592957
60 10.5837900639
70 12.004899025
80 13.2875699997
90 14.6514649391
100 14.9429581165
110 15.8896379471
120 15.6869511604
130 15.1505229473
140 15.772493124
150 15.214304924
160 16.7502520084
170 16.2234258652
180 15.9309568405
190 16.7211999893
200 15.1977667809
210 17.5151669979
220 16.285476923
230 16.6642179489
240 15.7454919815
250 15.0581610203
260 16.4686131477
270 16.5602779388
280 16.1048460007
290 15.7470190525
300 16.2393889427
310 14.7539069653
320 15.5832841396
330 15.7726550102
340 16.156774044
350 15.8217539787
360 16.1202549934
370 16.2497560978
380 15.5133669376
390 15.6640031338
400 15.374350071
410 15.8658919334
420 15.7885499001
430 17.5519149303
440 16.4892919064
450 15.6292009354
460 16.0819938183
470 16.8901460171
480 15.3008930683
490 16.242607832
500 15.8351290226
