2 0.0245440006256
4 0.045392036438
6 0.0310220718384
8 0.0357789993286
10 0.0437319278717
12 0.0440640449524
14 0.0489001274109
16 0.0524079799652
18 0.0527920722961
20 0.0689809322357
22 0.0556788444519
24 0.0620059967041
26 0.0608530044556
28 0.0738708972931
30 0.0668299198151
32 0.0581691265106
34 0.0533158779144
36 0.0552999973297
38 0.0491700172424
40 0.0504269599915
42 0.0516819953918
44 0.046483039856
46 0.0473699569702
48 0.0374131202698
50 0.0350558757782
52 0.0361549854279
54 0.0319380760193
56 0.0341579914093
58 0.0284819602966
60 0.0312402248383
62 0.0265641212463
64 0.025004863739
66 0.024197101593
68 0.0274789333344
70 0.0258159637451
72 0.0226149559021
74 0.0216970443726
76 0.020966053009
78 0.00192904472351
