20 8.20778393745
40 24.388422966
60 43.3267848492
80 61.6211719513
100 76.2440841198
120 87.3749899864
140 93.8143770695
160 92.7035250664
180 89.8944370747
200 93.9996259212
220 99.9756808281
240 105.184900045
260 98.8730430603
280 100.023886919
300 100.084015131
320 95.0031659603
340 101.827061176
360 95.6112918854
380 97.512567997
400 99.8135070801
420 102.282064915
440 99.746160984
460 90.9301490784
480 99.3815019131
500 95.9689362049
520 92.6635429859
540 94.7154078484
560 96.3749399185
580 99.8158760071
600 92.0397689342
620 91.5921089649
640 93.5861899853
660 101.442122936
680 103.373810053
700 95.153220892
720 99.0692219734
740 100.513087988
760 100.585250854
780 99.3130688667
800 99.6270291805
820 92.6787629128
840 98.4590969086
860 96.6483409405
880 96.1160991192
900 93.3582267761
