2 0.0792779922485
4 0.0885558128357
6 0.088152885437
8 0.0962870121002
10 0.106131076813
12 0.106570005417
14 0.120111942291
16 0.120872020721
18 0.121961116791
20 0.13162112236
22 0.13609290123
24 0.14449596405
26 0.210563898087
28 0.211189031601
30 0.16211104393
32 0.166797876358
34 0.173547029495
36 0.174683094025
38 0.189344882965
40 0.189429998398
42 0.185571908951
44 0.193947792053
46 0.2012591362
48 0.202871084213
50 0.198595046997
52 0.185806035995
54 0.186385154724
56 0.196300029755
58 0.21785402298
60 0.193138837814
62 0.207053899765
64 0.205328941345
66 0.192188978195
68 0.197511911392
70 0.194485187531
72 0.196607112885
74 0.198498010635
76 0.207551002502
78 0.201854944229
80 0.193955898285
