2 0.0206799507141
4 0.0371329784393
6 0.0286169052124
8 0.0367708206177
10 0.0447380542755
12 0.0415270328522
14 0.0443799495697
16 0.0432119369507
18 0.0468611717224
20 0.0497410297394
22 0.048141002655
24 0.0620470046997
26 0.0473198890686
28 0.0541670322418
30 0.0489919185638
32 0.0436151027679
34 0.0427980422974
36 0.0439560413361
38 0.0382719039917
40 0.0391421318054
42 0.0374851226807
44 0.0418939590454
46 0.0329480171204
48 0.0316240787506
50 0.0264401435852
52 0.0291650295258
54 0.0262699127197
56 0.0387501716614
58 0.0301439762115
60 0.0253260135651
62 0.0247581005096
64 0.0198020935059
66 0.0195171833038
68 0.0224089622498
70 0.00188398361206
