2 0.0658960342407
4 0.0533349514008
6 0.0472650527954
8 0.0514409542084
10 0.0475790500641
12 0.0570991039276
14 0.0505621433258
16 0.0517489910126
18 0.0538628101349
20 0.0639998912811
22 0.0759029388428
24 0.0621218681335
26 0.0545110702515
28 0.0717070102692
30 0.0485510826111
32 0.0473608970642
34 0.0461900234222
36 0.0650629997253
38 0.0623018741608
40 0.0440740585327
42 0.0566918849945
44 0.0501620769501
46 0.0401971340179
48 0.0351369380951
50 0.0289118289948
52 0.031219959259
54 0.0255100727081
56 0.0292010307312
58 0.025041103363
60 0.0329029560089
62 0.0254030227661
64 0.0209810733795
66 0.0209920406342
68 0.0238060951233
70 0.0192239284515
72 0.0177109241486
74 0.00196385383606
