2 0.148313045502
4 0.125537872314
6 0.117220163345
8 0.113498926163
10 0.11168885231
12 0.114903926849
14 0.126197099686
16 0.125012874603
18 0.134825944901
20 0.14705991745
22 0.152667999268
24 0.167335987091
26 0.186220169067
28 0.179730176926
30 0.194597959518
32 0.198957204819
34 0.195490837097
36 0.277426958084
38 0.210371017456
40 0.215693950653
42 0.325953960419
44 0.319711923599
46 0.277097940445
48 0.325460910797
50 0.234354019165
52 0.23726606369
54 0.234955072403
56 0.2244181633
58 0.228008985519
60 0.248476028442
62 0.242324113846
64 0.244242191315
66 0.24372792244
68 0.247671842575
70 0.24712395668
72 0.254130840302
74 0.249144792557
76 0.24881696701
78 0.260860204697
80 0.259979963303
82 0.282695055008
84 0.254868030548
86 0.277862787247
88 0.293778896332
90 0.28316283226
92 0.277588844299
94 0.28115606308
96 0.279693841934
98 0.285295963287
