10 1.35671401024
20 3.35423207283
30 6.05240797997
40 8.06959199905
50 10.2570688725
60 12.0987138748
70 13.7171499729
80 14.2910089493
90 14.1247639656
100 13.6780259609
110 13.9548180103
120 13.3284561634
130 12.4018929005
140 11.7557549477
150 11.174587965
160 11.1729869843
170 10.738574028
180 9.4693300724
190 9.56867909431
200 9.2735118866
210 8.3547410965
220 8.0233669281
230 7.94315314293
240 7.24596691132
250 7.1082341671
260 6.59604978561
270 6.70165300369
280 6.47852396965
290 5.84025096893
300 5.71259903908
310 5.09914517403
320 4.69206094742
330 4.26322793961
340 3.85248398781
350 3.46212697029
360 3.33858203888
370 2.82150101662
380 2.49119305611
390 2.22817492485
400 2.00962615013
410 1.73431897163
420 1.5511097908
430 1.34258794785
440 1.20457005501
450 1.03371191025
460 0.861718893051
470 0.7271900177
480 0.615578174591
490 0.526165008545
500 0.427067041397
510 0.360173940659
520 0.298522949219
530 0.244647026062
540 0.190101861954
550 0.147297859192
560 0.112783908844
570 0.0831549167633
580 0.0568161010742
590 0.0354368686676
600 0.00474619865417
