2 0.0297992229462
4 0.026661157608
6 0.034744977951
8 0.0387089252472
10 0.0381009578705
12 0.0409429073334
14 0.0506231784821
16 0.0461819171906
18 0.0511338710785
20 0.054468870163
22 0.0529630184174
24 0.0537519454956
26 0.0541610717773
28 0.0566890239716
30 0.0535750389099
32 0.0492329597473
34 0.0522820949554
36 0.0484261512756
38 0.0452461242676
40 0.0444989204407
42 0.0483808517456
44 0.0419909954071
46 0.0432848930359
48 0.0346357822418
50 0.0313410758972
52 0.0341670513153
54 0.0291619300842
56 0.0309598445892
58 0.0263159275055
60 0.0326039791107
62 0.0280239582062
64 0.0229668617249
66 0.0221991539001
68 0.0259721279144
70 0.0211610794067
72 0.0245409011841
74 0.00388598442078
76 0.0020010471344
