2 0.0435690879822
4 0.0707988739014
6 0.0492830276489
8 0.0772850513458
10 0.0779099464417
12 0.0653898715973
14 0.0713019371033
16 0.0703599452972
18 0.0680778026581
20 0.0720539093018
22 0.071277141571
24 0.0807979106903
26 0.0769469738007
28 0.083594083786
30 0.0784730911255
32 0.0853669643402
34 0.0829930305481
36 0.0803730487823
38 0.0834319591522
40 0.0869920253754
42 0.0881910324097
44 0.0825209617615
46 0.0868191719055
48 0.0804030895233
50 0.0812971591949
52 0.0828449726105
54 0.0797679424286
