2 0.0798189640045
4 0.0762269496918
6 0.0677309036255
8 0.0721189975739
10 0.0854759216309
12 0.0824580192566
14 0.0848660469055
16 0.0923609733582
18 0.0949819087982
20 0.0967900753021
22 0.103557825089
24 0.129652023315
26 0.129554033279
28 0.116930961609
30 0.126924991608
32 0.125236988068
34 0.134063959122
36 0.131893873215
38 0.18875002861
40 0.137959003448
42 0.152732133865
44 0.14387011528
46 0.136309146881
48 0.180908203125
50 0.14569401741
52 0.146935939789
54 0.144587039948
56 0.146098852158
58 0.142168998718
60 0.164498806
62 0.144440889359
64 0.162613868713
66 0.14214015007
68 0.152741909027
70 0.13792514801
72 0.149644136429
74 0.149027109146
76 0.138039827347
78 0.144427061081
80 0.148621082306
82 0.14540886879
84 0.171613931656
86 0.151360034943
88 0.145844936371
90 0.151147842407
92 0.136449098587
