20 39.4228188992
40 45.7010910511
60 54.226006031
80 63.705933094
100 71.7175760269
120 81.5326418877
140 88.0144939423
160 93.0163249969
180 88.8432950974
200 92.7637808323
220 87.0779848099
240 92.543033123
260 92.5934050083
280 85.3432159424
300 88.6289100647
320 92.2803750038
340 86.6391820908
360 90.6739919186
380 91.5248560905
400 94.0225360394
420 92.8664720058
440 86.0410370827
460 87.5778129101
480 99.1711130142
500 88.5761330128
520 88.6007590294
540 91.4979190826
560 91.7926571369
580 89.5342359543
600 92.812556982
620 86.4745271206
640 91.749819994
660 87.2133529186
680 89.6440439224
700 93.0853691101
