2 0.0613861083984
4 0.0444099903107
6 0.0475170612335
8 0.0376360416412
10 0.0373270511627
12 0.0433299541473
14 0.0434181690216
16 0.0404391288757
18 0.0427689552307
20 0.0476408004761
22 0.0442309379578
24 0.0473639965057
26 0.0456008911133
28 0.0450611114502
30 0.0462779998779
32 0.0404379367828
34 0.0357458591461
36 0.0368499755859
38 0.030592918396
40 0.032525062561
42 0.0309040546417
44 0.0336871147156
46 0.0276279449463
48 0.0220189094543
50 0.0207071304321
52 0.0637221336365
54 0.0548009872437
56 0.0534920692444
58 0.0471699237823
60 0.0448179244995
62 0.0322690010071
64 0.00156092643738
