10 14.8448998928
20 16.1096611023
30 17.8782382011
40 20.0891568661
50 22.1132791042
60 24.2186100483
70 26.8451199532
80 29.679970026
90 31.2314579487
100 32.458165884
110 35.4543321133
120 36.7403099537
130 35.4323189259
140 35.7035119534
150 38.5594799519
160 38.8485381603
170 37.4037599564
180 37.7101249695
190 38.6336500645
200 38.9102818966
210 38.936661005
220 38.4274680614
230 40.6557629108
240 36.9115819931
250 39.5671348572
260 36.1723020077
270 39.1461038589
280 39.3338260651
290 39.421254158
300 36.8422830105
310 37.9853699207
320 37.2496228218
330 37.6464908123
340 39.4603450298
350 38.2074978352
360 38.5563938618
370 36.6399419308
380 36.1797251701
390 38.0679330826
400 36.7267291546
410 38.6317589283
420 37.0005340576
430 39.0654630661
440 39.4455327988
450 38.7527551651
460 36.5516149998
470 38.0052139759
480 38.1738779545
490 37.8602759838
500 37.4590089321
510 38.2023808956
520 37.6827299595
