2 0.185062885284
4 0.167301177979
6 0.157725811005
8 0.159746170044
10 0.156021118164
12 0.169070005417
14 0.167458057404
16 0.176651000977
18 0.19496011734
20 0.194803953171
22 0.204485177994
24 0.209936141968
26 0.229147911072
28 0.231816053391
30 0.241772890091
32 0.251890182495
34 0.269611120224
36 0.276822805405
38 0.287285089493
40 0.300499200821
42 0.289765834808
44 0.301349163055
46 0.312786102295
48 0.306907176971
50 0.30152797699
52 0.345324993134
54 0.325055837631
56 0.346307039261
58 0.343137025833
60 0.340605974197
62 0.312991857529
64 0.333024978638
66 0.349286079407
68 0.314333200455
70 0.358047962189
72 0.357970952988
74 0.341298103333
76 0.322318077087
78 0.352928876877
80 0.316108942032
82 0.320200920105
84 0.358258962631
86 0.337105989456
88 0.306269884109
90 0.304734945297
92 0.327404975891
94 0.325702905655
96 0.317245006561
98 0.390071153641
