20 6.06760787964
40 15.3400709629
60 28.3297350407
80 39.5500299931
100 50.3061161041
120 62.230588913
140 62.2709858418
160 60.958136797
180 55.151184082
200 59.0977299213
220 57.9221029282
240 48.2032449245
260 45.4348781109
280 46.5642781258
300 39.8028271198
320 37.951100111
340 35.9380700588
360 34.0288350582
380 31.2222340107
400 27.6784420013
420 25.4314551353
440 25.925786972
460 21.6366920471
480 20.7169458866
500 17.4098191261
520 15.9067640305
540 13.7218279839
560 12.1048219204
580 9.98121595383
600 8.15609097481
620 6.59558486938
640 5.95593595505
660 4.61208105087
680 3.69512081146
700 3.09887504578
720 2.27141094208
740 1.86894917488
760 1.43948483467
780 1.01449298859
800 0.716166973114
820 0.537131786346
840 0.408704996109
860 0.305230140686
880 0.233220100403
900 0.00489902496338
