20 4.11183190346
40 10.2416899204
60 18.9389390945
80 25.5642421246
100 30.8366761208
120 34.1831409931
140 34.0977470875
160 30.5140719414
180 31.6528120041
200 30.6474280357
220 26.2961940765
240 23.4584820271
260 23.4356451035
280 19.5542960167
300 17.8876178265
320 17.1853430271
340 16.2840259075
360 14.3172650337
380 13.2765431404
400 11.1460809708
420 8.99187493324
440 7.88867807388
460 6.90530180931
480 5.27195501328
500 4.36278510094
520 3.31858611107
540 2.95925593376
560 2.14772605896
580 1.72175502777
600 1.25571298599
620 0.925460100174
640 0.670495033264
660 0.471465826035
680 0.334452152252
700 0.255156040192
720 0.192925214767
740 0.00438618659973
