2 0.0858268737793
4 0.0784409046173
6 0.0720357894897
8 0.0822598934174
10 0.0859761238098
12 0.0826370716095
14 0.093337059021
16 0.0956420898438
18 0.104718923569
20 0.114355802536
22 0.117520093918
24 0.138315916061
26 0.135768890381
28 0.141235113144
30 0.150608062744
32 0.143147945404
34 0.153254985809
36 0.154215097427
38 0.164555072784
40 0.184109926224
42 0.184430122375
44 0.17528796196
46 0.180022954941
48 0.180330991745
50 0.170880079269
52 0.166891098022
54 0.169479131699
56 0.18803691864
58 0.162213087082
60 0.193222999573
62 0.188431024551
64 0.171115159988
66 0.168752908707
68 0.166787147522
70 0.178951978683
72 0.181734085083
74 0.169193983078
76 0.18222117424
78 0.182234048843
80 0.190879106522
82 0.17594909668
84 0.181607961655
86 0.162015199661
88 0.180048942566
90 0.191092967987
92 0.215224981308
94 0.18156003952
96 0.173232078552
98 0.171192884445
100 0.191005945206
