10 0.490780115128
20 0.903735876083
30 1.42321014404
40 1.85506081581
50 2.14552998543
60 2.15924477577
70 2.16865897179
80 1.89348697662
90 2.14246511459
100 1.67660212517
110 1.61373806
120 2.28389120102
130 1.6336388588
140 1.90826511383
150 1.49816703796
160 1.56195902824
170 0.842980146408
180 0.746618032455
190 0.603025913239
200 0.537348031998
210 0.421860933304
220 0.351209163666
230 0.286124944687
240 0.230237007141
250 0.192698955536
260 0.143929004669
270 0.119415998459
280 0.095999956131
290 0.0679929256439
300 0.0561618804932
310 0.033655166626
320 0.00332403182983
