20 8.83630394936
40 23.5247929096
60 39.0945808887
80 50.7358849049
100 56.4981310368
120 56.5782880783
140 55.4044611454
160 52.2555701733
180 49.0191140175
200 48.3879609108
220 44.9840810299
240 43.4047648907
260 40.8481709957
280 38.5394358635
300 35.9386348724
320 33.3577880859
340 32.3734109402
360 30.2912399769
380 29.1141438484
400 28.768750906
420 26.1934199333
440 24.7760088444
460 23.0952939987
480 21.8761429787
500 19.5235579014
520 17.1061010361
540 15.212310791
560 13.8569049835
580 11.7399690151
600 10.2544119358
620 8.62087798119
640 7.04726195335
660 5.83468985558
680 5.13038110733
700 4.28201889992
720 3.43253302574
740 2.88690495491
760 2.250041008
780 1.77139306068
800 1.29528713226
820 0.948746919632
840 0.722671985626
860 0.527697086334
880 0.341948986053
900 0.237496137619
920 0.145998001099
940 0.075129032135
960 0.00517201423645
