2 0.0523660182953
4 0.0478489398956
6 0.0409510135651
8 0.0462930202484
10 0.0410659313202
12 0.0366749763489
14 0.0426740646362
16 0.0373661518097
18 0.0335781574249
20 0.0361099243164
22 0.0300858020782
24 0.0287878513336
26 0.0269770622253
28 0.0332579612732
30 0.0273509025574
32 0.0214190483093
34 0.0194220542908
36 0.0215759277344
38 0.0150799751282
40 0.0159549713135
42 0.0148131847382
44 0.00888919830322
46 0.00757789611816
48 0.0066339969635
50 0.00553703308105
52 0.00459218025208
54 0.00353121757507
56 0.00147414207458
