5 0.748103141785
10 0.823042154312
15 0.899430990219
20 1.02051186562
25 1.12580680847
30 1.26226592064
35 1.39872908592
40 1.52709507942
45 1.63425803185
50 1.8287229538
55 1.95167398453
60 2.16846108437
65 2.1118350029
70 2.28713393211
75 2.16391897202
80 2.2647330761
85 2.36758995056
90 2.24259781837
95 2.3627679348
100 2.4448261261
105 2.44613480568
110 2.31370902061
115 2.192278862
120 2.36031389236
125 2.32881593704
130 2.22322511673
135 2.52278900146
140 2.48108887672
145 2.2509958744
150 2.29313397408
155 2.58484196663
160 2.21735191345
165 2.24635410309
170 2.2713778019
175 2.52337694168
180 2.35734701157
185 2.23786616325
190 2.49579501152
195 2.27127695084
200 2.34356403351
