20 50.8873550892
40 58.0459039211
60 68.8015561104
80 80.8878540993
100 90.8448541164
120 101.29956007
140 113.790391922
160 111.255541086
180 113.360831022
200 111.868319988
220 121.426765919
240 119.671777964
260 115.902741909
280 115.524962902
300 119.508085012
320 110.130618095
340 115.545890093
360 111.427280903
380 114.755886793
400 119.948139906
420 113.18325305
440 110.950956106
460 115.026403904
480 114.204422951
500 117.949508905
520 114.152940989
540 113.401061058
560 113.873182058
580 110.977331877
600 119.335883141
620 112.316994905
640 116.82088685
660 113.817004919
680 116.450247049
700 108.747726917
720 116.972523928
740 123.496598959
760 112.750452995
