20 4.73754382133
40 12.1052029133
60 21.8475589752
80 30.4893898964
100 36.6717600822
120 41.5105981827
140 42.7632570267
160 43.4120409489
180 41.3072390556
200 40.5173990726
220 35.5184180737
240 34.2056508064
260 32.0565779209
280 28.7546260357
300 26.2093770504
320 22.3853309155
340 22.0756909847
360 19.8113639355
380 20.1399519444
400 17.368500948
420 14.9520099163
440 12.6751821041
460 10.9394710064
480 8.85238695145
500 7.82714986801
520 6.34444499016
540 5.74692606926
560 4.43864989281
580 3.86671185493
600 2.87568378448
620 2.20795297623
640 1.64937496185
660 1.30061912537
680 0.952230930328
700 0.71665096283
720 0.520205020905
740 0.36186504364
760 0.270514965057
780 0.214568138123
800 0.0044858455658
