2 0.178194999695
4 0.158675909042
6 0.150939941406
8 0.154860019684
10 0.159065008163
12 0.164587020874
14 0.169361829758
16 0.170948982239
18 0.184745073318
20 0.188081026077
22 0.197503089905
24 0.205415964127
26 0.216981172562
28 0.220636844635
30 0.226423978806
32 0.234081029892
34 0.253525018692
36 0.262876033783
38 0.281316041946
40 0.276113033295
42 0.301585912704
44 0.284611940384
46 0.295717000961
48 0.308043956757
50 0.285993099213
52 0.305317878723
54 0.322968959808
56 0.312189817429
58 0.324607133865
60 0.29608297348
62 0.33612704277
64 0.327847957611
66 0.332940816879
68 0.319644927979
70 0.34512591362
72 0.335471868515
74 0.313639879227
76 0.297741889954
78 0.311198949814
80 0.314223051071
82 0.313535928726
84 0.317034959793
86 0.311478853226
88 0.330487012863
90 0.309440851212
92 0.313582181931
94 0.299685955048
96 0.302710056305
