2 0.028963804245
4 0.0302820205688
6 0.0400450229645
8 0.0454638004303
10 0.0513758659363
12 0.0605578422546
14 0.0597801208496
16 0.0616800785065
18 0.0685920715332
20 0.0751090049744
22 0.0751519203186
24 0.08536195755
26 0.0813429355621
28 0.082731962204
30 0.0834171772003
32 0.0823469161987
34 0.0849609375
36 0.0867238044739
38 0.0829980373383
40 0.0916550159454
42 0.0859858989716
44 0.0794110298157
46 0.0794589519501
48 0.07395195961
50 0.0604581832886
52 0.0583319664001
54 0.0633568763733
56 0.0519180297852
58 0.0577478408813
60 0.0506091117859
62 0.0520901679993
64 0.0462350845337
66 0.0387470722198
68 0.0408430099487
70 0.0361049175262
72 0.0343370437622
74 0.0334098339081
76 0.0350069999695
78 0.0343120098114
80 0.0285968780518
82 0.0277991294861
84 0.0314638614655
86 0.026458978653
88 0.0296828746796
90 0.0246779918671
92 0.0253858566284
94 0.00207495689392
