2 0.0542640686035
4 0.0550220012665
6 0.0615720748901
8 0.0608539581299
10 0.0795910358429
12 0.0781519412994
14 0.0766098499298
16 0.077043056488
18 0.0771040916443
20 0.0819308757782
22 0.0833611488342
24 0.0911591053009
26 0.0938827991486
28 0.106086969376
30 0.10418009758
32 0.0992708206177
34 0.106024980545
36 0.105960845947
38 0.102979898453
40 0.108989953995
42 0.108566999435
44 0.10557103157
46 0.111115932465
48 0.111182928085
50 0.105949878693
52 0.106768131256
54 0.103645086288
56 0.102472066879
58 0.100770950317
60 0.102128982544
