2 0.0663552284241
4 0.0751268863678
6 0.089250087738
8 0.0900280475616
10 0.0937671661377
12 0.0942220687866
14 0.0977780818939
16 0.100167989731
18 0.101752996445
20 0.108405828476
22 0.109143018723
24 0.118829965591
26 0.125010967255
28 0.135508060455
30 0.140825033188
32 0.140620946884
34 0.145845174789
36 0.141283988953
38 0.154098987579
40 0.149959802628
42 0.142852067947
44 0.157984018326
46 0.155411958694
48 0.146318912506
50 0.156677007675
52 0.158234119415
54 0.150827884674
56 0.155698060989
58 0.149295091629
60 0.151767015457
62 0.155657052994
64 0.159179925919
66 0.15271115303
68 0.158077955246
70 0.153634786606
72 0.158020973206
