2 0.150454998016
4 0.129268169403
6 0.118208885193
8 0.115068912506
10 0.118411064148
12 0.120389938354
14 0.132063865662
16 0.135409116745
18 0.138725042343
20 0.145960092545
22 0.157356023788
24 0.174519062042
26 0.170910835266
28 0.177644014359
30 0.195362091064
32 0.204526901245
34 0.211156129837
36 0.207520008087
38 0.21174287796
40 0.223494052887
42 0.230431079865
44 0.244382143021
46 0.22527718544
48 0.233503103256
50 0.240287065506
52 0.238061904907
54 0.240046977997
56 0.247303009033
58 0.237110853195
60 0.292644023895
62 0.294365882874
64 0.303050041199
66 0.242520093918
68 0.254362106323
70 0.256275892258
72 0.271646022797
74 0.264700174332
76 0.269412994385
78 0.264946937561
80 0.26719212532
82 0.264935016632
84 0.27689909935
86 0.277392864227
88 0.290884971619
90 0.290656089783
92 0.281259059906
94 0.293011188507
96 0.291856050491
98 0.286138057709
100 0.288352966309
