2 0.165930986404
4 0.151171922684
6 0.139536857605
8 0.144371986389
10 0.146147012711
12 0.156354904175
14 0.156621217728
16 0.161518096924
18 0.165206193924
20 0.175457000732
22 0.180346012115
24 0.200623035431
26 0.196017026901
28 0.208023071289
30 0.214438915253
32 0.227149963379
34 0.241537094116
36 0.244642019272
38 0.253859043121
40 0.25724196434
42 0.383401870728
44 0.385668992996
46 0.378089904785
48 0.389033794403
50 0.270069122314
52 0.289231777191
54 0.279301166534
56 0.2752430439
58 0.299090147018
60 0.286055088043
62 0.288982868195
64 0.294703006744
66 0.275801897049
68 0.277544975281
70 0.280637025833
72 0.321094989777
74 0.277859926224
76 0.28152513504
78 0.282148838043
80 0.270210981369
82 0.285412073135
84 0.286600828171
86 0.285416841507
88 0.273890972137
90 0.291589975357
92 0.302874803543
