20 4.8695089817
40 12.7566070557
60 20.4182128906
80 25.6853189468
100 27.7210941315
120 27.1264669895
140 26.3832480907
160 21.6665539742
180 19.4833471775
200 17.7308959961
220 15.916353941
240 14.1595320702
260 12.2767310143
280 10.819849968
300 9.71811413765
320 8.47184681892
340 7.3293390274
360 6.17486715317
380 5.33490300179
400 4.15718483925
420 3.53222703934
440 2.78373908997
460 2.15498304367
480 1.72999501228
500 1.51864504814
520 1.10347414017
540 0.922993898392
560 0.633879899979
580 0.426212072372
600 0.353826999664
620 0.202422857285
640 0.165969133377
660 0.0704929828644
680 0.0498189926147
700 0.0267820358276
720 0.00483298301697
