2 0.0701160430908
4 0.0646440982819
6 0.0575678348541
8 0.0681798458099
10 0.0607271194458
12 0.0576870441437
14 0.063549041748
16 0.0650498867035
18 0.0639278888702
20 0.0711920261383
22 0.0716979503632
24 0.074863910675
26 0.0723550319672
28 0.0756828784943
30 0.0835688114166
32 0.0797431468964
34 0.0794048309326
36 0.0810470581055
38 0.0824041366577
40 0.0816781520844
42 0.0764939785004
44 0.0744240283966
46 0.074893951416
48 0.0745739936829
50 0.0764589309692
52 0.0753560066223
