20 5.28044915199
40 15.6910619736
60 26.9780299664
80 37.6012790203
100 43.3710441589
120 48.6653149128
140 51.7397668362
160 50.5443649292
180 53.7922279835
200 51.3555459976
220 53.0314528942
240 52.716326952
260 52.4624581337
280 52.0137031078
300 52.5877590179
320 50.8275589943
340 52.5139439106
360 48.9144427776
380 52.4312942028
400 53.4731390476
420 50.7454221249
440 51.7197608948
460 54.8170609474
480 55.5521500111
500 50.0932958126
520 52.0151650906
540 54.6809818745
560 57.1223378181
580 59.0080690384
600 52.1817891598
620 53.0898630619
640 58.1386659145
660 52.5644629002
680 51.4132568836
700 53.0090208054
720 54.2618451118
740 52.4351890087
