2 0.0969309806824
4 0.106058835983
6 0.108757019043
8 0.134192943573
10 0.136204004288
12 0.137801885605
14 0.136620998383
16 0.144551992416
18 0.148380994797
20 0.160301923752
22 0.162729978561
24 0.174981832504
26 0.18514585495
28 0.185139894485
30 0.200324058533
32 0.202639818192
34 0.211828947067
36 0.229366779327
38 0.218513965607
40 0.239016056061
42 0.24893283844
44 0.263273954391
46 0.254573106766
48 0.248513936996
50 0.254148006439
52 0.257345914841
54 0.254747867584
56 0.257287025452
58 0.262902975082
60 0.267071962357
62 0.256651878357
64 0.265473127365
66 0.256453990936
68 0.278552055359
70 0.262494087219
72 0.261625051498
74 0.252564907074
76 0.267631053925
78 0.257196903229
80 0.256248950958
82 0.258310079575
84 0.244635105133
86 0.254565000534
88 0.248434066772
