2 0.121546983719
4 0.131581068039
6 0.134585142136
8 0.160791158676
10 0.162930965424
12 0.167451143265
14 0.169960975647
16 0.176255941391
18 0.187284946442
20 0.19537115097
22 0.201165914536
24 0.21740603447
26 0.231111049652
28 0.232802152634
30 0.251022815704
32 0.251711845398
34 0.268951177597
36 0.278820037842
38 0.28684091568
40 0.301389932632
42 0.297605991364
44 0.308288097382
46 0.331096887589
48 0.321564912796
50 0.329586982727
52 0.328682899475
54 0.332603931427
56 0.343959093094
58 0.333318948746
60 0.33651804924
62 0.314316034317
64 0.33051109314
66 0.324132919312
68 0.347846984863
70 0.322681188583
72 0.348787069321
74 0.345192909241
76 0.325124979019
78 0.331755161285
80 0.337203979492
82 0.322638988495
84 0.33688211441
86 0.344691991806
88 0.343379020691
90 0.331804990768
92 0.336845159531
94 0.357211112976
96 0.331041097641
98 0.337009191513
