2 0.0996649265289
4 0.0877919197083
6 0.0779659748077
8 0.0771129131317
10 0.0811398029327
12 0.0796439647675
14 0.0766098499298
16 0.0778429508209
18 0.0834989547729
20 0.091521024704
22 0.0889570713043
24 0.0959241390228
26 0.0975370407104
28 0.0963709354401
30 0.101879119873
32 0.101017951965
34 0.104071855545
36 0.108938932419
38 0.106270074844
40 0.105865955353
42 0.112655162811
44 0.121142864227
46 0.109236955643
48 0.113077878952
50 0.114740133286
52 0.117326021194
54 0.114642858505
56 0.117159843445
58 0.113018989563
60 0.118687152863
62 0.124457120895
64 0.118077993393
