2 0.124942064285
4 0.0986080169678
6 0.0903189182281
8 0.0930550098419
10 0.0812139511108
12 0.0880379676819
14 0.0847520828247
16 0.0810511112213
18 0.082937002182
20 0.088819026947
22 0.0868399143219
24 0.101374864578
26 0.0966069698334
28 0.0913329124451
30 0.0812718868256
32 0.0794191360474
34 0.0720608234406
36 0.0859880447388
38 0.0673201084137
40 0.0746290683746
42 0.0614640712738
44 0.0694971084595
46 0.0628638267517
48 0.052356004715
50 0.0480530261993
52 0.0455801486969
54 0.0464200973511
56 0.0423989295959
58 0.0411660671234
60 0.0346829891205
62 0.0472888946533
64 0.0405921936035
66 0.0259771347046
68 0.0305089950562
70 0.0206279754639
72 0.0184009075165
74 0.0207209587097
76 0.0180780887604
78 0.0159368515015
80 0.00895094871521
82 0.00221490859985
