2 0.143666982651
4 0.125024080276
6 0.110466003418
8 0.115176916122
10 0.116440057755
12 0.114923000336
14 0.118412971497
16 0.126923084259
18 0.132110834122
20 0.143351078033
22 0.145726919174
24 0.156373977661
26 0.164567232132
28 0.167719125748
30 0.170766115189
32 0.18190407753
34 0.190422058105
36 0.195335865021
38 0.194567918777
40 0.204890012741
42 0.210492134094
44 0.213289022446
46 0.211849927902
48 0.211141109467
50 0.210519075394
52 0.336522102356
54 0.222102880478
56 0.223534107208
58 0.22767996788
60 0.334105968475
62 0.256037950516
64 0.267971038818
66 0.229220867157
68 0.225438833237
70 0.233213186264
72 0.23791384697
74 0.227890014648
76 0.244169950485
78 0.235772132874
80 0.244385957718
82 0.247005224228
84 0.254130125046
86 0.255680084229
88 0.257833003998
90 0.263450860977
92 0.259224176407
94 0.255321979523
