20 63.563503027
40 71.6456980705
60 83.0111620426
80 98.177462101
100 109.553256989
120 123.590425968
140 136.025105953
160 133.377444983
180 146.642991066
200 144.53716588
220 139.961551905
240 137.209406853
260 150.459839106
280 136.655759096
300 150.935801029
320 136.473512173
340 141.557975054
360 143.822046995
380 148.123281002
400 147.391354084
420 141.96430707
440 141.820767879
460 145.31863904
480 152.893334866
500 143.811928034
520 136.144375801
540 145.356502056
560 149.657354116
580 144.719563961
600 148.407473803
620 139.208904982
640 144.142610073
660 144.760778904
680 144.54248786
700 150.339214802
720 151.467225075
740 146.707211971
760 142.42681694
780 149.790872812
800 143.830468893
820 138.388795137
