2 0.0968849658966
4 0.0908598899841
6 0.0782918930054
8 0.0817239284515
10 0.0776228904724
12 0.0870831012726
14 0.0863859653473
16 0.0838000774384
18 0.0896301269531
20 0.0955369472504
22 0.100138902664
24 0.0999619960785
26 0.103250026703
28 0.111257076263
30 0.114235877991
32 0.114409923553
34 0.119850158691
36 0.123051166534
38 0.123778104782
40 0.129154920578
42 0.127574205399
44 0.128165006638
46 0.133395195007
48 0.126090049744
50 0.126908063889
52 0.129036903381
54 0.123444080353
56 0.126665830612
58 0.126520872116
60 0.129666805267
62 0.128787994385
64 0.117603063583
66 0.11824798584
