10 0.705411911011
20 1.87784695625
30 3.44314694405
40 5.26955795288
50 6.76938605309
60 8.8169670105
70 10.2967560291
80 11.8339490891
90 12.37996912
100 13.1082298756
110 13.6921570301
120 13.3272678852
130 13.3491339684
140 11.9457781315
150 10.6960759163
160 11.103935957
170 10.1739220619
180 9.12127280235
190 8.96596217155
200 8.24938893318
210 8.22418403625
220 7.05234789848
230 7.27829408646
240 6.7917239666
250 6.38542699814
260 5.94328999519
270 5.34460091591
280 4.95740699768
290 4.52348399162
300 3.90287709236
310 3.6412730217
320 3.28017306328
330 2.81018090248
340 2.5770509243
350 2.26304101944
360 1.94496107101
370 1.64607691765
380 1.4750919342
390 1.22785806656
400 1.06526398659
410 0.925868988037
420 0.773181915283
430 0.68257689476
440 0.5582280159
450 0.450083971024
460 0.392395019531
470 0.331174135208
480 0.276170015335
490 0.230531930923
500 0.1950340271
510 0.18119096756
520 0.156278848648
530 0.136255025864
540 0.00399398803711
