2 0.131124019623
4 0.127078056335
6 0.095890045166
8 0.0911860466003
10 0.092766046524
12 0.102854013443
14 0.093297958374
16 0.091001033783
18 0.0922088623047
20 0.0975420475006
22 0.0945930480957
24 0.0992331504822
26 0.0970149040222
28 0.101865053177
30 0.0927050113678
32 0.090646982193
34 0.0891768932343
36 0.0946109294891
38 0.0777750015259
40 0.0800452232361
42 0.0769231319427
44 0.075325012207
46 0.090264081955
48 0.0941460132599
50 0.0602140426636
52 0.0612690448761
54 0.0556161403656
56 0.0546398162842
58 0.0544719696045
60 0.0480990409851
62 0.0610339641571
64 0.0533580780029
66 0.0355558395386
68 0.0371661186218
70 0.0300929546356
72 0.0434770584106
74 0.0361380577087
76 0.0344319343567
78 0.0237650871277
80 0.0217521190643
82 0.0154860019684
84 0.0166399478912
86 0.0143570899963
88 0.00207996368408
