20 7.71458292007
40 21.5602879524
60 36.668076992
80 49.7290170193
100 55.2983891964
120 54.8999729156
140 53.1753509045
160 52.3881649971
180 50.0010089874
200 47.3780510426
220 40.0017910004
240 37.9360818863
260 34.0921750069
280 30.1679489613
300 28.3952140808
320 25.7920200825
340 22.2094230652
360 21.7968850136
380 17.7132101059
400 16.5516111851
420 13.7876360416
440 13.0436170101
460 11.0625679493
480 9.20485591888
500 8.55158495903
520 7.1309530735
540 6.60075592995
560 4.77622580528
580 4.25390601158
600 3.62204909325
620 2.62133312225
640 2.35539197922
660 2.14018201828
680 1.54203104973
700 1.06825113297
720 1.09311389923
740 0.836740970612
760 0.756253957748
780 0.455965995789
800 0.265110969543
820 0.121076107025
840 0.0781691074371
860 0.0451059341431
880 0.0264010429382
900 0.00556612014771
