10 0.78785610199
20 2.22165298462
30 4.03436303139
40 6.2481751442
50 8.25422406197
60 10.2258400917
70 12.4145081043
80 14.1720759869
90 15.5540370941
100 16.5655610561
110 16.4990570545
120 16.04677701
130 15.7811880112
140 16.4282209873
150 15.3608460426
160 14.8791429996
170 13.0781898499
180 13.1384270191
190 12.8045601845
200 11.6806838512
210 10.7650589943
220 10.3573629856
230 9.42216205597
240 9.61117291451
250 8.57458400726
260 8.07458496094
270 8.01446294785
280 7.0977871418
290 6.88971590996
300 6.05799603462
310 5.7508790493
320 5.12689495087
330 4.79790782928
340 4.14827799797
350 3.91917705536
360 3.32700705528
370 3.06015205383
380 2.49495697021
390 2.36021614075
400 2.08610296249
410 1.82416391373
420 1.51214599609
430 1.32012701035
440 1.17151689529
450 0.903964042664
460 0.81774520874
470 0.688557863235
480 0.578318119049
490 0.483245849609
500 0.397114992142
510 0.344266176224
520 0.295205831528
530 0.246386051178
540 0.212752819061
550 0.186419963837
560 0.166254043579
570 0.149811983109
580 0.00399804115295
