2 0.0871641635895
4 0.115785121918
6 0.0965020656586
8 0.101350069046
10 0.114758968353
12 0.116327047348
14 0.130406856537
16 0.133532047272
18 0.133538961411
20 0.142703056335
22 0.146384000778
24 0.156771183014
26 0.159526109695
28 0.164483070374
30 0.17116689682
32 0.180251121521
34 0.188196897507
36 0.204410076141
38 0.199373006821
40 0.210901975632
42 0.198940992355
44 0.223894834518
46 0.225926160812
48 0.21915602684
50 0.217256069183
52 0.212574958801
54 0.236423969269
56 0.232964038849
58 0.22217798233
60 0.220110177994
62 0.233839988708
64 0.207377910614
66 0.227666139603
68 0.231317996979
70 0.225980997086
72 0.232991933823
74 0.21536898613
76 0.21160197258
78 0.226577997208
80 0.209373950958
82 0.20779299736
84 0.220062017441
