10 0.904839038849
20 2.1253259182
30 3.71647810936
40 5.32181406021
50 7.10176897049
60 8.38602995872
70 9.59830713272
80 10.6443140507
90 10.800110817
100 11.5369040966
110 11.8433508873
120 11.8872129917
130 11.8773260117
140 11.9671781063
150 12.1431040764
160 12.5492310524
170 12.3249390125
180 12.2291529179
190 13.1360459328
200 12.9842021465
210 13.0925478935
220 12.9943699837
230 13.4348387718
240 13.5528008938
250 13.6229569912
260 13.7720160484
270 14.1123991013
280 14.7703301907
290 14.3206858635
300 15.019299984
310 15.3457291126
320 15.2870430946
330 15.9422430992
340 15.6747229099
350 16.0838971138
360 16.3941409588
370 16.8548030853
380 17.150165081
390 17.5434348583
400 16.9836330414
410 18.1977081299
420 18.2118599415
430 18.6196248531
440 19.2242591381
450 19.9424619675
460 19.542484045
