2 0.0247588157654
4 0.0256161689758
6 0.0292129516602
8 0.0401430130005
10 0.0427629947662
12 0.0458369255066
14 0.0446600914001
16 0.0431640148163
18 0.0513579845428
20 0.0473110675812
22 0.0537149906158
24 0.0534620285034
26 0.0496411323547
28 0.048730134964
30 0.0511770248413
32 0.0437090396881
34 0.0551280975342
36 0.0420060157776
38 0.0475509166718
40 0.0451300144196
42 0.0422348976135
44 0.0328149795532
46 0.0324602127075
48 0.0309989452362
50 0.0276389122009
52 0.0382928848267
54 0.0251350402832
56 0.0360670089722
58 0.0306489467621
60 0.0298869609833
62 0.0252249240875
64 0.0206019878387
66 0.021733045578
68 0.0199999809265
70 0.00398302078247
72 0.00192308425903
