10 8.65902709961
20 9.61451005936
30 10.8198370934
40 12.1596469879
50 13.674382925
60 15.601061821
70 17.1062259674
80 18.7734839916
90 20.5108709335
100 21.2338111401
110 21.1111171246
120 22.0207619667
130 21.711534977
140 23.4583611488
150 22.8182361126
160 23.9418652058
170 24.3487169743
180 23.1689369678
190 22.9476451874
200 21.4666440487
210 23.3276031017
220 22.5866420269
230 22.5925300121
240 23.2195620537
250 23.6165089607
260 23.9406518936
270 23.7717108727
280 24.1736681461
290 22.1106259823
300 25.0787808895
310 22.8509709835
320 23.1895570755
330 21.487953186
340 23.02435112
350 24.7482910156
360 22.318582058
370 22.8249511719
380 24.0146718025
390 22.9224817753
400 21.614262104
410 23.3408539295
420 23.7342090607
430 24.0014932156
440 23.6230869293
