10 1.26432800293
20 3.50200414658
30 6.28990197182
40 9.44699811935
50 13.0546400547
60 15.9696130753
70 19.8984911442
80 22.0321941376
90 24.0735411644
100 24.3150792122
110 26.6007320881
120 25.9448218346
130 26.8430719376
140 27.2663018703
150 29.152148962
160 28.4304590225
170 28.7836380005
180 29.0116369724
190 27.1090860367
200 27.5253558159
210 28.855353117
220 27.9725520611
230 29.0441150665
240 26.6725821495
250 28.234167099
260 27.1053068638
270 27.394464016
280 30.0032551289
290 26.7792000771
300 28.2591180801
310 29.9782249928
320 27.7431168556
330 28.8557069302
340 27.5808491707
350 27.8648500443
360 28.3317480087
370 28.1987669468
380 29.9331409931
390 28.6384119987
400 28.3242819309
410 28.0562720299
420 29.1285259724
430 29.933973074
440 29.5067141056
450 28.1386070251
460 26.8634080887
470 28.539812088
480 28.9740829468
490 27.82020998
500 27.3215248585
510 28.8605298996
520 27.5462851524
530 27.476350069
540 28.5559489727
550 28.3704829216
560 28.0202839375
570 29.2972939014
580 26.4810881615
590 26.7959730625
600 27.6994409561
