20 5.39228796959
40 14.6479649544
60 25.8213849068
80 32.7979199886
100 39.7018539906
120 40.0964148045
140 42.6383850574
160 42.6286609173
180 45.3665909767
200 44.4658370018
220 46.9502220154
240 44.8779201508
260 46.9935829639
280 46.9996438026
300 49.7909460068
320 47.8868908882
340 48.1686959267
360 50.3797140121
380 52.2347137928
400 54.4728460312
420 52.65949893
440 55.6010799408
460 57.1213309765
480 58.3372318745
500 58.4077119827
520 59.7584009171
540 60.0437729359
560 62.2834479809
580 63.5558857918
600 62.8446190357
620 66.3878931999
640 63.3620231152
660 69.1119611263
680 70.7328999043
700 71.9260578156
720 74.6933670044
740 75.5430669785
