5 0.337082862854
10 0.420331954956
15 0.596079826355
20 0.829514026642
25 1.05276107788
30 1.30833697319
35 1.58158707619
40 1.78798413277
45 2.09365797043
50 2.24335885048
55 2.56233596802
60 2.66902494431
65 2.70086789131
70 2.81029105186
75 3.04552006721
80 2.92440700531
85 3.04530191422
90 3.00571799278
95 3.16020989418
100 3.14161610603
105 3.0889070034
110 3.16067194939
115 3.1769490242
120 3.177120924
125 3.25286102295
130 3.23366880417
135 3.32129597664
140 3.39126300812
145 3.48331689835
150 3.42535805702
155 3.4406440258
160 3.37267494202
165 3.51296901703
170 3.59864592552
175 3.56198501587
180 3.6351082325
185 3.61883306503
190 3.73750901222
195 3.80798602104
200 3.73668408394
205 3.84751009941
210 3.82158207893
215 4.036465168
220 3.96682786942
225 4.1222319603
230 3.94976615906
235 4.18901515007
240 4.15645599365
245 4.14312791824
250 4.34241986275
255 4.60705113411
260 4.38982892036
265 4.56593298912
270 4.36049199104
275 4.66945290565
280 4.52069807053
