2 0.114834070206
4 0.0963871479034
6 0.0840089321136
8 0.0835909843445
10 0.0835890769958
12 0.082319021225
14 0.0754079818726
16 0.0757842063904
18 0.0777089595795
20 0.0816719532013
22 0.07768201828
24 0.0753769874573
26 0.0728130340576
28 0.0759110450745
30 0.0737960338593
32 0.06525182724
34 0.0662610530853
36 0.0659921169281
38 0.0605421066284
40 0.0575380325317
42 0.0533831119537
44 0.0613238811493
46 0.0503170490265
48 0.0507459640503
50 0.0437631607056
52 0.0373480319977
54 0.0701160430908
56 0.0546588897705
58 0.0452370643616
60 0.0427489280701
62 0.0381050109863
64 0.0408709049225
66 0.0198211669922
68 0.0172460079193
70 0.0186741352081
72 0.0127439498901
74 0.0101199150085
76 0.00202393531799
