5 0.162154197693
10 0.156468153
15 0.172827005386
20 0.196303844452
25 0.218268156052
30 0.231081008911
35 0.232848167419
40 0.210694074631
45 0.208644151688
50 0.204914808273
55 0.175916910172
60 0.169206857681
65 0.160237789154
70 0.147051095963
75 0.129307985306
80 0.112050056458
85 0.101746082306
90 0.0952179431915
95 0.0824410915375
100 0.0765590667725
105 0.0638308525085
110 0.0555231571198
115 0.0537760257721
120 0.0425779819489
125 0.0340840816498
130 0.0230388641357
135 0.0169680118561
140 0.0023820400238
