2 0.189306020737
4 0.262925863266
6 0.159296989441
8 0.250548124313
10 0.252379179001
12 0.253627061844
14 0.245100975037
16 0.248224020004
18 0.190988063812
20 0.197979927063
22 0.208107948303
24 0.232201099396
26 0.224254846573
28 0.237852811813
30 0.257069826126
32 0.260601997375
34 0.263740062714
36 0.27765417099
38 0.294034004211
40 0.305423021317
42 0.291118144989
44 0.314237117767
46 0.32731795311
48 0.319282054901
50 0.340637922287
52 0.338704824448
54 0.34072303772
56 0.343667030334
58 0.339747905731
60 0.33635187149
62 0.338500976562
64 0.335426807404
66 0.348248004913
68 0.338227033615
70 0.353448152542
72 0.31902885437
74 0.317072153091
76 0.37749505043
78 0.35703587532
80 0.324637889862
82 0.347528934479
84 0.314013957977
86 0.343998908997
88 0.324459075928
90 0.331423044205
92 0.337563037872
94 0.346115112305
96 0.345702886581
98 0.315253019333
