20 4.26678299904
40 10.9371299744
60 16.7512638569
80 21.0745270252
100 21.8976280689
120 19.8542718887
140 18.8191981316
160 16.7496039867
180 15.2586450577
200 14.5098340511
220 13.1525449753
240 12.2198019028
260 10.9145889282
280 9.96432304382
300 9.45715498924
320 8.83851289749
340 8.00310182571
360 6.83548903465
380 5.93744206429
400 4.93718385696
420 4.06255888939
440 3.34111785889
460 2.52770805359
480 2.06129598618
500 1.61984992027
520 1.20152807236
540 0.899795055389
560 0.657363176346
580 0.463101863861
600 0.308085203171
620 0.199700832367
640 0.120973110199
660 0.0598528385162
680 0.00467014312744
