10 0.544733047485
20 1.51481986046
30 2.74416184425
40 4.09705996513
50 5.40713095665
60 6.78331685066
70 7.86622595787
80 8.52413988113
90 9.14042806625
100 9.13185787201
110 9.60380220413
120 8.48942899704
130 8.124792099
140 8.06497001648
150 7.67967915535
160 7.01054883003
170 6.53347992897
180 5.99969100952
190 5.18592596054
200 5.16412901878
210 4.48939013481
220 4.51288700104
230 4.04031896591
240 4.21903991699
250 3.54361915588
260 3.06257605553
270 2.90248608589
280 2.43489289284
290 2.37044405937
300 1.90458607674
310 1.70814394951
320 1.46108293533
330 1.19368219376
340 1.04770517349
350 0.846635818481
360 0.733222961426
370 0.615442991257
380 0.503258943558
390 0.420734167099
400 0.349795103073
410 0.300950050354
420 0.252770900726
430 0.209074020386
440 0.193078994751
450 0.159496068954
460 0.140660047531
470 0.135350942612
480 0.00363492965698
