10 0.580232858658
20 1.16071510315
30 1.84704089165
40 2.51052999496
50 2.76812982559
60 3.16924118996
70 3.17099785805
80 2.85200285912
90 2.90123295784
100 2.46468091011
110 2.39292597771
120 2.28818893433
130 1.96758103371
140 1.86966705322
150 1.6243391037
160 1.46872520447
170 1.6675260067
180 1.40324497223
190 1.20454001427
200 1.02859306335
210 0.85241317749
220 0.741199970245
230 0.917011976242
240 0.549364805222
250 0.444619894028
260 0.361217021942
270 0.29833316803
280 0.239175081253
290 0.197322845459
300 0.163916110992
310 0.12442278862
320 0.0975902080536
330 0.0820848941803
340 0.0565350055695
350 0.0350148677826
360 0.00339388847351
