2 0.0641148090363
4 0.0593960285187
6 0.0583238601685
8 0.0803458690643
10 0.0587389469147
12 0.0760850906372
14 0.0623168945312
16 0.0611000061035
18 0.0662019252777
20 0.0729529857635
22 0.0763900279999
24 0.075267791748
26 0.0756170749664
28 0.0781488418579
30 0.0806479454041
32 0.0802099704742
34 0.0838339328766
36 0.0860290527344
38 0.0837709903717
40 0.0865440368652
42 0.102843046188
44 0.0893731117249
46 0.0935568809509
48 0.0933480262756
50 0.0923039913177
52 0.0898101329803
54 0.0952301025391
56 0.0862200260162
58 0.0876750946045
60 0.0927369594574
62 0.0913701057434
64 0.0936191082001
66 0.0881068706512
68 0.0892741680145
70 0.0873119831085
72 0.0928649902344
