2 0.0852320194244
4 0.0730299949646
6 0.0612790584564
8 0.0659091472626
10 0.0551099777222
12 0.0583939552307
14 0.0533878803253
16 0.0544571876526
18 0.0507888793945
20 0.0549569129944
22 0.0513968467712
24 0.0482270717621
26 0.0574729442596
28 0.0440139770508
30 0.040894985199
32 0.0397698879242
34 0.0329430103302
36 0.0387289524078
38 0.0290379524231
40 0.0291678905487
42 0.0305349826813
44 0.020660161972
46 0.0253231525421
48 0.0218961238861
50 0.0133860111237
52 0.0149941444397
54 0.00832986831665
56 0.00197100639343
