2 0.0195100307465
4 0.0356891155243
6 0.0268738269806
8 0.0298249721527
10 0.0359601974487
12 0.0409290790558
14 0.0347120761871
16 0.0369229316711
18 0.0395069122314
20 0.0435791015625
22 0.0403151512146
24 0.0520901679993
26 0.053601026535
28 0.0446000099182
30 0.0410549640656
32 0.0335419178009
34 0.0312948226929
36 0.0300581455231
38 0.0336890220642
40 0.0309090614319
42 0.0321669578552
44 0.0270040035248
46 0.0225207805634
48 0.0213007926941
50 0.020409822464
52 0.0273759365082
54 0.0245361328125
56 0.0182449817657
58 0.0178220272064
60 0.0205881595612
62 0.00185990333557
