2 0.0786221027374
4 0.0705142021179
6 0.0650131702423
8 0.0711410045624
10 0.0699441432953
12 0.0763900279999
14 0.0779418945312
16 0.0846900939941
18 0.089733839035
20 0.099790096283
22 0.100978851318
24 0.112343072891
26 0.113724946976
28 0.123739957809
30 0.124647140503
32 0.12348484993
34 0.137058019638
36 0.124837875366
38 0.120168924332
40 0.131261110306
42 0.138480186462
44 0.136339902878
46 0.135423898697
48 0.139241933823
50 0.140524864197
52 0.139755964279
54 0.13364982605
56 0.154031991959
58 0.141761064529
60 0.13933300972
62 0.147164821625
64 0.157669067383
66 0.136180877686
68 0.148957967758
70 0.150850057602
72 0.142101049423
74 0.152950048447
76 0.185950040817
78 0.169641971588
80 0.141590118408
82 0.158347129822
84 0.147015094757
86 0.146014928818
88 0.140275001526
90 0.146916866302
