2 0.104162931442
4 0.0932610034943
6 0.0841789245605
8 0.0862879753113
10 0.0805490016937
12 0.0822060108185
14 0.093761920929
16 0.0911860466003
18 0.0935649871826
20 0.0974988937378
22 0.0968248844147
24 0.103564977646
26 0.107210874557
28 0.125842809677
30 0.112735033035
32 0.117351055145
34 0.112621068954
36 0.114841938019
38 0.125281095505
40 0.118035078049
42 0.116765975952
44 0.120186090469
46 0.12108707428
48 0.11888718605
50 0.124055862427
52 0.127160072327
54 0.125597000122
56 0.131316900253
58 0.13201713562
60 0.139607906342
62 0.127123832703
64 0.131977796555
66 0.131199121475
68 0.130265951157
