2 0.0921230316162
4 0.0787580013275
6 0.0708501338959
8 0.0680341720581
10 0.0637080669403
12 0.0985441207886
14 0.0929989814758
16 0.0878429412842
18 0.0573070049286
20 0.0596270561218
22 0.0543282032013
24 0.0672948360443
26 0.0584251880646
28 0.0590028762817
30 0.0497009754181
32 0.0414290428162
34 0.041079044342
36 0.0426149368286
38 0.0381960868835
40 0.034824848175
42 0.0441601276398
44 0.029935836792
46 0.0352439880371
48 0.0294239521027
50 0.0186908245087
52 0.0209341049194
54 0.0144040584564
56 0.015851020813
58 0.00958919525146
60 0.00204586982727
