10 0.585495948792
20 1.360902071
30 2.17865991592
40 3.12271308899
50 3.60779905319
60 4.05769300461
70 4.10094690323
80 4.12031698227
90 3.61551809311
100 3.48131990433
110 3.07410407066
120 2.94196105003
130 2.53058481216
140 2.24950098991
150 2.09144020081
160 1.90082097054
170 1.52986097336
180 1.45720696449
190 1.32145190239
200 1.06565499306
210 0.916250944138
220 0.829570055008
230 0.735975980759
240 0.598639965057
250 0.513709068298
260 0.437741994858
270 0.341890096664
280 0.279170036316
290 0.228743076324
300 0.187877178192
310 0.153464078903
320 0.11611700058
330 0.0965709686279
340 0.079225063324
350 0.058963060379
360 0.0472309589386
370 0.0346169471741
380 0.0280830860138
390 0.0145921707153
400 0.00405693054199
