10 0.838016033173
20 2.21067905426
30 4.00547909737
40 5.79397201538
50 7.66257500648
60 9.61964416504
70 10.9563200474
80 12.1616790295
90 13.3856861591
100 12.90229702
110 14.1158130169
120 13.6383991241
130 13.3896770477
140 13.9173951149
150 14.1391291618
160 14.0280160904
170 15.1763248444
180 13.7027161121
190 14.2560482025
200 14.4534008503
210 14.2172710896
220 13.7160580158
230 15.1220059395
240 14.3424999714
250 14.5308799744
260 14.9722800255
270 14.5661950111
280 13.3552620411
290 14.2734868526
300 13.4219059944
310 13.637928009
320 13.0903599262
330 14.3952338696
340 12.8980689049
350 15.0221641064
360 14.0832331181
370 14.9730951786
380 15.1724228859
390 13.7017090321
400 14.5559570789
410 14.1489858627
420 14.2656388283
430 15.3137421608
440 13.3416650295
450 13.8188910484
460 14.3072431087
470 15.2133278847
480 13.8291521072
