20 9.96155714989
40 31.2878091335
60 56.109872818
80 80.3781239986
100 98.4417228699
120 115.164704084
140 128.01764679
160 134.185721874
180 126.693387032
200 131.827291965
220 142.399579048
240 133.820882082
260 136.801938057
280 132.711979151
300 138.605839014
320 128.219157934
340 133.772779942
360 136.889757872
380 135.85096693
400 137.243232965
420 131.017798901
440 136.532978058
460 139.767242193
480 136.634724855
500 137.589668989
520 132.489180088
540 133.035778046
560 138.905969858
580 134.390524864
600 135.092536926
620 136.511689186
640 139.595023155
660 138.868611813
680 133.385316133
700 134.330671072
720 138.168646097
740 131.690676928
760 144.55105114
780 128.476650953
800 128.936487913
820 137.782040834
840 136.632588863
860 139.068039179
880 133.544364929
900 134.56281805
920 143.203274965
940 136.723913908
960 133.950616837
980 136.242741823
1000 129.434945107
