2 0.0910980701447
4 0.0701220035553
6 0.0585300922394
8 0.0590991973877
10 0.0747480392456
12 0.0703549385071
14 0.0692501068115
16 0.070967912674
18 0.0738739967346
20 0.0881490707397
22 0.0808711051941
24 0.0897841453552
26 0.088299036026
28 0.0919930934906
30 0.0879890918732
32 0.0867810249329
34 0.0880250930786
36 0.0880131721497
38 0.0858309268951
40 0.08531498909
42 0.0787491798401
44 0.0902800559998
46 0.0795180797577
48 0.0654830932617
50 0.0641860961914
52 0.0641779899597
54 0.056743144989
56 0.058492898941
58 0.0515768527985
60 0.0494401454926
62 0.0496971607208
64 0.0431599617004
66 0.0449371337891
68 0.0386788845062
70 0.036435842514
72 0.0420370101929
74 0.0332930088043
76 0.031417131424
78 0.0379281044006
80 0.0324959754944
82 0.028822183609
84 0.0309970378876
86 0.0294930934906
88 0.031506061554
90 0.0388782024384
92 0.0271348953247
94 0.0255389213562
96 0.00198888778687
