2 0.104918956757
4 0.0859470367432
6 0.076831817627
8 0.0807981491089
10 0.0703990459442
12 0.0817849636078
14 0.0724070072174
16 0.0727970600128
18 0.0696868896484
20 0.0729858875275
22 0.068550825119
24 0.0700159072876
26 0.0765750408173
28 0.0695178508759
30 0.060075044632
32 0.0576138496399
34 0.0555160045624
36 0.0562880039215
38 0.048376083374
40 0.046746969223
42 0.0506517887115
44 0.0433020591736
46 0.0436019897461
48 0.041629076004
50 0.0335659980774
52 0.0331521034241
54 0.0401499271393
56 0.0241258144379
58 0.033989906311
60 0.027214050293
62 0.0252590179443
64 0.0145809650421
66 0.0123479366302
68 0.00996994972229
70 0.00207090377808
