20 3.70021510124
40 9.18976998329
60 14.5004131794
80 17.682062149
100 17.5031750202
120 15.6749918461
140 15.6215121746
160 13.8714058399
180 12.3084909916
200 11.4367311001
220 10.5762388706
240 9.81048297882
260 8.70085096359
280 8.13736200333
300 7.52820682526
320 6.84669494629
340 5.57019901276
360 4.67036700249
380 4.00082492828
400 3.21495604515
420 2.49211096764
440 2.04599404335
460 1.56210803986
480 1.19149494171
500 0.88209104538
520 0.64164686203
540 0.447546958923
560 0.312065124512
580 0.19359588623
600 0.122992992401
620 0.0614540576935
640 0.00436687469482
