20 3.36431312561
40 9.13621592522
60 14.555891037
80 16.1949827671
100 16.7321708202
120 15.1364181042
140 13.4327938557
160 12.6849339008
180 10.6816170216
200 9.55797719955
220 8.26539492607
240 7.07833099365
260 5.60914993286
280 5.34489798546
300 4.19137692451
320 3.35967683792
340 2.58575510979
360 2.37075686455
380 1.90473890305
400 1.44077014923
420 1.05955600739
440 0.771670103073
460 0.649226903915
480 0.395480871201
500 0.319453001022
520 0.183123111725
540 0.126290082932
560 0.0808260440826
580 0.0526719093323
600 0.0233211517334
620 0.00421810150146
