20 3.9705760479
40 10.3130970001
60 16.3609421253
80 20.1380310059
100 20.7878739834
120 19.4155440331
140 17.2968389988
160 16.6655631065
180 13.9846868515
200 13.2028999329
220 11.2165760994
240 9.51045393944
260 7.82916903496
280 6.81976294518
300 5.96726298332
320 5.31560397148
340 4.22933101654
360 3.60890483856
380 3.11127781868
400 2.4627931118
420 1.9710688591
440 1.54397106171
460 1.26903700829
480 0.942916154861
500 0.600061893463
520 0.440243005753
540 0.294462919235
560 0.193044900894
580 0.121903896332
600 0.0744361877441
620 0.0530338287354
640 0.028214931488
660 0.00424003601074
