20 84.3355650902
40 95.0425341129
60 108.993255138
80 126.374150038
100 137.911345959
120 159.629752874
140 169.897001982
160 183.176403999
180 185.557113886
200 182.744334936
220 184.762697935
240 186.458167076
260 184.241646051
280 193.543104887
300 196.205111027
320 189.252238035
340 184.942384005
360 195.133597136
380 195.736600161
400 188.399897099
420 192.021559954
440 200.557642937
460 186.087112904
480 182.369107962
500 194.062145948
520 187.522227049
540 187.424117088
560 194.735244036
580 191.067183971
600 187.712049961
620 180.856153011
640 187.534417868
660 187.479015827
680 192.959785938
700 204.441362143
720 190.99148798
740 189.086889029
760 191.262582064
780 185.866370916
800 189.930355072
820 179.516577005
840 196.527487993
860 181.967689991
880 198.846244097
900 187.931245089
