2 0.0248229503632
4 0.0514559745789
6 0.0608551502228
8 0.0627160072327
10 0.0565669536591
12 0.057816028595
14 0.0628139972687
16 0.0650029182434
18 0.0713980197906
20 0.0788428783417
22 0.0831220149994
24 0.0863790512085
26 0.087630033493
28 0.0910069942474
30 0.0949139595032
32 0.0920889377594
34 0.0905520915985
36 0.0865678787231
38 0.0846881866455
40 0.0855059623718
42 0.0823769569397
44 0.0754549503326
46 0.0794341564178
48 0.0716681480408
50 0.0808141231537
52 0.0626230239868
54 0.0590538978577
56 0.0562219619751
58 0.0642249584198
60 0.0586597919464
62 0.0524621009827
64 0.0467541217804
66 0.0473291873932
68 0.0416920185089
70 0.0397040843964
72 0.0562500953674
74 0.0513670444489
76 0.0456440448761
78 0.0366220474243
80 0.0355188846588
82 0.0384881496429
84 0.0293641090393
86 0.0282981395721
88 0.0354640483856
90 0.0274178981781
92 0.029953956604
94 0.031152009964
96 0.00405502319336
98 0.00207996368408
