2 0.0871739387512
4 0.0729060173035
6 0.078558921814
8 0.0610520839691
10 0.0642600059509
12 0.0691521167755
14 0.0809710025787
16 0.080041885376
18 0.0734658241272
20 0.0794768333435
22 0.0810911655426
24 0.0850930213928
26 0.0898160934448
28 0.0842759609222
30 0.0847918987274
32 0.0864448547363
34 0.0843479633331
36 0.0856070518494
38 0.0895900726318
40 0.0823018550873
42 0.0818130970001
44 0.0725810527802
46 0.075767993927
48 0.0728421211243
50 0.0605578422546
52 0.0625600814819
54 0.0558099746704
56 0.0523779392242
58 0.0528211593628
60 0.0584061145782
62 0.0480439662933
64 0.0461030006409
66 0.0439429283142
68 0.0488240718842
70 0.0357439517975
72 0.0409920215607
74 0.0478301048279
76 0.0301830768585
78 0.0414109230042
80 0.0273368358612
82 0.026181936264
84 0.031919002533
86 0.0246889591217
88 0.0282912254333
90 0.0273010730743
92 0.0230250358582
94 0.00197196006775
