20 3.35183691978
40 9.00586891174
60 15.7679719925
80 22.6539530754
100 26.892813921
120 30.2551679611
140 31.2617890835
160 25.8554060459
180 24.5474789143
200 22.8840520382
220 19.5821280479
240 19.9701509476
260 17.4572310448
280 15.9851739407
300 15.5265669823
320 13.454720974
340 11.5569980145
360 11.9210441113
380 9.57267403603
400 7.41473007202
420 6.21327090263
440 5.64106297493
460 4.46678495407
480 3.53031492233
500 2.79404115677
520 2.11467909813
540 1.66009306908
560 1.30282497406
580 0.939788103104
600 0.643562078476
620 0.46825003624
640 0.337275981903
660 0.24658703804
680 0.200885057449
700 0.00434803962708
