10 0.68235707283
20 1.29003977776
30 2.09608197212
40 2.85919904709
50 3.53152608871
60 3.93628811836
70 3.78397488594
80 3.41879796982
90 3.34758687019
100 3.01858210564
110 2.86252498627
120 2.69833493233
130 2.41939091682
140 2.38053488731
150 2.25250482559
160 1.93241286278
170 1.83927202225
180 1.71485590935
190 1.52693891525
200 1.44249892235
210 1.17852711678
220 1.06750702858
230 0.881697893143
240 0.731649875641
250 0.635377883911
260 0.533487796783
270 0.434966802597
280 0.379899024963
290 0.298598051071
300 0.238549947739
310 0.201668024063
320 0.155356168747
330 0.121779918671
340 0.0982151031494
350 0.0711648464203
360 0.0545310974121
370 0.031956911087
380 0.00752210617065
