2 0.0569448471069
4 0.0965969562531
6 0.0642518997192
8 0.10084104538
10 0.0723540782928
12 0.112254858017
14 0.111085176468
16 0.0907068252563
18 0.0876090526581
20 0.095205783844
22 0.0941751003265
24 0.0995149612427
26 0.107383012772
28 0.109762907028
30 0.116667032242
32 0.117828845978
34 0.119127035141
36 0.150981903076
38 0.139723777771
40 0.146057128906
42 0.138673067093
44 0.129326820374
46 0.132464170456
48 0.129898071289
50 0.124756097794
52 0.133605003357
54 0.121121883392
56 0.125575065613
58 0.127820968628
60 0.129776000977
62 0.131810903549
64 0.131949901581
66 0.117400169373
