2 0.0812091827393
4 0.0736300945282
6 0.0581600666046
8 0.0589520931244
10 0.0594959259033
12 0.0506291389465
14 0.053286075592
16 0.0484719276428
18 0.0468690395355
20 0.0486919879913
22 0.0780959129333
24 0.0486090183258
26 0.0647702217102
28 0.048278093338
30 0.0495228767395
32 0.043007850647
34 0.0322217941284
36 0.0304379463196
38 0.0282280445099
40 0.0216190814972
42 0.0229258537292
44 0.0246140956879
46 0.0185208320618
48 0.0120060443878
50 0.0094039440155
52 0.00199389457703
