5 2.13370609283
10 2.19014406204
15 2.30628108978
20 2.53602290154
25 2.78418898582
30 3.03230500221
35 3.35081410408
40 3.53994512558
45 3.82105112076
50 4.20956897736
55 4.4664850235
60 4.75931096077
65 5.02403593063
70 5.34236288071
75 5.47562599182
80 5.52302598953
85 5.81732416153
90 6.06454491615
95 6.14851617813
100 5.84158301353
105 6.50782608986
110 6.19093990326
115 6.51503515244
120 6.29808616638
125 6.08716988564
130 5.89352607727
135 6.36793804169
140 6.03829288483
145 5.82675290108
150 7.15693688393
155 5.9544968605
160 6.2274119854
165 6.40890312195
170 6.02281999588
175 6.66813397408
180 6.00909781456
185 5.89737606049
190 5.96115207672
195 6.09932017326
200 6.29731893539
205 5.83337211609
210 6.17208719254
215 6.25346803665
220 5.99385905266
225 6.37428689003
230 6.36120986938
235 7.04552793503
240 6.44894504547
245 6.32238006592
250 6.30551290512
255 6.30658507347
260 6.76976180077
265 6.85533118248
270 6.23940515518
275 6.21776294708
280 6.45771193504
