2 0.0294890403748
4 0.0319411754608
6 0.0388100147247
8 0.0442500114441
10 0.0538129806519
12 0.0680890083313
14 0.0666389465332
16 0.0718619823456
18 0.076541185379
20 0.0792279243469
22 0.0901300907135
24 0.0885179042816
26 0.0933520793915
28 0.104457139969
30 0.101942062378
32 0.0972819328308
34 0.103493928909
36 0.101845026016
38 0.087121963501
40 0.0966918468475
42 0.0877711772919
44 0.124261140823
46 0.117355108261
48 0.0785801410675
50 0.115946054459
52 0.123045921326
54 0.0639679431915
56 0.10279583931
58 0.0962119102478
60 0.102006912231
62 0.100579023361
64 0.0935969352722
66 0.0474059581757
68 0.0726251602173
70 0.063649892807
72 0.0587849617004
74 0.0549869537354
76 0.0487649440765
78 0.0517599582672
80 0.0463979244232
82 0.0367460250854
84 0.0322391986847
86 0.0487020015717
88 0.0294859409332
90 0.0406651496887
92 0.0316650867462
94 0.0348031520844
96 0.0303919315338
98 0.0262339115143
100 0.00204491615295
