10 0.687855005264
20 1.62983798981
30 2.84449291229
40 3.6925110817
50 4.6540350914
60 5.22387290001
70 5.47044205666
80 5.56012010574
90 4.87953805923
100 4.90001106262
110 4.92805290222
120 4.29133701324
130 3.63572311401
140 3.70982503891
150 3.10689902306
160 2.8183619976
170 2.617374897
180 2.31278300285
190 2.03405213356
200 1.84659695625
210 1.67237615585
220 1.37417507172
230 1.3040459156
240 1.13354301453
250 0.891692876816
260 0.813918828964
270 0.681621074677
280 0.59158706665
290 0.475694894791
300 0.458734989166
310 0.368235826492
320 0.299486875534
330 0.241641044617
340 0.183501958847
350 0.146248102188
360 0.129513978958
370 0.0942788124084
380 0.0723979473114
390 0.0609440803528
400 0.0490310192108
410 0.0335259437561
420 0.0267279148102
430 0.0129799842834
440 0.0038149356842
