20 83.4416050911
40 94.1930150986
60 107.565616131
80 124.038588047
100 139.905542135
120 157.89601016
140 171.005690098
160 173.812572002
180 187.685107946
200 190.298369169
220 186.625956059
240 181.462785006
260 189.02778101
280 182.327718019
300 181.537200928
320 185.571382046
340 190.109011889
360 193.732885122
380 196.925945997
400 186.348810911
420 189.511888981
440 192.051252842
460 174.614449978
480 191.945971012
500 183.004254103
520 186.992636919
540 180.821589947
560 190.858629942
580 184.790864944
600 190.608211994
620 195.02863884
640 198.296472073
660 184.192107916
680 191.84632802
700 187.163446903
720 185.387046099
740 176.022879124
760 184.414047003
780 187.364811897
800 184.013386965
820 185.072824955
840 181.339387894
860 193.385140896
880 177.142552853
900 178.308917046
