2 0.0278191566467
4 0.030179977417
6 0.0361449718475
8 0.0449728965759
10 0.0489699840546
12 0.054477930069
14 0.0633029937744
16 0.0598978996277
18 0.0671601295471
20 0.06898188591
22 0.0994160175323
24 0.0744881629944
26 0.0930769443512
28 0.0982022285461
30 0.0942809581757
32 0.0950021743774
34 0.0798799991608
36 0.0828981399536
38 0.0780489444733
40 0.0703148841858
42 0.0676600933075
44 0.0632588863373
46 0.0665810108185
48 0.0587108135223
50 0.0561079978943
52 0.0581150054932
54 0.0538129806519
56 0.048985004425
58 0.0504100322723
60 0.0429520606995
62 0.0495018959045
64 0.0430040359497
66 0.0410370826721
68 0.0355980396271
70 0.033714056015
72 0.0362329483032
74 0.038990020752
76 0.0414848327637
78 0.036416053772
80 0.0275249481201
82 0.0265629291534
84 0.0300230979919
86 0.0250051021576
88 0.0285029411316
90 0.02765417099
92 0.00194787979126
