10 1.12646603584
20 2.66639709473
30 4.51603603363
40 6.40908789635
50 8.01816296577
60 9.09861111641
70 10.092040062
80 10.4698829651
90 10.2335538864
100 10.2876679897
110 9.39600992203
120 9.02330207825
130 9.16145205498
140 8.25749516487
150 8.1410741806
160 7.34894895554
170 7.22755098343
180 6.63827896118
190 6.61853814125
200 6.09582901001
210 5.71133804321
220 5.55794715881
230 5.27717900276
240 4.79537796974
250 4.51267194748
260 4.34696602821
270 4.13827705383
280 3.73842406273
290 3.44373703003
300 3.0778131485
310 2.74650192261
320 2.36659407616
330 2.20415306091
340 1.91340613365
350 1.73223400116
360 1.52435302734
370 1.31259417534
380 1.15082120895
390 0.945978164673
400 0.816848039627
410 0.711436033249
420 0.581647872925
430 0.503443956375
440 0.427194833755
450 0.336933851242
460 0.279242038727
470 0.228904008865
480 0.181555986404
490 0.138684988022
500 0.111184835434
510 0.0824739933014
520 0.0600299835205
530 0.0409419536591
540 0.00819993019104
