2 0.0575380325317
4 0.0451400279999
6 0.0413520336151
8 0.0417230129242
10 0.042149066925
12 0.0449950695038
14 0.0433781147003
16 0.038419008255
18 0.0381391048431
20 0.0340371131897
22 0.0369300842285
24 0.0365099906921
26 0.0448338985443
28 0.0389649868011
30 0.0327920913696
32 0.0301020145416
34 0.0212411880493
36 0.0237510204315
38 0.0228250026703
40 0.0147140026093
42 0.0195631980896
44 0.0102441310883
46 0.00922393798828
48 0.00802206993103
50 0.0064799785614
52 0.00785994529724
54 0.00450396537781
56 0.00325798988342
58 0.00153112411499
