20 3.79363799095
40 10.1867771149
60 16.6344640255
80 21.5151991844
100 25.0282511711
120 26.777766943
140 26.6794199944
160 26.2391068935
180 26.2402758598
200 28.3653328419
220 27.9754531384
240 29.5204441547
260 30.45956707
280 29.3717389107
300 31.4245769978
320 30.605355978
340 32.0817871094
360 33.14797616
380 34.4610979557
400 35.6584908962
420 35.1125831604
440 36.8501060009
460 37.4651918411
480 38.2899160385
500 38.7827351093
520 40.2822802067
540 42.0157849789
560 43.7686140537
580 44.5905120373
600 44.6073360443
620 46.6487779617
