2 0.0918622016907
4 0.119630098343
6 0.100520849228
8 0.123006105423
10 0.17223405838
12 0.121572971344
14 0.160071849823
16 0.183642864227
18 0.139143943787
20 0.149400949478
22 0.151929855347
24 0.170127153397
26 0.170687198639
28 0.179106235504
30 0.186120033264
32 0.186932086945
34 0.198927879333
36 0.211415052414
38 0.207417011261
40 0.218638896942
42 0.225916862488
44 0.22044301033
46 0.215905189514
48 0.223631858826
50 0.220243215561
52 0.236539840698
54 0.246546030045
56 0.234666109085
58 0.238872051239
60 0.235966920853
62 0.241089105606
64 0.23760676384
66 0.21693611145
68 0.232870101929
70 0.241631984711
72 0.22833108902
74 0.252993822098
76 0.247794866562
78 0.240365982056
80 0.259383916855
82 0.231163024902
84 0.238394975662
86 0.238104820251
