10 0.692090988159
20 1.43017292023
30 2.32928299904
40 3.13492417336
50 3.81952595711
60 4.15987610817
70 4.15147399902
80 4.10598182678
90 3.95253896713
100 3.59738612175
110 3.59873914719
120 3.16377305984
130 2.88761401176
140 2.73317313194
150 2.66915392876
160 2.46334505081
170 2.15282011032
180 2.03300118446
190 1.95074605942
200 1.85481286049
210 1.59663796425
220 1.38692808151
230 1.23842811584
240 1.066010952
250 0.916857004166
260 0.746328830719
270 0.646607875824
280 0.586723089218
290 0.464783906937
300 0.387384176254
310 0.314413785934
320 0.286237001419
330 0.192816972733
340 0.185055971146
350 0.145272016525
360 0.111782073975
370 0.0840170383453
380 0.0585391521454
390 0.0372669696808
400 0.00346803665161
