20 3.71884799004
40 10.3294730186
60 18.6185219288
80 26.897810936
100 32.5790660381
120 36.7296380997
140 37.2917819023
160 37.8010759354
180 36.2817099094
200 32.8181381226
220 32.9388790131
240 25.0824589729
260 23.5965430737
280 24.7535769939
300 20.5449619293
320 18.9117100239
340 17.5198018551
360 16.256734848
380 15.39209795
400 14.4174809456
420 10.9693830013
440 9.26684808731
460 7.70717000961
480 6.61786580086
500 5.56126403809
520 4.39725184441
540 3.73895192146
560 3.54688382149
580 2.15131688118
600 1.75844407082
620 1.44821119308
640 1.46218299866
660 0.66427397728
680 0.483957052231
700 0.357208013535
720 0.271682024002
740 0.210551977158
760 0.00517082214355
