2 0.122937202454
4 0.10489988327
6 0.0998327732086
8 0.104150772095
10 0.105099916458
12 0.103246927261
14 0.120100021362
16 0.114075899124
18 0.116338014603
20 0.125610113144
22 0.131523132324
24 0.131911993027
26 0.148730993271
28 0.148531913757
30 0.16547203064
32 0.158330917358
34 0.165254116058
36 0.169678926468
38 0.17107796669
40 0.163422107697
42 0.191314935684
44 0.180018901825
46 0.1936211586
48 0.17279291153
50 0.175976991653
52 0.177370071411
54 0.180531978607
56 0.18860912323
58 0.199193954468
60 0.197999954224
62 0.185212850571
64 0.191406011581
66 0.234764099121
68 0.242266178131
70 0.238212823868
72 0.254583835602
74 0.250348091125
76 0.279309988022
