2 0.050243139267
4 0.0471758842468
6 0.0425119400024
8 0.0353021621704
10 0.0328440666199
12 0.0541198253632
14 0.0476579666138
16 0.0452311038971
18 0.0310559272766
20 0.0366370677948
22 0.0291631221771
24 0.0293519496918
26 0.0247519016266
28 0.0256910324097
30 0.0211708545685
32 0.0190479755402
34 0.016294002533
36 0.0154919624329
38 0.0166130065918
40 0.0143101215363
42 0.0123901367188
44 0.00707602500916
46 0.010195016861
48 0.00486612319946
50 0.00379300117493
52 0.00191783905029
