2 0.0801291465759
4 0.0686521530151
6 0.0721991062164
8 0.0575611591339
10 0.0496230125427
12 0.0574560165405
14 0.0516290664673
16 0.0467758178711
18 0.0454211235046
20 0.048730134964
22 0.0418930053711
24 0.0438718795776
26 0.0404272079468
28 0.038449048996
30 0.0362100601196
32 0.0301280021667
34 0.0286259651184
36 0.0297529697418
38 0.0266880989075
40 0.0245840549469
42 0.0260200500488
44 0.0193860530853
46 0.017049074173
48 0.0105760097504
50 0.00813698768616
52 0.00197505950928
