2 0.123669147491
4 0.109897136688
6 0.0932919979095
8 0.0908608436584
10 0.0894610881805
12 0.0844211578369
14 0.124582052231
16 0.122680902481
18 0.0873169898987
20 0.0980050563812
22 0.0887908935547
24 0.104480028152
26 0.0979149341583
28 0.089378118515
30 0.0821731090546
32 0.0806171894073
34 0.0785360336304
36 0.0799188613892
38 0.0781290531158
40 0.0685949325562
42 0.0657608509064
44 0.0669839382172
46 0.0645771026611
48 0.0559110641479
50 0.053740978241
52 0.0537090301514
54 0.0483729839325
56 0.0487508773804
58 0.0445499420166
60 0.0500018596649
62 0.0391929149628
64 0.0367991924286
66 0.0302290916443
68 0.0322759151459
70 0.0254499912262
72 0.0384109020233
74 0.0333511829376
76 0.029275894165
78 0.0220029354095
80 0.0167870521545
82 0.0103359222412
84 0.00212788581848
