2 0.0555379390717
4 0.0516119003296
6 0.0463199615479
8 0.0501561164856
10 0.0611689090729
12 0.0516400337219
14 0.0598278045654
16 0.0580160617828
18 0.0540001392365
20 0.0587680339813
22 0.0566208362579
24 0.0613589286804
26 0.0597651004791
28 0.0626041889191
30 0.057953119278
32 0.0611569881439
34 0.0619571208954
36 0.0674171447754
38 0.0633950233459
40 0.0634939670563
42 0.0672750473022
44 0.0680589675903
46 0.0654690265656
48 0.0656549930573
50 0.0641930103302
52 0.0718920230865
54 0.0641539096832
56 0.068412065506
58 0.0619339942932
60 0.0653939247131
