20 55.2634191513
40 62.9059979916
60 73.522785902
80 85.7587518692
100 96.9419679642
120 111.387087822
140 116.735879898
160 122.817924976
180 121.654159069
200 118.173913002
220 127.401844978
240 129.110541821
260 126.625595808
280 121.922611952
300 121.649608135
320 122.460211039
340 123.955934048
360 124.240597963
380 118.757616043
400 129.66939497
420 122.658725977
440 121.060885191
460 123.490092039
480 128.103644848
500 118.405797958
520 116.339026928
540 119.250699043
560 120.30082798
580 123.779489994
600 128.814636946
620 123.459067106
640 115.044371843
660 130.671113968
680 117.531131983
700 123.336287022
720 134.705926895
740 128.454806089
760 128.830665827
780 125.144316912
