2 0.179162025452
4 0.140069961548
6 0.10537314415
8 0.109559059143
10 0.101122140884
12 0.118614912033
14 0.106909990311
16 0.102695941925
18 0.106799840927
20 0.103078126907
22 0.104929924011
24 0.110042095184
26 0.113837003708
28 0.0993180274963
30 0.101547002792
32 0.101550102234
34 0.104076862335
36 0.0959739685059
38 0.0931379795074
40 0.111063957214
42 0.0841159820557
44 0.0983669757843
46 0.0876090526581
48 0.0797958374023
50 0.0724229812622
52 0.0811100006104
54 0.0660648345947
56 0.0667021274567
58 0.0626759529114
60 0.0594651699066
62 0.0562582015991
64 0.0496919155121
66 0.0487539768219
68 0.0439519882202
70 0.0438959598541
72 0.0374031066895
74 0.0399739742279
76 0.0367941856384
78 0.0335710048676
80 0.0264160633087
82 0.0279340744019
84 0.0217020511627
86 0.0191218852997
88 0.0241827964783
90 0.0145919322968
92 0.0121009349823
94 0.0128929615021
96 0.00211405754089
