20 3.53634691238
40 8.71155786514
60 13.4127991199
80 15.6371238232
100 16.2894089222
120 14.3024461269
140 13.3234710693
160 12.0165419579
180 11.3163571358
200 9.95787501335
220 9.51040101051
240 8.73644900322
260 7.70239710808
280 7.07050800323
300 6.49744701385
320 5.71033287048
340 4.58798789978
360 3.88658595085
380 3.16760206223
400 2.55935287476
420 1.98914909363
440 1.52208018303
460 1.18723297119
480 0.832587957382
500 0.624969005585
520 0.434515953064
540 0.297636985779
560 0.203178882599
580 0.122042179108
600 0.0641801357269
620 0.00421690940857
