2 0.051087141037
4 0.0430901050568
6 0.0507440567017
8 0.046413898468
10 0.0563170909882
12 0.0531210899353
14 0.0461540222168
16 0.0437641143799
18 0.0455758571625
20 0.0494480133057
22 0.0477628707886
24 0.0529279708862
26 0.0504870414734
28 0.0521109104156
30 0.0565960407257
32 0.0540211200714
34 0.0512890815735
36 0.0560739040375
38 0.0531449317932
40 0.0514450073242
42 0.0579690933228
44 0.0530469417572
46 0.0583879947662
48 0.0572628974915
50 0.0498809814453
52 0.0503599643707
