20 6.01208615303
40 17.8948750496
60 31.5980520248
80 44.0858550072
100 53.2854459286
120 56.7148690224
140 59.7412772179
160 58.5498108864
180 64.9811959267
200 61.5305249691
220 63.227355957
240 65.286288023
260 65.7967729568
280 61.7171308994
300 66.410148859
320 63.6154060364
340 61.5529029369
360 65.3884310722
380 64.5493469238
400 63.146351099
420 62.4323401451
440 62.028375864
460 64.6770088673
480 63.0914080143
500 66.2423479557
520 60.8647780418
540 59.1879031658
560 61.8633289337
580 68.3362541199
600 65.756072998
620 63.4977619648
640 65.5773289204
660 59.3524529934
680 63.5125558376
700 64.5428678989
720 63.0575649738
740 63.4343979359
760 62.4734561443
780 62.8516700268
