20 27.803869009
40 33.0870540142
60 39.5276019573
80 46.745196104
100 53.2365739346
120 56.6654720306
140 62.3601899147
160 62.1959600449
180 65.0655128956
200 64.3652257919
220 63.5890259743
240 66.748554945
260 66.2538180351
280 66.215378046
300 64.4305500984
320 62.8312489986
340 63.3637120724
360 62.5641241074
380 66.8671729565
400 66.5689120293
420 66.0109269619
440 63.8076510429
460 67.7993102074
480 63.0478069782
500 63.8359360695
520 64.7354228497
540 66.5099380016
560 63.8414318562
580 62.303786993
600 62.1680297852
620 71.530618906
