2 0.0553979873657
4 0.0514090061188
6 0.0456511974335
8 0.0487990379333
10 0.0449600219727
12 0.0497329235077
14 0.0494890213013
16 0.0473189353943
18 0.0514950752258
20 0.0577909946442
22 0.0577971935272
24 0.0538139343262
26 0.0564270019531
28 0.0548710823059
30 0.0608608722687
32 0.057755947113
34 0.0603289604187
36 0.0658700466156
38 0.0601530075073
40 0.0642938613892
42 0.0586709976196
44 0.0655360221863
46 0.0698409080505
48 0.067596912384
50 0.0602021217346
52 0.061772108078
54 0.0578331947327
56 0.0597639083862
58 0.0591099262238
