2 0.12456703186
4 0.108441114426
6 0.0958828926086
8 0.0939860343933
10 0.096302986145
12 0.0948369503021
14 0.0989429950714
16 0.102467060089
18 0.113026857376
20 0.13297700882
22 0.117927074432
24 0.141007900238
26 0.136021852493
28 0.141685962677
30 0.144194126129
32 0.14501285553
34 0.147220134735
36 0.158883094788
38 0.15390586853
40 0.156639814377
42 0.155746936798
44 0.158716917038
46 0.165447950363
48 0.162652015686
50 0.165287017822
52 0.173113107681
54 0.166218996048
56 0.170246124268
58 0.166625976562
60 0.18585395813
62 0.175621032715
64 0.171672105789
66 0.180658102036
68 0.178462982178
70 0.186044931412
72 0.182060956955
74 0.182276964188
76 0.184606075287
78 0.198748111725
80 0.191189050674
82 0.183140993118
