20 108.458316803
40 121.899116039
60 138.087748051
80 156.242895842
100 178.506254911
120 196.861281872
140 215.299241066
160 231.61739397
180 231.96534586
200 236.115031004
220 236.604670048
240 248.005308151
260 234.514319181
280 233.623364925
300 234.896546125
320 222.207466125
340 231.05659914
360 239.470783949
380 244.872273922
400 235.162925959
420 257.510061979
440 244.689494133
460 244.240165949
480 240.725802898
500 239.201853037
520 255.971438169
540 240.340371132
560 253.414153099
580 245.243053913
600 242.666870832
620 238.415630817
640 240.450033188
660 243.034076929
680 239.786531925
700 233.306905031
720 248.519068003
740 246.225805998
760 251.689093113
780 241.275629997
800 223.805702209
820 231.80547595
840 246.435296059
860 240.628700018
880 235.379377127
900 230.569761038
920 243.076277018
940 240.752738953
960 246.264866114
980 237.318856955
