2 0.0552678108215
4 0.0446391105652
6 0.0619812011719
8 0.0660429000854
10 0.0620200634003
12 0.0472719669342
14 0.0504519939423
16 0.0496480464935
18 0.046875
20 0.0562779903412
22 0.0483829975128
24 0.054141998291
26 0.0791108608246
28 0.0710790157318
30 0.063915014267
32 0.0599708557129
34 0.0590970516205
36 0.0553319454193
38 0.0566492080688
40 0.0595960617065
42 0.0655930042267
44 0.0651521682739
46 0.0581300258636
48 0.0631680488586
50 0.0530769824982
52 0.0528810024261
54 0.0555980205536
