10 1.13743400574
20 2.75719285011
30 4.53397488594
40 6.66090917587
50 9.05437803268
60 11.3342039585
70 13.3664860725
80 16.0437450409
90 17.2731859684
100 16.6374118328
110 17.9787120819
120 20.1386079788
130 18.6140758991
140 18.0345628262
150 17.7212209702
160 14.8710019588
170 16.5501580238
180 14.2466709614
190 14.6639711857
200 13.51851511
210 12.2482960224
220 11.1688342094
230 11.2814109325
240 10.4274890423
250 8.85377883911
260 8.90198898315
270 9.11030983925
280 8.27399206161
290 8.6144888401
300 8.12342500687
310 7.01589798927
320 6.18878102303
330 5.76574397087
340 5.42242693901
350 4.99305200577
360 4.32003593445
370 3.56798410416
380 3.2143008709
390 2.9747440815
400 2.46803712845
410 2.43940997124
420 2.02510404587
430 1.80912685394
440 1.54842090607
450 1.41119790077
460 1.12401103973
470 0.925549983978
480 0.779486179352
490 0.71631193161
500 0.563221931458
510 0.480175971985
520 0.415821075439
530 0.341480016708
540 0.289861917496
550 0.288290023804
560 0.251789093018
570 0.18572306633
580 0.158690214157
590 0.139919042587
600 0.00402903556824
