10 0.51438999176
20 1.19479417801
30 1.99723005295
40 2.63250899315
50 3.110049963
60 3.39605808258
70 3.30567193031
80 3.27937793732
90 3.05354189873
100 2.82470297813
110 2.6628370285
120 2.3866019249
130 2.06450414658
140 1.77793192863
150 1.60229897499
160 1.42472290993
170 1.20811295509
180 1.04627394676
190 0.94308590889
200 0.797749042511
210 0.671037912369
220 0.569789171219
230 0.534994125366
240 0.47457909584
250 0.350034952164
260 0.284843921661
270 0.220629930496
280 0.194646835327
290 0.143385887146
300 0.121567964554
310 0.0985219478607
320 0.0727279186249
330 0.0581719875336
340 0.0480461120605
350 0.034481048584
360 0.0229668617249
370 0.0180220603943
380 0.00784707069397
