10 1.00132894516
20 2.28551888466
30 3.9575150013
40 5.39193701744
50 6.77053499222
60 7.78674697876
70 8.54082393646
80 8.45827889442
90 8.17903590202
100 7.91626286507
110 7.47726202011
120 7.02406001091
130 6.56982088089
140 6.37556099892
150 6.03426408768
160 5.34454584122
170 5.08878517151
180 5.02653098106
190 4.74328303337
200 4.4909529686
210 4.14047002792
220 4.01591801643
230 3.60835909843
240 3.55906009674
250 3.3794400692
260 3.01737308502
270 2.74509501457
280 2.41972088814
290 2.19823718071
300 1.85420298576
310 1.67461705208
320 1.44466996193
330 1.29730987549
340 1.13411712646
350 0.982245922089
360 0.841019153595
370 0.697744846344
380 0.603739976883
390 0.487230062485
400 0.412338972092
410 0.333205938339
420 0.27029299736
430 0.22166800499
440 0.180394172668
450 0.142389059067
460 0.111195087433
470 0.0861310958862
480 0.0586111545563
490 0.0332500934601
500 0.0039210319519
