20 6.35526299477
40 15.941120863
60 28.6217420101
80 40.6990590096
100 54.9363760948
120 62.3545999527
140 68.2760410309
160 64.2611591816
180 61.1937010288
200 61.3712480068
220 61.9219100475
240 55.4047729969
260 48.4501981735
280 47.9602708817
300 40.9814581871
320 42.3366448879
340 38.6373648643
360 34.21352911
380 34.9529190063
400 33.322851181
420 29.5498590469
440 27.1007959843
460 25.7602641582
480 22.6346111298
500 21.1014809608
520 16.9554560184
540 15.8494081497
560 13.1006088257
580 11.5140049458
600 10.6573600769
620 8.63596320152
640 6.70572113991
660 5.48006606102
680 4.22666501999
700 3.93207001686
720 3.00909590721
740 2.54623293877
760 1.78752803802
780 1.38569998741
800 1.07735896111
820 0.750267982483
840 0.562809944153
860 0.408137083054
880 0.313349962234
900 0.238255023956
920 0.00491690635681
