2 0.147946119308
4 0.120246887207
6 0.115015983582
8 0.108574867249
10 0.108352184296
12 0.114348173141
14 0.121448993683
16 0.123536109924
18 0.140847921371
20 0.139452934265
22 0.149391174316
24 0.15721487999
26 0.160646915436
28 0.179399967194
30 0.17701792717
32 0.182583808899
34 0.185245990753
36 0.199334144592
38 0.199366092682
40 0.210124969482
42 0.209800958633
44 0.205475091934
46 0.219263076782
48 0.21582698822
50 0.217319011688
52 0.217247962952
54 0.218521118164
56 0.237504959106
58 0.223727941513
60 0.220221996307
62 0.246975898743
64 0.240901947021
66 0.237850904465
68 0.237008094788
70 0.239634037018
72 0.255710124969
74 0.251054048538
76 0.237967014313
78 0.237910985947
80 0.259773015976
82 0.246119022369
84 0.262540102005
86 0.273017883301
88 0.267888069153
90 0.262652158737
92 0.265125989914
94 0.277030944824
96 0.285513877869
