5 0.126395940781
10 0.162129878998
15 0.209570884705
20 0.274946212769
25 0.313052892685
30 0.333534002304
35 0.382285118103
40 0.331116914749
45 0.349606990814
50 0.315685033798
55 0.295382022858
60 0.270967960358
65 0.246252059937
70 0.21791100502
75 0.22057390213
80 0.198035955429
85 0.160400867462
90 0.14953494072
95 0.124737024307
100 0.111635923386
105 0.111678123474
110 0.0944359302521
115 0.126411914825
120 0.1057741642
125 0.0644299983978
130 0.0654120445251
135 0.0508029460907
140 0.0598759651184
145 0.0408501625061
150 0.0387320518494
155 0.0394639968872
160 0.0305290222168
165 0.0158710479736
170 0.0162999629974
175 0.00716400146484
180 0.00260305404663
