2 0.0675039291382
4 0.0732190608978
6 0.0760459899902
8 0.0871870517731
10 0.0842080116272
12 0.0912702083588
14 0.0926921367645
16 0.09730219841
18 0.102463006973
20 0.112760066986
22 0.113301038742
24 0.132488965988
26 0.132899045944
28 0.130033016205
30 0.140830993652
32 0.143262147903
34 0.146070957184
36 0.14844584465
38 0.145541906357
40 0.14576792717
42 0.151710033417
44 0.159506082535
46 0.164326190948
48 0.160062074661
50 0.1526927948
52 0.165147781372
54 0.14782500267
56 0.163221120834
58 0.163685798645
60 0.160362005234
62 0.15193104744
64 0.15730714798
66 0.154561042786
68 0.16565489769
70 0.159231901169
72 0.157951831818
