2 0.0840079784393
4 0.0750551223755
6 0.0672810077667
8 0.0715999603271
10 0.0699899196625
12 0.084704875946
14 0.0765700340271
16 0.0821349620819
18 0.0766479969025
20 0.0816450119019
22 0.0791521072388
24 0.0837368965149
26 0.0760989189148
28 0.0784521102905
30 0.0739889144897
32 0.0688030719757
34 0.0726318359375
36 0.0691540241241
38 0.0656728744507
40 0.0663659572601
42 0.0604031085968
44 0.0686740875244
46 0.0612549781799
48 0.0529370307922
50 0.0519409179688
52 0.0505850315094
54 0.0450320243835
56 0.0472090244293
58 0.0442261695862
60 0.0472030639648
62 0.0383031368256
64 0.037122964859
66 0.0308539867401
68 0.0316739082336
70 0.0255908966064
72 0.0281798839569
74 0.0248129367828
76 0.0198700428009
78 0.0249860286713
80 0.0182490348816
82 0.0139949321747
84 0.015193939209
86 0.0098090171814
88 0.00856804847717
90 0.00752997398376
92 0.0103409290314
94 0.00516295433044
96 0.00352716445923
98 0.00205016136169
