2 0.113250017166
4 0.0877439975739
6 0.0835340023041
8 0.0831079483032
10 0.0794041156769
12 0.119168043137
14 0.119301080704
16 0.0841438770294
18 0.0913288593292
20 0.0996539592743
22 0.0947861671448
24 0.105753183365
26 0.106626987457
28 0.117553949356
30 0.113373041153
32 0.117654085159
34 0.116561889648
36 0.118935108185
38 0.119898080826
40 0.123330831528
42 0.117588043213
44 0.121086120605
46 0.125741004944
48 0.124125003815
50 0.122802019119
52 0.132578849792
54 0.130790948868
56 0.131699085236
58 0.12909913063
60 0.131490945816
62 0.131008863449
64 0.132804870605
66 0.133121967316
68 0.134370088577
