2 0.133888959885
4 0.201035022736
6 0.192785024643
8 0.103843927383
10 0.222672224045
12 0.225281953812
14 0.221951961517
16 0.221558094025
18 0.12194108963
20 0.132315158844
22 0.136927127838
24 0.157408952713
26 0.166527986526
28 0.169599056244
30 0.163443088531
32 0.169701099396
34 0.166908025742
36 0.178414106369
38 0.184443950653
40 0.178281068802
42 0.176162004471
44 0.18491601944
46 0.197134017944
48 0.177906036377
50 0.186532020569
52 0.19269490242
54 0.189617872238
56 0.200180053711
58 0.207943916321
60 0.201378822327
62 0.196287870407
64 0.208629846573
66 0.206336021423
68 0.20174908638
70 0.213235139847
72 0.206377983093
74 0.213613033295
76 0.21427989006
78 0.219789028168
80 0.221254110336
82 0.219240903854
84 0.218904018402
86 0.221841096878
88 0.236829996109
