20 3.06761002541
40 8.501527071
60 15.2477879524
80 21.0518169403
100 25.5639009476
120 25.9922020435
140 28.254319191
160 24.6388208866
180 23.6594810486
200 19.8423469067
220 19.4949040413
240 18.5886130333
260 15.9907801151
280 15.0249941349
300 12.6083011627
320 12.3067421913
340 10.1840851307
360 9.30769181252
380 7.63117098808
400 6.64574193954
420 5.29457592964
440 4.1348938942
460 3.48100090027
480 2.59319710732
500 2.13914990425
520 1.60726380348
540 1.21436285973
560 0.875648975372
580 0.622667074203
600 0.455347776413
620 0.3256919384
640 0.242801904678
660 0.18834400177
680 0.00449299812317
