2 0.0549042224884
4 0.0629570484161
6 0.063670873642
8 0.0846419334412
10 0.0839991569519
12 0.0836460590363
14 0.0778560638428
16 0.0815780162811
18 0.0821659564972
20 0.0879080295563
22 0.0929520130157
24 0.0946340560913
26 0.104931116104
28 0.103673934937
30 0.104634046555
32 0.107201099396
34 0.11195898056
36 0.116718053818
38 0.117248058319
40 0.111892938614
42 0.115695953369
44 0.113291978836
46 0.109513998032
48 0.109618902206
50 0.116494894028
52 0.121335983276
54 0.117213010788
56 0.122014045715
58 0.114311933517
60 0.11948800087
62 0.118559122086
64 0.114696979523
