20 108.565196991
40 119.936851978
60 136.259331942
80 156.971383095
100 177.421029091
120 196.30833602
140 222.148126841
160 219.553858042
180 223.343737841
200 245.622833014
220 247.026927948
240 249.647195101
260 232.96066618
280 236.623533964
300 243.955178976
320 240.242892027
340 235.630474091
360 232.900400877
380 237.323549032
400 237.355139017
420 238.61423111
440 238.307338953
460 244.070331097
480 235.872385979
500 245.166985989
520 250.55065608
540 242.703270912
560 244.293583155
580 241.955379009
600 248.473021984
620 240.698949099
640 246.972794056
660 244.051260948
680 240.608999014
700 251.487622976
720 238.601511955
740 257.901072979
760 229.198112011
780 246.154772043
800 237.805439949
820 247.578490019
840 239.635711908
860 243.770582199
880 237.411190987
900 224.302526951
920 241.792899132
940 228.578976154
960 236.640872955
980 242.892933846
