2 0.0892741680145
4 0.0973670482635
6 0.0996110439301
8 0.143984794617
10 0.111029863358
12 0.16364979744
14 0.165107965469
16 0.165070056915
18 0.137031078339
20 0.168442964554
22 0.15552687645
24 0.159692049026
26 0.178657054901
28 0.173503875732
30 0.175320863724
32 0.188405990601
34 0.197493076324
36 0.200372934341
38 0.203027009964
40 0.216322183609
42 0.232913970947
44 0.222767829895
46 0.226066112518
48 0.230221986771
50 0.221134901047
52 0.222768068314
54 0.23711681366
56 0.229189872742
58 0.228986978531
60 0.228651046753
62 0.22923207283
64 0.229135036469
66 0.226505041122
68 0.221210956573
70 0.244565963745
72 0.232253074646
74 0.233152151108
76 0.230437994003
78 0.240673065186
80 0.230474948883
82 0.206749916077
84 0.224376916885
