20 5.21335911751
40 14.062267065
60 23.4836981297
80 31.4149370193
100 36.9758529663
120 38.3907740116
140 40.9021618366
160 40.6078350544
180 39.3439109325
200 41.8398768902
220 43.1211709976
240 43.0368750095
260 44.5087001324
280 45.0715219975
300 43.4396419525
320 46.2001748085
340 45.4443149567
360 47.4596819878
380 48.8314359188
400 50.5219519138
420 51.5945050716
440 51.4499869347
460 53.8442430496
480 54.806648016
500 53.3060059547
520 55.775439024
540 60.5725779533
560 59.2581279278
580 60.7389440536
600 61.5504331589
620 63.6971399784
640 64.9447319508
660 65.9671120644
680 66.6206169128
700 69.4687309265
720 67.686768055
