2 0.0582668781281
4 0.0538740158081
6 0.0495998859406
8 0.0530588626862
10 0.0556950569153
12 0.0570449829102
14 0.0513038635254
16 0.0530431270599
18 0.0624618530273
20 0.0608251094818
22 0.0602750778198
24 0.0672161579132
26 0.0687370300293
28 0.0737450122833
30 0.0684950351715
32 0.0654110908508
34 0.0670890808105
36 0.0715777873993
38 0.0680248737335
40 0.0663270950317
42 0.0693919658661
44 0.0771870613098
46 0.0687930583954
48 0.0650720596313
50 0.0684831142426
52 0.0761289596558
54 0.0697059631348
56 0.0734720230103
58 0.0703220367432
60 0.0710120201111
62 0.0735750198364
