2 0.0610790252686
4 0.0482020378113
6 0.0483648777008
8 0.0474691390991
10 0.0519979000092
12 0.0560359954834
14 0.0543057918549
16 0.0521099567413
18 0.0576689243317
20 0.057580947876
22 0.0738830566406
24 0.0666079521179
26 0.0617401599884
28 0.0645341873169
30 0.0618200302124
32 0.0711698532104
34 0.0643219947815
36 0.0694990158081
38 0.0628139972687
40 0.0707051753998
42 0.0711789131165
44 0.0768270492554
46 0.06973695755
48 0.0665688514709
50 0.0647928714752
52 0.069522857666
54 0.0649960041046
56 0.0659379959106
58 0.0661859512329
60 0.064337015152
