2 0.193203210831
4 0.338304042816
6 0.173177957535
8 0.32973408699
10 0.180531978607
12 0.297761917114
14 0.299336194992
16 0.236265897751
18 0.195848941803
20 0.213571071625
22 0.211222171783
24 0.233827829361
26 0.245237827301
28 0.246370077133
30 0.260058164597
32 0.25697016716
34 0.271816015244
36 0.296476125717
38 0.308944940567
40 0.321421861649
42 0.329504013062
44 0.3180539608
46 0.346253871918
48 0.335865020752
50 0.329035997391
52 0.355309009552
54 0.347665071487
56 0.356642007828
58 0.36323094368
60 0.333755016327
62 0.360607862473
64 0.350991010666
66 0.389842033386
68 0.372484922409
70 0.373626947403
72 0.350248813629
74 0.358285903931
76 0.342360973358
78 0.377117872238
80 0.358920097351
82 0.374110937119
84 0.359395027161
86 0.382019042969
88 0.37832903862
90 0.367431879044
92 0.361133098602
94 0.364572048187
96 0.354578018188
98 0.358924150467
100 0.334843158722
