2 0.0212821960449
4 0.0305349826813
6 0.0305609703064
8 0.0503659248352
10 0.0503489971161
12 0.0448060035706
14 0.0476779937744
16 0.047767162323
18 0.0521531105042
20 0.0561108589172
22 0.0537850856781
24 0.0597970485687
26 0.0591759681702
28 0.0569310188293
30 0.061126947403
32 0.0540111064911
34 0.0552880764008
36 0.049103975296
38 0.0459299087524
40 0.0481019020081
42 0.0445239543915
44 0.0425779819489
46 0.0458059310913
48 0.0358791351318
50 0.0324988365173
52 0.0420470237732
54 0.0295078754425
56 0.0415711402893
58 0.0266218185425
60 0.0257608890533
62 0.0323832035065
64 0.0234830379486
66 0.0230739116669
68 0.0266089439392
70 0.0222141742706
72 0.0252461433411
74 0.020614862442
76 0.00196599960327
