20 8.7016749382
40 26.1498529911
60 48.6054019928
80 69.3575940132
100 87.319122076
120 96.5391900539
140 103.876394987
160 110.366626978
180 115.098464012
200 105.804450989
220 107.024918079
240 119.406596899
260 115.389159918
280 112.780167818
300 114.42475605
320 113.073251009
340 115.095381021
360 108.728013992
380 109.681843996
400 115.297635078
420 117.92429781
440 113.05925107
460 102.386142015
480 111.923683167
500 109.40278101
520 109.188764811
540 110.500519037
560 116.564562082
580 110.20297718
600 116.715528965
620 119.759355068
640 113.285021067
660 111.602823019
680 112.699769974
700 114.161213875
720 114.756397963
740 116.998375893
760 112.948631048
780 115.555799007
800 112.04104495
820 114.894619942
840 110.571032047
860 118.915920019
880 110.679256201
900 111.134408236
920 112.255813122
940 116.485585213
