5 0.277936935425
10 0.376935005188
15 0.687301158905
20 0.822906970978
25 1.19630002975
30 1.43178606033
35 1.84304690361
40 2.02043199539
45 2.25136089325
50 2.47237205505
55 2.67976212502
60 2.81020998955
65 3.15539193153
70 3.06413292885
75 3.32097601891
80 3.07961583138
85 3.40581893921
90 3.2215681076
95 3.24798703194
100 3.67646288872
105 3.56286907196
110 3.39227700233
115 3.26824998856
120 3.5376098156
125 3.3529009819
130 3.47819805145
135 3.53593587875
140 3.62201404572
145 3.40795278549
150 3.85854387283
155 3.51496386528
160 3.40315699577
165 3.5638320446
170 3.64995503426
175 3.48009204865
180 3.60254001617
185 3.34033298492
190 3.6175570488
195 3.28236818314
200 3.78349685669
205 3.3241109848
210 3.36764788628
215 3.52923679352
220 3.49931192398
225 3.61442112923
230 4.01247501373
235 3.55673003197
240 3.41480588913
245 3.47262716293
250 3.20981407166
255 3.57705616951
260 3.5598320961
265 3.40615606308
270 3.62192296982
275 3.63879513741
280 3.52455997467
285 3.60571408272
290 3.64916992188
295 3.21150398254
300 3.58660101891
