2 0.0921750068665
4 0.089891910553
6 0.0978629589081
8 0.102403879166
10 0.153881072998
12 0.158574819565
14 0.157166004181
16 0.157588005066
18 0.129613161087
20 0.138143062592
22 0.142826080322
24 0.149902105331
26 0.154263973236
28 0.202131032944
30 0.175078868866
32 0.206718921661
34 0.186956167221
36 0.190156936646
38 0.197965145111
40 0.202821016312
42 0.208581924438
44 0.206571102142
46 0.220856904984
48 0.216029167175
50 0.206030130386
52 0.208261966705
54 0.195356845856
56 0.220121145248
58 0.209450960159
60 0.217119216919
62 0.213024139404
64 0.22304391861
66 0.206727027893
68 0.217046022415
70 0.206264019012
72 0.217744112015
74 0.227319955826
76 0.207859992981
78 0.221249818802
80 0.20988202095
82 0.211215019226
