2 0.0264911651611
4 0.0281097888947
6 0.033588886261
8 0.0409379005432
10 0.0447571277618
12 0.0546329021454
14 0.0525200366974
16 0.0520520210266
18 0.0563840866089
20 0.0694758892059
22 0.0610439777374
24 0.068058013916
26 0.0633969306946
28 0.067843914032
30 0.0629861354828
32 0.0607268810272
34 0.0594170093536
36 0.0622839927673
38 0.0735969543457
40 0.07169008255
42 0.0654881000519
44 0.054388999939
46 0.0537850856781
48 0.0472321510315
50 0.0443298816681
52 0.0384559631348
54 0.0362620353699
56 0.0384900569916
58 0.0362119674683
60 0.0348420143127
62 0.0296149253845
64 0.0284159183502
66 0.0273251533508
68 0.0300810337067
70 0.0263030529022
72 0.0363121032715
74 0.0233800411224
76 0.0268490314484
78 0.0302829742432
80 0.0218980312347
82 0.00200510025024
