2 0.059565782547
4 0.0515630245209
6 0.0521190166473
8 0.0457170009613
10 0.0637719631195
12 0.0486521720886
14 0.0512199401855
16 0.0505049228668
18 0.0431067943573
20 0.0447909832001
22 0.0417449474335
24 0.0438048839569
26 0.0374541282654
28 0.0392758846283
30 0.0420980453491
32 0.0328800678253
34 0.0316450595856
36 0.0333909988403
38 0.030308008194
40 0.0245418548584
42 0.0221548080444
44 0.0204839706421
46 0.0253429412842
48 0.0183808803558
50 0.0155131816864
52 0.0191209316254
54 0.0214929580688
56 0.016813993454
58 0.007080078125
60 0.00887298583984
62 0.00534987449646
64 0.00351619720459
66 0.0019268989563
