2 0.114459991455
4 0.108216047287
6 0.0984039306641
8 0.0840690135956
10 0.0822069644928
12 0.100966930389
14 0.0989670753479
16 0.0897459983826
18 0.0953760147095
20 0.118795156479
22 0.104992866516
24 0.122227907181
26 0.11973285675
28 0.128202915192
30 0.116012096405
32 0.122310161591
34 0.123008966446
36 0.138999938965
38 0.129068136215
40 0.135464906693
42 0.13544011116
44 0.140668869019
46 0.128253936768
48 0.134354829788
50 0.135414123535
52 0.144370794296
54 0.140622138977
56 0.140471935272
58 0.14234495163
60 0.139808893204
62 0.147359132767
64 0.14494395256
66 0.148694992065
68 0.147833108902
70 0.148272037506
72 0.149665117264
