2 0.0256841182709
4 0.0261001586914
6 0.0294079780579
8 0.0339438915253
10 0.0446519851685
12 0.0477080345154
14 0.042995929718
16 0.0485122203827
18 0.0486152172089
20 0.0578129291534
22 0.0523509979248
24 0.0571880340576
26 0.0597200393677
28 0.0542788505554
30 0.0574498176575
32 0.0499260425568
34 0.0471880435944
36 0.0641269683838
38 0.0435779094696
40 0.0441720485687
42 0.052924156189
44 0.0441908836365
46 0.036721944809
48 0.0315499305725
50 0.0294139385223
52 0.0318808555603
54 0.0265879631042
56 0.0296559333801
58 0.028254032135
60 0.0290579795837
62 0.0224380493164
64 0.0216410160065
66 0.0215890407562
68 0.0237119197845
70 0.0200960636139
72 0.00435304641724
74 0.00191593170166
