2 0.113646030426
4 0.0912721157074
6 0.0818150043488
8 0.0912339687347
10 0.0842950344086
12 0.076131105423
14 0.0873529911041
16 0.0798530578613
18 0.0714480876923
20 0.0755710601807
22 0.0731198787689
24 0.101772069931
26 0.0686590671539
28 0.100816965103
30 0.0953769683838
32 0.0897080898285
34 0.0630719661713
36 0.0619659423828
38 0.0561401844025
40 0.0665938854218
42 0.0593428611755
44 0.0512909889221
46 0.052873134613
48 0.0462319850922
50 0.0352518558502
52 0.0493359565735
54 0.0302941799164
56 0.0411629676819
58 0.0285270214081
60 0.0276491641998
62 0.0253338813782
64 0.0185179710388
66 0.0179440975189
68 0.0189130306244
70 0.0113580226898
72 0.0095808506012
74 0.00200295448303
