2 0.0979731082916
4 0.0981922149658
6 0.103651046753
8 0.116446018219
10 0.114807844162
12 0.124741792679
14 0.126229047775
16 0.139985084534
18 0.141672849655
20 0.156779050827
22 0.162744998932
24 0.184530973434
26 0.189032793045
28 0.191827058792
30 0.197311878204
32 0.199562072754
34 0.202761888504
36 0.209357976913
38 0.216048955917
40 0.248076915741
42 0.23904800415
44 0.22350692749
46 0.233864068985
48 0.229262828827
50 0.233031988144
52 0.243109941483
54 0.249661207199
56 0.242868900299
58 0.245291948318
60 0.237855911255
62 0.233944892883
64 0.23230099678
66 0.240797996521
68 0.239140033722
70 0.229629039764
72 0.238950967789
74 0.25594496727
76 0.245704174042
78 0.255708217621
80 0.227446079254
82 0.250427961349
84 0.23584485054
86 0.246728897095
