2 0.0198628902435
4 0.0283401012421
6 0.0277440547943
8 0.0341939926147
10 0.0336489677429
12 0.0386071205139
14 0.0357661247253
16 0.0356619358063
18 0.0401260852814
20 0.0452208518982
22 0.0445830821991
24 0.0461909770966
26 0.0442471504211
28 0.0506980419159
30 0.0466401576996
32 0.0360078811646
34 0.0341260433197
36 0.0474679470062
38 0.029433965683
40 0.0322070121765
42 0.0271739959717
44 0.0383951663971
46 0.0315890312195
48 0.0269110202789
50 0.0217270851135
52 0.0256021022797
54 0.0202620029449
56 0.022145986557
58 0.0218470096588
60 0.0222101211548
62 0.0177249908447
64 0.00185179710388
