2 0.0209789276123
4 0.0300140380859
6 0.0296149253845
8 0.0410709381104
10 0.0364890098572
12 0.0395720005035
14 0.0406091213226
16 0.0476899147034
18 0.0466690063477
20 0.0537610054016
22 0.0505030155182
24 0.0516359806061
26 0.0538930892944
28 0.0564279556274
30 0.0533139705658
32 0.0465700626373
34 0.0453429222107
36 0.047110080719
38 0.0420069694519
40 0.0429399013519
42 0.0396008491516
44 0.0417988300323
46 0.0359499454498
48 0.0296061038971
50 0.028862953186
52 0.0315651893616
54 0.0260019302368
56 0.0246109962463
58 0.0232939720154
60 0.0268828868866
62 0.0298180580139
64 0.0255019664764
66 0.0204639434814
68 0.0233240127563
70 0.020427942276
72 0.00190401077271
