20 6.48775815964
40 18.0867240429
60 33.5697600842
80 44.8709981441
100 56.9667639732
120 61.7202019691
140 66.5911200047
160 68.4119670391
180 67.1310281754
200 65.0985949039
220 66.7550730705
240 68.0936338902
260 66.8002340794
280 66.4987330437
300 67.3265941143
320 62.1278641224
340 67.27607584
360 68.7927069664
380 69.7250571251
400 68.0123188496
420 65.4055359364
440 67.7280669212
460 70.5134541988
480 68.7727298737
500 66.6364569664
520 70.2470440865
540 67.3330128193
560 69.726621151
580 73.0851640701
600 66.4088709354
620 69.4956350327
640 65.9438519478
660 66.6395587921
680 65.4063868523
700 66.5447380543
720 67.3800039291
740 69.8182280064
760 72.1710639
780 72.3787190914
800 71.0199711323
