5 0.215304136276
10 0.313893079758
15 0.453430175781
20 0.629428863525
25 0.797282934189
30 0.931817054749
35 1.13453102112
40 1.15210914612
45 1.28316307068
50 1.36581301689
55 1.36932086945
60 1.25766801834
65 1.19662809372
70 1.20110011101
75 1.10300898552
80 1.07757806778
85 1.05005311966
90 0.920738935471
95 0.857592105865
100 0.85849905014
105 0.771153926849
110 0.692106962204
115 0.705733060837
120 0.584812879562
125 0.555874109268
130 0.507765054703
135 0.482306003571
140 0.417366981506
145 0.393275976181
150 0.336113929749
155 0.329530000687
160 0.30780506134
165 0.244163036346
170 0.234359025955
175 0.218095064163
180 0.188006877899
185 0.206305027008
190 0.142244100571
195 0.134257793427
200 0.119416952133
205 0.105857849121
210 0.0921640396118
215 0.0913698673248
220 0.0791578292847
225 0.0670990943909
230 0.0568039417267
235 0.0602240562439
240 0.0478627681732
245 0.0390498638153
250 0.0365741252899
255 0.0305371284485
260 0.0269751548767
265 0.0327699184418
270 0.0174558162689
275 0.017128944397
280 0.00322389602661
