5 0.36488699913
10 0.43533205986
15 0.610004901886
20 0.812644004822
25 1.0454750061
30 1.21699309349
35 1.42810201645
40 1.52544116974
45 1.70901107788
50 1.74995803833
55 1.8642578125
60 1.83230900764
65 1.75901579857
70 1.69965410233
75 1.60055398941
80 1.55431985855
85 1.50962281227
90 1.39738607407
95 1.3973839283
100 1.2941339016
105 1.26230597496
110 1.21365880966
115 1.16878080368
120 1.09328699112
125 1.01997995377
130 1.00823712349
135 0.971737146378
140 0.923924207687
145 0.866576910019
150 0.830615997314
155 0.760249137878
160 0.662229061127
165 0.634777069092
170 0.604614019394
175 0.55749297142
180 0.505509138107
185 0.460272073746
190 0.416076898575
195 0.379981040955
200 0.343971014023
205 0.3070499897
210 0.289647102356
215 0.262880086899
220 0.230987071991
225 0.211723089218
230 0.185431003571
235 0.162717103958
240 0.144989967346
245 0.129596948624
250 0.119046926498
255 0.105707883835
260 0.103988170624
265 0.0771999359131
270 0.0709738731384
275 0.061331987381
280 0.050215959549
285 0.0379388332367
290 0.032320022583
295 0.0194308757782
300 0.00315117835999
