10 0.29613494873
20 0.788052082062
30 1.4243748188
40 2.00544404984
50 2.49657702446
60 2.92248797417
70 3.17682695389
80 3.2658290863
90 3.28653979301
100 3.08354091644
110 2.75839805603
120 2.3921020031
130 2.21566796303
140 1.79422712326
150 1.79455494881
160 1.74841094017
170 1.65277791023
180 1.25703406334
190 1.06421589851
200 0.95098400116
210 0.777388095856
220 0.675967931747
230 0.527459144592
240 0.452608108521
250 0.358705043793
260 0.290724992752
270 0.236521959305
280 0.192126989365
290 0.163241147995
300 0.132181882858
310 0.114805936813
320 0.101392030716
330 0.0870800018311
340 0.00310087203979
