2 0.129420995712
4 0.107893943787
6 0.0941071510315
8 0.0927610397339
10 0.128013134003
12 0.130244016647
14 0.124974012375
16 0.125487089157
18 0.0894119739532
20 0.0944490432739
22 0.0891768932343
24 0.0935411453247
26 0.0893530845642
28 0.123578071594
30 0.119462013245
32 0.0818629264832
34 0.0790078639984
36 0.150995969772
38 0.170971155167
40 0.139688968658
42 0.129567861557
44 0.146894931793
46 0.141207933426
48 0.139325141907
50 0.0556240081787
52 0.0563468933105
54 0.0491659641266
56 0.0471529960632
58 0.0497419834137
60 0.043240070343
62 0.0446548461914
64 0.0342838764191
66 0.0354950428009
68 0.0293810367584
70 0.0265791416168
72 0.0280017852783
74 0.0211231708527
76 0.0263419151306
78 0.0205368995667
80 0.0141448974609
82 0.0115051269531
84 0.00915479660034
86 0.00210380554199
