5 1.37207913399
10 1.40077900887
15 1.50313997269
20 1.67169904709
25 1.82268118858
30 1.99674081802
35 2.18324184418
40 2.38715004921
45 2.60019898415
50 2.79452586174
55 2.98736906052
60 3.29103803635
65 3.4218249321
70 3.62754511833
75 3.8337161541
80 3.73136520386
85 3.99553608894
90 3.98905611038
95 3.65339303017
100 3.91915106773
105 3.76844596863
110 4.06146502495
115 3.95155787468
120 4.06046795845
125 4.07475399971
130 4.23544216156
135 3.98709917068
140 4.24653911591
145 3.93003797531
150 3.64071989059
155 4.0645968914
160 4.21290612221
165 4.27870202065
170 4.07298398018
175 4.08037781715
180 3.69885492325
185 4.02115082741
190 4.23624300957
195 4.09119820595
200 4.0648419857
205 3.76508402824
210 4.16135001183
215 3.92782592773
220 3.92608189583
225 3.96798014641
230 4.34997987747
235 3.9542620182
240 4.0067088604
