5 0.116129159927
10 0.148359060287
15 0.197903871536
20 0.265452861786
25 0.307132959366
30 0.386389970779
35 0.429010152817
40 0.48056101799
45 0.499330043793
50 0.54488992691
55 0.549247980118
60 0.57928109169
65 0.565774917603
70 0.584976911545
75 0.554708003998
80 0.571151971817
85 0.568677902222
90 0.588302850723
95 0.553873062134
100 0.602921009064
105 0.540951013565
110 0.60764503479
115 0.603520154953
120 0.668433904648
125 0.55462884903
130 0.62033700943
135 0.589115142822
140 0.633116960526
145 0.619595050812
150 0.605143070221
155 0.566379070282
160 0.610901117325
