2 0.121433973312
4 0.0830240249634
6 0.0782289505005
8 0.0859799385071
10 0.0932211875916
12 0.0884699821472
14 0.0848400592804
16 0.0849969387054
18 0.0854148864746
20 0.092698097229
22 0.0944781303406
24 0.0971100330353
26 0.113919973373
28 0.102658987045
30 0.107919931412
32 0.105712175369
34 0.111152887344
36 0.107784986496
38 0.110861063004
40 0.107931137085
42 0.113362073898
44 0.107777118683
46 0.113467216492
48 0.111593961716
50 0.115893125534
52 0.120292186737
54 0.11959195137
56 0.125576972961
58 0.12203502655
60 0.118124961853
62 0.135399103165
64 0.130789995193
