20 4.91389489174
40 13.4679999352
60 24.555795908
80 33.4688911438
100 38.4644579887
120 44.7533049583
140 41.4974999428
160 43.8232910633
180 44.9738059044
200 45.7669820786
220 42.5390791893
240 43.4318871498
260 44.4808881283
280 48.6024689674
300 44.8954191208
320 42.6258671284
340 43.5191071033
360 44.2490508556
380 46.8661160469
400 44.1016070843
420 45.7807438374
440 46.9872088432
460 44.1296720505
480 43.3634660244
500 46.6217980385
520 46.7201311588
540 46.3874940872
560 45.4905428886
580 44.0675899982
600 43.2343659401
620 44.7087299824
640 45.5342431068
660 45.4107961655
680 44.4140169621
700 45.5030379295
