2 0.130402088165
4 0.105373859406
6 0.0989878177643
8 0.0954880714417
10 0.106762886047
12 0.105818986893
14 0.109507799149
16 0.103971004486
18 0.109452962875
20 0.11748290062
22 0.122010946274
24 0.144562005997
26 0.147778987885
28 0.146733999252
30 0.149070978165
32 0.14993596077
34 0.152928113937
36 0.153979063034
38 0.156162023544
40 0.180232048035
42 0.167834043503
44 0.166187047958
46 0.174492120743
48 0.173400878906
50 0.17157292366
52 0.176764965057
54 0.171944141388
56 0.171302080154
58 0.183396100998
60 0.172386884689
62 0.1756939888
64 0.173814058304
66 0.179363965988
68 0.186026096344
70 0.181267976761
72 0.185852050781
74 0.185986995697
76 0.201457023621
78 0.193590164185
80 0.193536996841
82 0.189754009247
