2 0.106305122375
4 0.0854620933533
6 0.0746941566467
8 0.0736911296844
10 0.0720381736755
12 0.10355091095
14 0.0986931324005
16 0.0658249855042
18 0.0672481060028
20 0.0693171024323
22 0.0650081634521
24 0.0678489208221
26 0.0845880508423
28 0.0744140148163
30 0.0686511993408
32 0.0662171840668
34 0.0529351234436
36 0.0542459487915
38 0.0470168590546
40 0.0507609844208
42 0.0427510738373
44 0.0369191169739
46 0.0403068065643
48 0.0350999832153
50 0.0283260345459
52 0.0305969715118
54 0.0281848907471
56 0.0293591022491
58 0.0193719863892
60 0.0168790817261
62 0.0228300094604
64 0.0162189006805
66 0.00969290733337
68 0.002032995224
