10 0.957963943481
20 2.54511404037
30 4.79123210907
40 7.16089320183
50 9.59158396721
60 11.3844778538
70 13.3915739059
80 15.1036200523
90 15.5675628185
100 17.3967318535
110 17.2975428104
120 17.7069339752
130 17.3199179173
140 17.8048770428
150 18.0353250504
160 17.5152769089
170 17.186040163
180 18.0577878952
190 18.4974808693
200 18.4957470894
210 18.4127819538
220 17.0924091339
230 18.4221909046
240 18.7694740295
250 18.950936079
260 16.6132910252
270 18.0302050114
280 18.2327969074
290 17.952493906
300 18.606883049
310 18.7517318726
320 18.2740111351
330 18.3156080246
340 18.4370980263
350 17.9673039913
360 17.8208329678
370 18.7871389389
380 17.799695015
390 19.5294458866
400 17.3303539753
410 17.3342661858
420 18.4425909519
430 17.6168589592
440 18.9384579659
450 17.5938549042
460 17.3491241932
470 18.962321043
480 17.6121850014
490 17.937527895
500 17.8346850872
510 17.6693189144
520 19.3936738968
