2 0.0240869522095
4 0.0340960025787
6 0.0389680862427
8 0.0562770366669
10 0.0586500167847
12 0.0568559169769
14 0.0600769519806
16 0.0608048439026
18 0.0670928955078
20 0.0773038864136
22 0.101649045944
24 0.0773561000824
26 0.0820200443268
28 0.0797410011292
30 0.101982116699
32 0.0940849781036
34 0.0813980102539
36 0.0814800262451
38 0.0772349834442
40 0.0747609138489
42 0.070454120636
44 0.0688991546631
46 0.070259809494
48 0.0646979808807
50 0.0583648681641
52 0.0587730407715
54 0.0531640052795
56 0.058287858963
58 0.0494909286499
60 0.0610361099243
62 0.0512969493866
64 0.0451300144196
66 0.0378520488739
68 0.0401539802551
70 0.0344829559326
72 0.0373780727386
74 0.032252073288
76 0.0382440090179
78 0.0334448814392
80 0.0281219482422
82 0.0315229892731
84 0.0265991687775
86 0.0260529518127
88 0.0325479507446
90 0.0252389907837
92 0.00746583938599
94 0.00198292732239
