2 0.0562269687653
4 0.0400531291962
6 0.0483469963074
8 0.0575501918793
10 0.0545408725739
12 0.050085067749
14 0.0476100444794
16 0.0470201969147
18 0.0373990535736
20 0.0420789718628
22 0.0390701293945
24 0.0398368835449
26 0.0492789745331
28 0.0369670391083
30 0.0387780666351
32 0.0363130569458
34 0.0270481109619
36 0.0414910316467
38 0.0250651836395
40 0.0262320041656
42 0.0209560394287
44 0.0274028778076
46 0.0265169143677
48 0.0225710868835
50 0.0173041820526
52 0.0205068588257
54 0.0155470371246
56 0.0192959308624
58 0.00185322761536
