10 0.925019979477
20 2.39022088051
30 4.12851190567
40 5.74056696892
50 7.51854085922
60 8.51467990875
70 9.20042705536
80 9.67643809319
90 9.06061792374
100 8.81282305717
110 8.83823800087
120 8.21553301811
130 7.02701878548
140 6.72066378593
150 6.19735598564
160 6.04590606689
170 5.1878619194
180 4.57823705673
190 4.97768712044
200 4.22582197189
210 3.75826621056
220 3.65560388565
230 3.23285794258
240 3.10996007919
250 2.58546495438
260 2.3055870533
270 2.02887201309
280 1.79355812073
290 1.54036808014
300 1.42236495018
310 1.20751690865
320 1.03697896004
330 0.979462862015
340 0.814476013184
350 0.705811977386
360 0.595421075821
370 0.517465829849
380 0.449971199036
390 0.365120172501
400 0.293838977814
410 0.223475933075
420 0.184026002884
430 0.154968976974
440 0.114382982254
450 0.0998251438141
460 0.0730791091919
470 0.0561511516571
480 0.0439500808716
490 0.0377998352051
500 0.0240030288696
510 0.018504858017
520 0.00435709953308
