20 4.14042806625
40 11.4742670059
60 20.9438381195
80 30.699546814
100 37.3016579151
120 42.753813982
140 44.1001260281
160 43.9301528931
180 40.2599101067
200 36.4492709637
220 38.2802629471
240 33.5561299324
260 30.3651649952
280 27.5945420265
300 26.1008429527
320 23.8625349998
340 21.1839339733
360 19.7658121586
380 20.7347640991
400 18.6599240303
420 15.299033165
440 12.7809400558
460 11.7558140755
480 9.5009829998
500 8.24342417717
520 6.991106987
540 5.32991409302
560 4.88512587547
580 3.61260700226
600 2.74291014671
620 2.24615693092
640 1.71527409554
660 1.26406383514
680 0.944072961807
700 0.721244812012
720 0.513139009476
740 0.372534990311
760 0.288950920105
780 0.226932048798
800 0.0045108795166
