2 0.102523088455
4 0.111207008362
6 0.0844860076904
8 0.102427005768
10 0.0876150131226
12 0.0975921154022
14 0.0956768989563
16 0.0909411907196
18 0.0958108901978
20 0.108225822449
22 0.107069969177
24 0.115700006485
26 0.113648176193
28 0.134551048279
30 0.132822990417
32 0.129070043564
34 0.125730037689
36 0.138417005539
38 0.135605096817
40 0.140175104141
42 0.146067857742
44 0.140668153763
46 0.143959999084
48 0.139580011368
50 0.139942169189
52 0.143494129181
54 0.144497156143
56 0.143181800842
58 0.140731811523
60 0.150325059891
62 0.151809215546
64 0.140966892242
66 0.137793064117
68 0.142817020416
