5 2.5988202095
10 2.67857193947
15 2.8341858387
20 3.0858399868
25 3.35130596161
30 3.56017804146
35 4.00505304337
40 4.32721209526
45 4.58833503723
50 5.01211285591
55 5.44531416893
60 5.56180095673
65 5.88070416451
70 6.2024679184
75 6.72978115082
80 6.82052278519
85 6.83877897263
90 7.21838998795
95 7.29465293884
100 7.80795502663
105 7.22260308266
110 7.89850711823
115 7.33190393448
120 7.31920790672
125 7.85306406021
130 7.39879989624
135 8.05429005623
140 8.16747999191
145 7.7111620903
150 7.44983100891
155 7.89246487617
160 7.48060512543
165 7.66930699348
170 7.90318393707
175 7.40234804153
180 7.34699082375
185 7.23865699768
190 7.52455997467
195 7.93261098862
200 8.13573002815
205 7.24589586258
210 7.7425661087
215 7.65835690498
220 7.94364285469
225 7.52687716484
230 7.01814889908
235 7.02907705307
240 7.0495159626
245 8.08015799522
250 8.16699981689
255 7.8496389389
260 7.45557284355
265 7.80568790436
270 7.57858204842
275 7.90275096893
280 7.6545009613
285 7.23656988144
290 7.70795607567
295 7.48178696632
300 7.4724240303
