2 0.0920040607452
4 0.0739738941193
6 0.066575050354
8 0.0641570091248
10 0.060298204422
12 0.0682911872864
14 0.0951950550079
16 0.0962760448456
18 0.0763630867004
20 0.0873939990997
22 0.0879199504852
24 0.0952949523926
26 0.0918381214142
28 0.0928301811218
30 0.104109048843
32 0.102392196655
34 0.0953679084778
36 0.0931801795959
38 0.0866310596466
40 0.0988149642944
42 0.0821218490601
44 0.0807199478149
46 0.0788271427155
48 0.070671081543
50 0.0691251754761
52 0.0698251724243
54 0.0613679885864
56 0.0626940727234
58 0.059513092041
60 0.0567171573639
62 0.0579218864441
64 0.0518980026245
66 0.0443980693817
68 0.0503959655762
70 0.0450308322906
72 0.0576221942902
74 0.0522799491882
76 0.0385630130768
78 0.040757894516
80 0.0353789329529
82 0.0353450775146
84 0.028666973114
86 0.027214050293
88 0.0312700271606
90 0.0334479808807
92 0.028648853302
94 0.0241701602936
96 0.0238289833069
98 0.002112865448
