2 0.0845589637756
4 0.0680210590363
6 0.0677440166473
8 0.0717220306396
10 0.0635390281677
12 0.0655698776245
14 0.0704832077026
16 0.069295167923
18 0.0731828212738
20 0.0796229839325
22 0.0865797996521
24 0.0818128585815
26 0.0865871906281
28 0.0848569869995
30 0.0912129878998
32 0.0896282196045
34 0.092297077179
36 0.0990808010101
38 0.0979568958282
40 0.0965249538422
42 0.0913000106812
44 0.0950410366058
46 0.095682144165
48 0.0918290615082
50 0.095410823822
52 0.0993430614471
54 0.0919659137726
56 0.0952620506287
58 0.0977120399475
