2 0.0722010135651
4 0.0673978328705
6 0.061753988266
8 0.0694320201874
10 0.0675971508026
12 0.0662331581116
14 0.0764670372009
16 0.0782430171967
18 0.0785369873047
20 0.0964689254761
22 0.0911540985107
24 0.0968661308289
26 0.100269079208
28 0.0990090370178
30 0.112196922302
32 0.108937978745
34 0.107248067856
36 0.113435029984
38 0.10869884491
40 0.117597818375
42 0.116712093353
44 0.110925912857
46 0.115099191666
48 0.105818986893
50 0.110154867172
52 0.116579055786
54 0.115776062012
56 0.120934963226
58 0.116134881973
60 0.117136001587
62 0.125416040421
64 0.124672174454
66 0.121499061584
68 0.124997854233
70 0.117568969727
72 0.113348007202
74 0.119859933853
76 0.116906881332
78 0.12259888649
80 0.119699001312
82 0.117469787598
