20 3.92280888557
40 11.3812499046
60 19.4683470726
80 26.2962269783
100 31.1841390133
120 31.7481820583
140 33.2174830437
160 34.2602200508
180 34.6344258785
200 33.0378830433
220 34.7597339153
240 33.4518921375
260 34.4674589634
280 33.4049680233
300 34.86156106
320 33.5204598904
340 33.7001681328
360 36.7937138081
380 34.7486958504
400 34.9356901646
420 34.1095030308
440 33.4828569889
460 35.0250520706
480 34.052033186
500 34.4069769382
520 37.7069430351
540 36.0153939724
560 35.423055172
580 33.0806481838
600 36.0001728535
620 34.6719927788
640 35.3679089546
