2 0.0555210113525
4 0.0579948425293
6 0.0443069934845
8 0.0451140403748
10 0.0412330627441
12 0.0472710132599
14 0.0430240631104
16 0.0384700298309
18 0.0489609241486
20 0.0371899604797
22 0.0342040061951
24 0.0369980335236
26 0.0338380336761
28 0.0453810691833
30 0.0361948013306
32 0.0260970592499
34 0.0281929969788
36 0.0257601737976
38 0.0206639766693
40 0.0254521369934
42 0.0205969810486
44 0.0141839981079
46 0.0188689231873
48 0.00987792015076
50 0.0106489658356
52 0.00709295272827
54 0.00614809989929
56 0.00502896308899
58 0.00342297554016
60 0.00192308425903
