2 0.0244190692902
4 0.0344529151917
6 0.0366449356079
8 0.0451619625092
10 0.0476059913635
12 0.0594398975372
14 0.0595760345459
16 0.0634050369263
18 0.0709049701691
20 0.0770399570465
22 0.0826659202576
24 0.081661939621
26 0.0929751396179
28 0.0901780128479
30 0.0895161628723
32 0.0846748352051
34 0.0873038768768
36 0.0900740623474
38 0.0844440460205
40 0.0742399692535
42 0.0842189788818
44 0.121420860291
46 0.100452899933
48 0.102053165436
50 0.0624330043793
52 0.0654699802399
54 0.060868024826
56 0.0571990013123
58 0.0551359653473
60 0.0591740608215
62 0.0495979785919
64 0.0470590591431
66 0.0409209728241
68 0.0425400733948
70 0.0370888710022
72 0.0388460159302
74 0.033851146698
76 0.0401329994202
78 0.0353860855103
80 0.0296311378479
82 0.0284900665283
84 0.0324850082397
86 0.0309340953827
88 0.0381910800934
90 0.0334799289703
92 0.0289161205292
94 0.0041708946228
96 0.0021231174469
