20 4.02171278
40 10.3451061249
60 15.5108921528
80 18.528580904
100 19.1407871246
120 17.6543159485
140 17.0839660168
160 15.0813457966
180 13.4806609154
200 12.5738399029
220 11.857968092
240 10.908798933
260 10.1158277988
280 9.22232604027
300 8.64232492447
320 7.88472604752
340 6.84160804749
360 5.82329797745
380 4.68560600281
400 4.05621099472
420 3.24202013016
440 2.53927898407
460 2.07868695259
480 1.56849980354
500 1.15731883049
520 0.91090297699
540 0.632416009903
560 0.454048871994
580 0.322844982147
600 0.199756145477
620 0.119793891907
640 0.0596089363098
660 0.00430583953857
