2 0.082190990448
4 0.0785331726074
6 0.0610790252686
8 0.0596539974213
10 0.0529818534851
12 0.0631501674652
14 0.057788848877
16 0.0500819683075
18 0.048583984375
20 0.0548241138458
22 0.0458090305328
24 0.0501470565796
26 0.0400130748749
28 0.0489721298218
30 0.0426249504089
32 0.0371820926666
34 0.0304770469666
36 0.0327730178833
38 0.0246150493622
40 0.0262138843536
42 0.0238552093506
44 0.0176599025726
46 0.0197470188141
48 0.0133280754089
50 0.0107288360596
52 0.00845313072205
54 0.00199198722839
