2 0.0721220970154
4 0.0655450820923
6 0.061194896698
8 0.109094142914
10 0.106742143631
12 0.107424020767
14 0.104223012924
16 0.107425928116
18 0.0810821056366
20 0.115055084229
22 0.0932600498199
24 0.0988368988037
26 0.126785039902
28 0.124603033066
30 0.124583005905
32 0.12544798851
34 0.112853050232
36 0.120974063873
38 0.116894006729
40 0.123313188553
42 0.118814945221
44 0.115746974945
46 0.119616031647
48 0.115722179413
50 0.128690004349
52 0.125180006027
54 0.126183986664
56 0.13174200058
58 0.128447055817
60 0.12295293808
62 0.114977121353
64 0.120667934418
66 0.130223989487
68 0.140449047089
70 0.131235837936
72 0.126624822617
74 0.135113954544
76 0.166113138199
78 0.134621143341
80 0.145375013351
82 0.124264001846
84 0.126870155334
