2 0.0234041213989
4 0.0330491065979
6 0.0355460643768
8 0.0544860363007
10 0.0562300682068
12 0.0549929141998
14 0.0553591251373
16 0.0555341243744
18 0.0602321624756
20 0.0692820549011
22 0.0661728382111
24 0.071750164032
26 0.0932199954987
28 0.0905480384827
30 0.0751640796661
32 0.0757458209991
34 0.0695109367371
36 0.0701839923859
38 0.0675148963928
40 0.0627598762512
42 0.0660519599915
44 0.0589628219604
46 0.079665184021
48 0.0733199119568
50 0.048287153244
52 0.0500087738037
54 0.0422029495239
56 0.0416209697723
58 0.0463259220123
60 0.0358419418335
62 0.0498249530792
64 0.0405931472778
66 0.0317060947418
68 0.0345180034637
70 0.0295951366425
72 0.0356659889221
74 0.0306220054626
76 0.0259261131287
78 0.0335900783539
80 0.0323770046234
82 0.0246829986572
84 0.0269219875336
86 0.00413393974304
88 0.00195717811584
