2 0.0836191177368
4 0.0742971897125
6 0.0679929256439
8 0.0691609382629
10 0.0713880062103
12 0.082319021225
14 0.08487200737
16 0.084193944931
18 0.076103925705
20 0.0832750797272
22 0.0809700489044
24 0.0872280597687
26 0.0770900249481
28 0.0780239105225
30 0.0755090713501
32 0.0766839981079
34 0.0725858211517
36 0.0714888572693
38 0.0689239501953
40 0.0623731613159
42 0.0596311092377
44 0.0552749633789
46 0.0627110004425
48 0.0536448955536
50 0.0503311157227
52 0.0530171394348
54 0.0489230155945
56 0.0456078052521
58 0.0442469120026
60 0.0402171611786
62 0.0501461029053
64 0.0438921451569
66 0.0319449901581
68 0.0335988998413
70 0.0264451503754
72 0.0468339920044
74 0.0253040790558
76 0.0317130088806
78 0.026437997818
80 0.0200588703156
82 0.0147218704224
84 0.0159969329834
86 0.0103089809418
88 0.0142900943756
90 0.0108530521393
92 0.00623512268066
94 0.00562715530396
96 0.00413203239441
98 0.00356101989746
100 0.00209283828735
