5 0.143771886826
10 0.188024997711
15 0.250256061554
20 0.312309980392
25 0.379148960114
30 0.422147035599
35 0.479349136353
40 0.458975076675
45 0.49555182457
50 0.452605962753
55 0.422781944275
60 0.382541894913
65 0.384053945541
70 0.354424953461
75 0.295126914978
80 0.27093911171
85 0.246372938156
90 0.218940019608
95 0.228556156158
100 0.206512928009
105 0.165760993958
110 0.157404899597
115 0.137032032013
120 0.111348867416
125 0.0975019931793
130 0.0917749404907
135 0.0821859836578
140 0.0787060260773
145 0.062422990799
150 0.0557160377502
155 0.0504701137543
160 0.0429141521454
165 0.0429191589355
170 0.0336329936981
175 0.0316898822784
180 0.0261890888214
185 0.0207710266113
190 0.0206520557404
195 0.0119740962982
200 0.00271797180176
