2 0.0954558849335
4 0.10945892334
6 0.106683015823
8 0.113660812378
10 0.121874094009
12 0.133590936661
14 0.135350942612
16 0.139800786972
18 0.148427009583
20 0.155912876129
22 0.163860082626
24 0.176669836044
26 0.184319972992
28 0.189026117325
30 0.193117856979
32 0.202304840088
34 0.207875013351
36 0.217204093933
38 0.220267057419
40 0.23964214325
42 0.231960058212
44 0.242337942123
46 0.249398946762
48 0.242052078247
50 0.236664056778
52 0.2479429245
54 0.242532968521
56 0.244955062866
58 0.248820781708
60 0.26025390625
62 0.252013921738
64 0.242418050766
66 0.252064943314
68 0.247577905655
70 0.256147861481
72 0.250600814819
74 0.250087022781
76 0.24275803566
78 0.239911079407
80 0.246944904327
82 0.236639976501
84 0.251075983047
86 0.255964994431
88 0.261208057404
