10 21.1248409748
20 22.6975178719
30 24.8104050159
40 27.2896430492
50 30.4590289593
60 32.9342617989
70 35.8019349575
80 38.6044659615
90 41.6089479923
100 43.7166340351
110 47.9668500423
120 51.0906090736
130 50.964605093
140 51.2574210167
150 52.4263699055
160 51.7358210087
170 48.6984860897
180 54.8913009167
190 50.2356929779
200 52.4554998875
210 53.9554898739
220 54.93145895
230 53.0112140179
240 50.2539038658
250 53.0203080177
260 54.280039072
270 52.2255558968
280 48.084086895
290 51.8949079514
300 53.7023091316
310 50.9790039062
320 56.0870280266
330 54.3645529747
340 51.3373470306
350 52.4158551693
360 52.4448459148
370 51.3653798103
380 51.8555750847
390 56.8977849483
400 46.7605910301
410 53.0573089123
420 53.5814061165
430 54.3255810738
440 54.9174420834
450 54.1661381721
460 50.6705198288
470 56.2870311737
480 53.5267739296
490 52.1561529636
500 53.7333500385
510 52.9353880882
520 55.2218010426
530 53.6275129318
540 51.6413488388
550 54.3994629383
560 50.008491993
570 52.7945370674
580 49.6695230007
