2 0.125566005707
4 0.111697912216
6 0.10204911232
8 0.114497900009
10 0.105645895004
12 0.108200073242
14 0.111507892609
16 0.113601922989
18 0.118402004242
20 0.129107952118
22 0.135577917099
24 0.154134988785
26 0.157301902771
28 0.158802032471
30 0.154467105865
32 0.162134170532
34 0.165459156036
36 0.17160820961
38 0.181095838547
40 0.180243968964
42 0.191534996033
44 0.192226171494
46 0.182792901993
48 0.188431978226
50 0.187972068787
52 0.187301874161
54 0.180534124374
56 0.190136909485
58 0.182291984558
60 0.198674201965
62 0.194452047348
64 0.184563159943
66 0.182847976685
68 0.188949108124
70 0.201279878616
72 0.1876039505
74 0.188779830933
76 0.193145036697
78 0.191152095795
