2 0.0246019363403
4 0.0354778766632
6 0.0383670330048
8 0.0584089756012
10 0.0492579936981
12 0.0580971240997
14 0.0676889419556
16 0.0689702033997
18 0.0715818405151
20 0.108570098877
22 0.0820639133453
24 0.0865271091461
26 0.096568107605
28 0.0885169506073
30 0.117166042328
32 0.0893888473511
34 0.0949418544769
36 0.0935258865356
38 0.0908679962158
40 0.0962629318237
42 0.0788469314575
44 0.0850789546967
46 0.0822649002075
48 0.0773050785065
50 0.0725390911102
52 0.0645368099213
54 0.0604829788208
56 0.0687398910522
58 0.0595412254333
60 0.0537061691284
62 0.0725750923157
64 0.0664069652557
66 0.0452060699463
68 0.0471339225769
70 0.0410511493683
72 0.0429379940033
74 0.0368959903717
76 0.0350301265717
78 0.0418357849121
80 0.0361061096191
82 0.0316691398621
84 0.0342419147491
86 0.0288701057434
88 0.0285031795502
90 0.0311748981476
92 0.0262439250946
94 0.0302259922028
96 0.0257089138031
98 0.00204205513
