2 0.0829381942749
4 0.0664939880371
6 0.0680220127106
8 0.0707991123199
10 0.0706658363342
12 0.0759658813477
14 0.0998349189758
16 0.102365970612
18 0.0868818759918
20 0.0979988574982
22 0.0992481708527
24 0.110785961151
26 0.11784696579
28 0.11865401268
30 0.155957937241
32 0.15961098671
34 0.129673957825
36 0.131161928177
38 0.135820150375
40 0.141974925995
42 0.142470121384
44 0.140738964081
46 0.18029499054
48 0.182460784912
50 0.133775949478
52 0.136567831039
54 0.13522195816
56 0.139966011047
58 0.137321949005
60 0.139713048935
62 0.14523100853
64 0.145102977753
66 0.130857944489
68 0.141287088394
70 0.148733139038
72 0.141216039658
74 0.142814874649
76 0.151391029358
78 0.144501209259
80 0.135185003281
82 0.136749982834
84 0.139223098755
86 0.142638921738
88 0.145727872849
90 0.150813102722
