2 0.110512971878
4 0.0943858623505
6 0.0835320949554
8 0.086149930954
10 0.0713350772858
12 0.117964029312
14 0.113523006439
16 0.104375123978
18 0.0703041553497
20 0.0750811100006
22 0.0697112083435
24 0.0866041183472
26 0.0821599960327
28 0.0671200752258
30 0.0684599876404
32 0.0622072219849
34 0.0724129676819
36 0.0556330680847
38 0.0508799552917
40 0.0522470474243
42 0.0462720394135
44 0.0574419498444
46 0.0509269237518
48 0.0392029285431
50 0.032261133194
52 0.0347371101379
54 0.0288980007172
56 0.025542974472
58 0.0263550281525
60 0.0321869850159
62 0.0223820209503
64 0.0199949741364
66 0.0178520679474
68 0.0113039016724
70 0.00929307937622
72 0.0019998550415
