2 0.0724711418152
4 0.0676350593567
6 0.0612609386444
8 0.0618720054626
10 0.0685210227966
12 0.0690901279449
14 0.0786488056183
16 0.0796740055084
18 0.080549955368
20 0.089558839798
22 0.0932989120483
24 0.101927042007
26 0.101529121399
28 0.114020109177
30 0.106815099716
32 0.110586166382
34 0.107663154602
36 0.117201089859
38 0.111553192139
40 0.13955616951
42 0.119848012924
44 0.111000061035
46 0.132843971252
48 0.132761001587
50 0.118231058121
52 0.139143943787
54 0.128653049469
56 0.120293140411
58 0.1174929142
60 0.124768972397
62 0.12623500824
64 0.130962848663
66 0.125221014023
68 0.130929946899
70 0.12667798996
72 0.118635177612
74 0.11993098259
76 0.132380008698
78 0.1277821064
80 0.113588094711
82 0.11866402626
84 0.113033771515
