2 0.0939390659332
4 0.0804300308228
6 0.0694909095764
8 0.073194026947
10 0.0653028488159
12 0.0689611434937
14 0.0647759437561
16 0.0596067905426
18 0.0607509613037
20 0.0636858940125
22 0.0585172176361
24 0.0596439838409
26 0.0538790225983
28 0.052020072937
30 0.0564649105072
32 0.050087928772
34 0.0432369709015
36 0.047828912735
38 0.0372719764709
40 0.038055896759
42 0.0393559932709
44 0.0281817913055
46 0.0300199985504
48 0.026731967926
50 0.0207118988037
52 0.0228049755096
54 0.0179347991943
56 0.0142831802368
58 0.0122828483582
60 0.0131101608276
62 0.00199103355408
