10 0.455054998398
20 1.08616900444
30 1.84978413582
40 2.76640796661
50 3.36964797974
60 3.92663288116
70 4.37545895576
80 4.82613801956
90 4.44074583054
100 5.03898787498
110 4.7784280777
120 5.17530894279
130 4.78769183159
140 5.06528806686
150 5.30257606506
160 5.0846350193
170 5.33608293533
180 5.04861807823
190 5.01742601395
200 5.00212693214
210 5.19920110703
220 4.98379707336
230 4.82484197617
240 4.87279105186
250 5.19176006317
260 5.19175887108
270 5.37061905861
280 5.64655208588
290 5.05756092072
300 4.9468767643
310 4.97784090042
320 5.34569311142
330 5.32326579094
340 5.14332509041
