2 0.0531730651855
4 0.0524718761444
6 0.0381708145142
8 0.0411062240601
10 0.0359480381012
12 0.0483839511871
14 0.0443971157074
16 0.036808013916
18 0.0397369861603
20 0.0448760986328
22 0.0415360927582
24 0.0462899208069
26 0.0406789779663
28 0.0356559753418
30 0.0385508537292
32 0.0312738418579
34 0.0293090343475
36 0.0314309597015
38 0.0347521305084
40 0.028135061264
42 0.0300090312958
44 0.0250909328461
46 0.0218849182129
48 0.0209398269653
50 0.0222089290619
52 0.0182659626007
54 0.0176341533661
56 0.0159111022949
58 0.018482208252
60 0.00183892250061
