20 5.75815010071
40 15.8211147785
60 26.7363679409
80 34.8805110455
100 41.0087018013
120 44.1751279831
140 46.357542038
160 45.6946108341
180 45.0886790752
200 49.0851340294
220 48.5671701431
240 48.0277049541
260 50.6667859554
280 52.1856100559
300 53.2000131607
320 51.0163149834
340 54.2378530502
360 53.8538959026
380 55.3845319748
400 58.2460069656
420 58.8654820919
440 59.4579639435
460 60.5790657997
480 61.101639986
500 60.9898269176
520 64.172110796
540 64.5504770279
560 66.9163448811
580 65.7577900887
600 69.7440781593
620 71.3631839752
640 70.9948880672
660 72.2847979069
680 74.6332349777
700 76.8498389721
720 77.0313911438
740 78.1156198978
760 80.0400948524
