2 0.148022890091
4 0.117407083511
6 0.106467008591
8 0.103217124939
10 0.103337049484
12 0.0988337993622
14 0.107612848282
16 0.106184005737
18 0.105237960815
20 0.108926057816
22 0.108561992645
24 0.111271858215
26 0.107475042343
28 0.115526914597
30 0.108822822571
32 0.106091022491
34 0.100230932236
36 0.0996811389923
38 0.0969278812408
40 0.0938229560852
42 0.0931799411774
44 0.0828289985657
46 0.0854029655457
48 0.0775890350342
50 0.0778529644012
52 0.074126958847
54 0.0708060264587
56 0.0690248012543
58 0.0646729469299
60 0.0611209869385
62 0.0583159923553
64 0.0513050556183
66 0.0479209423065
68 0.0848159790039
70 0.042151927948
72 0.0864400863647
74 0.0809321403503
76 0.0720949172974
78 0.0498149394989
80 0.0441501140594
82 0.0260000228882
84 0.0275831222534
86 0.0243628025055
88 0.0282468795776
90 0.0231809616089
92 0.0132029056549
94 0.0138919353485
96 0.00209903717041
