2 0.0962729454041
4 0.0685701370239
6 0.0612680912018
8 0.061742067337
10 0.0684010982513
12 0.0647709369659
14 0.0715110301971
16 0.0723180770874
18 0.0770978927612
20 0.0872740745544
22 0.0895991325378
24 0.0985360145569
26 0.0929410457611
28 0.0936379432678
30 0.102846860886
32 0.0965459346771
34 0.0956540107727
36 0.0977320671082
38 0.0917890071869
40 0.088907957077
42 0.0835418701172
44 0.0879080295563
46 0.0793681144714
48 0.074070930481
50 0.0741600990295
52 0.0684728622437
54 0.0642061233521
56 0.0634489059448
58 0.0587470531464
60 0.0590679645538
62 0.0565710067749
64 0.0497369766235
66 0.0511479377747
68 0.0450220108032
70 0.0416829586029
72 0.0435569286346
74 0.0371630191803
76 0.0363130569458
78 0.0380589962006
80 0.0325901508331
82 0.0313048362732
84 0.0360250473022
86 0.0290770530701
88 0.0273761749268
90 0.0304760932922
92 0.0277888774872
94 0.0297219753265
96 0.0241088867188
98 0.0264151096344
100 0.0020899772644
