2 0.0634770393372
4 0.0853309631348
6 0.0468809604645
8 0.08189702034
10 0.072135925293
12 0.0673458576202
14 0.0748729705811
16 0.0688481330872
18 0.0459651947021
20 0.046767950058
22 0.0496549606323
24 0.0440549850464
26 0.0391581058502
28 0.0412499904633
30 0.0347909927368
32 0.034285068512
34 0.0421130657196
36 0.0301020145416
38 0.0281229019165
40 0.025799036026
42 0.0267820358276
44 0.0291781425476
46 0.0261509418488
48 0.0152308940887
50 0.0185341835022
52 0.0115189552307
54 0.01069688797
56 0.0088939666748
58 0.00767111778259
60 0.0106780529022
62 0.00519990921021
64 0.00445103645325
66 0.00333189964294
68 0.00193619728088
