10 0.721577882767
20 1.80960512161
30 3.21209001541
40 4.93528795242
50 6.16944789886
60 7.73270916939
70 8.62431001663
80 9.04821896553
90 10.3107328415
100 10.4683580399
110 11.1573178768
120 11.4275419712
130 10.6511831284
140 10.9329102039
150 10.2161948681
160 10.4689869881
170 10.4452698231
180 10.7662160397
190 10.7902121544
200 11.6203839779
210 11.3982899189
220 11.1509740353
230 10.5197169781
240 10.4275507927
250 11.5847299099
260 11.0754189491
270 11.2129030228
280 10.7675440311
290 11.3539478779
300 10.8939881325
310 10.9642620087
320 10.2040920258
330 11.0060851574
340 11.4501049519
350 11.2291798592
360 10.3883881569
370 11.5858519077
380 10.650190115
390 11.4419500828
400 10.4078829288
410 11.2982058525
420 10.8755130768
430 11.1419448853
440 11.5169398785
