2 0.129901885986
4 0.184906005859
6 0.0914351940155
8 0.165531873703
10 0.184223175049
12 0.177979946136
14 0.143527984619
16 0.137049913406
18 0.0915670394897
20 0.0967969894409
22 0.0907850265503
24 0.104965925217
26 0.0892059803009
28 0.0946531295776
30 0.0857038497925
32 0.0860528945923
34 0.0823309421539
36 0.0819292068481
38 0.0787491798401
40 0.074285030365
42 0.0730168819427
44 0.070161819458
46 0.0644559860229
48 0.0607080459595
50 0.0566987991333
52 0.0568318367004
54 0.0515758991241
56 0.0519540309906
58 0.0486128330231
60 0.0446650981903
62 0.0456459522247
64 0.0383501052856
66 0.0367600917816
68 0.0291640758514
70 0.0316019058228
72 0.0253479480743
74 0.0234849452972
76 0.019944190979
78 0.0254390239716
80 0.0193700790405
82 0.0127189159393
84 0.0103678703308
86 0.00210785865784
