20 5.6156129837
40 16.8808038235
60 29.3330740929
80 40.9765532017
100 49.4243061543
120 53.2922151089
140 55.5471451283
160 58.5170340538
180 60.9441931248
200 54.794891119
220 58.5690701008
240 61.3332509995
260 59.2509391308
280 62.0739748478
300 56.869011879
320 59.2316350937
340 58.7673780918
360 58.9863519669
380 59.3661038876
400 58.0518670082
420 62.497800827
440 60.3712949753
460 61.9452550411
480 53.5313818455
500 59.3157439232
520 57.3942680359
540 58.855880022
560 56.4195539951
580 57.6526710987
600 65.7915558815
620 60.4779651165
640 57.6097421646
660 57.2452280521
680 56.566024065
700 57.1731801033
720 57.5050251484
740 58.3999390602
760 57.5737128258
