2 0.0646350383759
4 0.0606379508972
6 0.133139133453
8 0.131000995636
10 0.0592601299286
12 0.0973091125488
14 0.0917949676514
16 0.101337909698
18 0.0663769245148
20 0.115101099014
22 0.130505084991
24 0.131532907486
26 0.112429141998
28 0.11212182045
30 0.11146903038
32 0.112348079681
34 0.0902380943298
36 0.0856649875641
38 0.0901629924774
40 0.101284980774
42 0.0961499214172
44 0.104594945908
46 0.103083848953
48 0.104824066162
50 0.0972230434418
52 0.0898649692535
54 0.103893041611
56 0.0992250442505
58 0.0941498279572
60 0.103760957718
62 0.113265991211
64 0.0928699970245
66 0.106019020081
68 0.09921002388
70 0.0925068855286
72 0.0917339324951
74 0.0957939624786
