10 0.703524827957
20 1.5120651722
30 2.6271572113
40 3.99721598625
50 5.02476906776
60 6.1986451149
70 7.13862800598
80 8.07771110535
90 8.13220310211
100 8.43498706818
110 8.33397102356
120 7.6762611866
130 7.70262408257
140 6.03158211708
150 6.88708400726
160 6.17533993721
170 5.84839391708
180 5.14950203896
190 4.84684109688
200 4.36372804642
210 4.41305994987
220 3.85611891747
230 3.60904288292
240 3.07752299309
250 2.60909509659
260 2.59665799141
270 2.13608694077
280 1.81556200981
290 1.62834906578
300 1.34441804886
310 1.1458799839
320 1.02031683922
330 0.845131158829
340 0.766885995865
350 0.608259916306
360 0.517771959305
370 0.431669950485
380 0.348539829254
390 0.304594993591
400 0.238881826401
410 0.197912931442
420 0.166730880737
430 0.141701936722
440 0.124560117722
450 0.115741014481
460 0.00345206260681
