20 4.97561097145
40 13.9697492123
60 22.3814761639
80 29.0372209549
100 29.9800159931
120 30.3619520664
140 28.5528218746
160 25.0783138275
180 23.0163738728
200 20.307434082
220 18.268021822
240 15.50446105
260 13.8891808987
280 12.2780809402
300 10.8376879692
320 8.98780703545
340 8.27936601639
360 6.67863488197
380 6.38091301918
400 5.13041090965
420 4.13935184479
440 3.37586688995
460 2.87977099419
480 2.17315196991
500 1.94285416603
520 1.45745396614
540 1.09632492065
560 0.831424951553
580 0.603088140488
600 0.397337913513
620 0.279329776764
640 0.192546129227
660 0.120203018188
680 0.0772860050201
700 0.0456030368805
720 0.024092912674
740 0.00499582290649
