2 0.100857019424
4 0.082160949707
6 0.0760500431061
8 0.0698230266571
10 0.0683841705322
12 0.07958984375
14 0.0662879943848
16 0.0703358650208
18 0.0681979656219
20 0.0669369697571
22 0.0610959529877
24 0.0645878314972
26 0.0622079372406
28 0.0667250156403
30 0.0610659122467
32 0.0500140190125
34 0.0473279953003
36 0.0487129688263
38 0.0416390895844
40 0.0536839962006
42 0.0468049049377
44 0.0365431308746
46 0.0289018154144
48 0.0280859470367
50 0.0250859260559
52 0.0268700122833
54 0.0206861495972
56 0.0257661342621
58 0.0221791267395
60 0.0134551525116
62 0.0190930366516
64 0.0124409198761
66 0.00217914581299
