20 4.59607601166
40 12.703138113
60 22.7274391651
80 31.0593969822
100 36.9269518852
120 39.99990201
140 41.0493459702
160 40.8866450787
180 42.5750908852
200 40.006278038
220 39.5241229534
240 41.3843939304
260 40.8146119118
280 42.3688671589
300 41.6163549423
320 41.8886950016
340 40.7680048943
360 41.7831349373
380 39.1623060703
400 40.0071671009
420 41.4908680916
440 41.6313948631
460 38.8098800182
480 41.6864030361
500 42.6435668468
520 41.8647150993
540 40.6706910133
560 45.1482400894
580 39.1321930885
600 44.390034914
620 42.2732329369
640 42.8407280445
660 39.9868400097
680 41.1538589001
