20 5.91184997559
40 14.4358069897
60 26.4280498028
80 37.3067660332
100 48.1152911186
120 53.4703719616
140 58.8462750912
160 59.6893808842
180 56.8144860268
200 51.924795866
220 50.4884052277
240 49.8861670494
260 42.1869060993
280 40.4542031288
300 37.6505639553
320 35.4153370857
340 32.187638998
360 29.7425839901
380 31.1639561653
400 27.2286789417
420 24.775231123
440 22.9184091091
460 21.9405841827
480 17.2897830009
500 15.6957859993
520 13.219591856
540 10.5088539124
560 9.8803088665
580 8.07543611526
600 6.7087829113
620 5.74974107742
640 4.88227701187
660 3.77965903282
680 2.91167783737
700 2.40669703484
720 1.89543890953
740 1.3134829998
760 1.01123714447
780 0.748463869095
800 0.549408912659
820 0.389285802841
840 0.296091794968
860 0.227406024933
880 0.00493311882019
