20 4.80661010742
40 12.8005480766
60 21.045345068
80 29.9533638954
100 33.9987840652
120 35.8668839931
140 35.529335022
160 35.9581041336
180 38.8515028954
200 37.8242099285
220 39.3662350178
240 41.1655471325
260 40.4137790203
280 40.8389201164
300 42.1192770004
320 41.4480040073
340 43.2768030167
360 44.1111159325
380 45.7256000042
400 46.8435778618
420 49.323153019
440 48.0773890018
460 50.0779819489
480 51.9019989967
500 52.6460471153
520 51.934360981
540 54.2576508522
560 56.4355700016
580 58.0836408138
600 57.0725719929
620 61.0433239937
640 58.8252270222
660 60.0089528561
680 61.7788391113
700 63.5850839615
