2 0.0842909812927
4 0.071610212326
6 0.0619139671326
8 0.0604689121246
10 0.0577690601349
12 0.0595140457153
14 0.0551581382751
16 0.0510931015015
18 0.0498859882355
20 0.0521838665009
22 0.0459520816803
24 0.0426020622253
26 0.0410089492798
28 0.0430810451508
30 0.0407919883728
32 0.034117937088
34 0.0324399471283
36 0.0375781059265
38 0.0265769958496
40 0.0230979919434
42 0.0331308841705
44 0.0266151428223
46 0.024178981781
48 0.0191869735718
50 0.0120549201965
52 0.00950598716736
54 0.00198602676392
