20 5.64114499092
40 15.1327080727
60 23.2296569347
80 30.0403449535
100 31.6871669292
120 29.6804659367
140 29.9232521057
160 25.912334919
180 24.2846121788
200 22.865254879
220 22.1085908413
240 20.0608608723
260 19.8293039799
280 17.3776159286
300 16.5358459949
320 15.5058670044
340 14.3443770409
360 13.2545461655
380 12.5950739384
400 11.1641359329
420 9.91033315659
440 8.34993696213
460 6.92095589638
480 5.97131705284
500 4.99346399307
520 4.03697395325
540 3.39208292961
560 2.71557188034
580 2.14453816414
600 1.62930297852
620 1.29838705063
640 0.906955003738
660 0.69173002243
680 0.477316856384
700 0.320848941803
720 0.202978849411
740 0.124308109283
760 0.0695018768311
780 0.00479006767273
