2 0.0670759677887
4 0.0617949962616
6 0.0551629066467
8 0.0598919391632
10 0.0750770568848
12 0.0623800754547
14 0.0735158920288
16 0.0639500617981
18 0.06977891922
20 0.0751640796661
22 0.0785009860992
24 0.0750870704651
26 0.0834238529205
28 0.0891630649567
30 0.0887939929962
32 0.0845680236816
34 0.0895140171051
36 0.0868909358978
38 0.0863838195801
40 0.0883860588074
42 0.0949928760529
44 0.0900809764862
46 0.0944728851318
48 0.0922420024872
50 0.093701839447
52 0.0988421440125
54 0.102632045746
56 0.0981509685516
58 0.0926468372345
60 0.0916140079498
62 0.0954151153564
64 0.0908319950104
66 0.0938398838043
68 0.0884160995483
70 0.0889430046082
72 0.0964798927307
74 0.094898223877
