5 1.26508617401
10 1.34358906746
15 1.49415612221
20 1.64784002304
25 1.80501198769
30 1.98922514915
35 2.23934078217
40 2.42837715149
45 2.54859185219
50 2.79753804207
55 3.00618815422
60 3.22492909431
65 3.53528809547
70 3.55433797836
75 3.35077095032
80 3.81274199486
85 3.66009187698
90 3.62242698669
95 3.77486395836
100 3.67724013329
105 4.02476000786
110 3.75768494606
115 3.98430204391
120 3.92325496674
125 3.77769804001
130 3.93996596336
135 4.1421880722
140 3.92463612556
145 3.73553991318
150 3.9610080719
155 4.08423995972
160 3.96514391899
165 3.81385397911
170 3.89611983299
175 4.02679610252
180 4.05721998215
185 4.20132780075
190 3.92474198341
195 3.97527194023
200 4.37036800385
205 3.53537797928
210 3.86747479439
215 4.0040678978
220 3.72724103928
225 3.63256597519
230 3.91374397278
235 3.85614013672
240 4.28261995316
