2 0.085431098938
4 0.0780329704285
6 0.0628998279572
8 0.0624299049377
10 0.0572061538696
12 0.0597951412201
14 0.0527579784393
16 0.053328037262
18 0.0570740699768
20 0.0508990287781
22 0.0524258613586
24 0.049742937088
26 0.0468158721924
28 0.0449249744415
30 0.042897939682
32 0.0356199741364
34 0.0334661006927
36 0.0474441051483
38 0.0291519165039
40 0.0301089286804
42 0.0240941047668
44 0.0329630374908
46 0.0267398357391
48 0.0203878879547
50 0.0173418521881
52 0.0118899345398
54 0.00974798202515
56 0.0019359588623
