20 8.54305315018
40 25.3380520344
60 47.5505077839
80 66.2961461544
100 80.6629900932
120 93.1050460339
140 105.371702909
160 103.233686924
180 96.9124310017
200 99.8586030006
220 103.375370979
240 110.281391144
260 108.824108124
280 102.414792061
300 103.69333601
320 107.215204
340 103.058137894
360 110.809527874
380 107.865741014
400 103.868422985
420 102.73120594
440 102.526241064
460 104.787278891
480 115.264539957
500 104.95509696
520 102.839397192
540 109.582131147
560 108.749042988
580 107.663399935
600 108.339776993
620 110.002085209
640 109.001348019
660 102.010925055
680 107.799956083
700 102.974676132
720 107.197130203
740 100.630212069
760 104.778897047
780 97.5074849129
800 110.429853916
820 107.114444971
840 104.753125906
860 103.388319016
880 103.956478119
900 107.094715118
920 103.917492867
