2 0.0776779651642
4 0.0673739910126
6 0.0580260753632
8 0.0517191886902
10 0.0528700351715
12 0.0555238723755
14 0.0562169551849
16 0.0592401027679
18 0.0633010864258
20 0.0708448886871
22 0.0735650062561
24 0.0807700157166
26 0.0771868228912
28 0.0740020275116
30 0.0832731723785
32 0.0742738246918
34 0.0694148540497
36 0.0705449581146
38 0.063905954361
40 0.0611228942871
42 0.0734710693359
44 0.0592629909515
46 0.0639700889587
48 0.0567879676819
50 0.047553062439
52 0.0482041835785
54 0.0449929237366
56 0.0401260852814
58 0.0530848503113
60 0.0368709564209
62 0.038162946701
64 0.0392220020294
66 0.030149936676
68 0.0326731204987
70 0.0278651714325
72 0.0299360752106
74 0.028412103653
76 0.0316309928894
78 0.0272290706635
80 0.0222551822662
82 0.0249419212341
84 0.0234379768372
86 0.00197792053223
