2 0.0689160823822
4 0.0690619945526
6 0.0571660995483
8 0.0540268421173
10 0.0530989170074
12 0.0645000934601
14 0.0611839294434
16 0.0533840656281
18 0.0543599128723
20 0.0702590942383
22 0.0576159954071
24 0.0584619045258
26 0.0541200637817
28 0.0595779418945
30 0.0497860908508
32 0.0477328300476
34 0.0440101623535
36 0.0446100234985
38 0.0382089614868
40 0.048887014389
42 0.042417049408
44 0.0363748073578
46 0.03830909729
48 0.0315179824829
50 0.0256199836731
52 0.0272240638733
54 0.0210700035095
56 0.0238380432129
58 0.0248560905457
60 0.0182530879974
62 0.0176239013672
64 0.0105919837952
66 0.0093948841095
68 0.0124349594116
70 0.007080078125
72 0.00676083564758
74 0.00508999824524
76 0.0040020942688
78 0.00188612937927
