2 0.0622289180756
4 0.0565810203552
6 0.0504860877991
8 0.055116891861
10 0.0510489940643
12 0.0565011501312
14 0.053827047348
16 0.0559720993042
18 0.062803030014
20 0.0611639022827
22 0.0653831958771
24 0.0711371898651
26 0.0796148777008
28 0.0760359764099
30 0.0788810253143
32 0.0768220424652
34 0.0703120231628
36 0.079127073288
38 0.0743021965027
40 0.0752937793732
42 0.074933052063
44 0.0816659927368
46 0.072881937027
48 0.0742700099945
50 0.0758278369904
52 0.0786180496216
54 0.0714311599731
56 0.078143119812
58 0.0868389606476
60 0.0786771774292
62 0.106142044067
64 0.102732896805
66 0.0760660171509
