2 0.0236899852753
4 0.0332179069519
6 0.0347199440002
8 0.0439240932465
10 0.0477011203766
12 0.0546579360962
14 0.0521969795227
16 0.0567109584808
18 0.061262845993
20 0.0834670066833
22 0.0673060417175
24 0.0863521099091
26 0.0725150108337
28 0.0905508995056
30 0.0868060588837
32 0.0815689563751
34 0.0718491077423
36 0.0678811073303
38 0.0691390037537
40 0.0631968975067
42 0.0606889724731
44 0.0733578205109
46 0.0591068267822
48 0.0586268901825
50 0.0498991012573
52 0.0510518550873
54 0.0439620018005
56 0.0432770252228
58 0.0551249980927
60 0.0412240028381
62 0.0475370883942
64 0.0417017936707
66 0.0347681045532
68 0.0353119373322
70 0.034049987793
72 0.0289850234985
74 0.027419090271
76 0.0308020114899
78 0.0300450325012
80 0.0246448516846
82 0.0241379737854
84 0.0271780490875
86 0.0235710144043
88 0.00197696685791
