20 6.26793122292
40 17.6457409859
60 32.0317368507
80 47.0531899929
100 59.5594749451
120 73.6246819496
140 78.6158840656
160 82.6875329018
180 80.2682261467
200 75.105287075
220 77.2683768272
240 67.7931339741
260 67.913615942
280 57.4916491508
300 58.6208770275
320 50.5479040146
340 50.3144271374
360 50.0432908535
380 47.4545919895
400 42.0187778473
420 39.5902819633
440 36.569945097
460 36.4532620907
480 32.4724719524
500 29.1346218586
520 29.5048699379
540 23.8402109146
560 20.6737399101
580 18.5297679901
600 15.5189430714
620 12.8133950233
640 12.020690918
660 9.46625089645
680 8.19415783882
700 7.04267215729
720 5.79598999023
740 5.01955199242
760 3.75099611282
780 3.17135500908
800 2.41041183472
820 1.90839099884
840 1.46940207481
860 1.09592103958
880 0.816186904907
900 0.600271224976
920 0.449990034103
940 0.341624975204
960 0.268139123917
980 0.00519394874573
