5 0.1901948452
10 0.182215929031
15 0.213669061661
20 0.267383098602
25 0.293060064316
30 0.311470031738
35 0.316447019577
40 0.310707807541
45 0.308242082596
50 0.292011976242
55 0.273313999176
60 0.258340120316
65 0.22745513916
70 0.221603155136
75 0.215823888779
80 0.182145833969
85 0.166635990143
90 0.147089958191
95 0.136579036713
100 0.115387916565
105 0.103473186493
110 0.0959069728851
115 0.0866229534149
120 0.0736179351807
125 0.0644071102142
130 0.0619368553162
135 0.0596680641174
140 0.0410289764404
145 0.0399301052094
150 0.0287849903107
155 0.0206978321075
160 0.00244188308716
