20 7.11131596565
40 20.051142931
60 37.3024439812
80 50.116699934
100 66.915995121
120 74.479279995
140 74.9362339973
160 79.8243610859
180 74.436850071
200 76.3345720768
220 84.1595101357
240 78.6638908386
260 79.2944228649
280 76.381360054
300 77.4114220142
320 79.8270349503
340 76.796918869
360 78.7603280544
380 81.4165198803
400 78.7985830307
420 75.1578280926
440 76.9713921547
460 80.7529201508
480 76.0754239559
500 79.6834440231
520 80.2029340267
540 77.4754390717
560 83.4781877995
580 77.8606247902
600 82.2956111431
620 81.2119231224
640 77.9994139671
660 81.1730570793
680 79.9543731213
700 75.7854709625
720 83.1045160294
740 81.9593780041
760 78.8813920021
780 82.1904129982
800 80.8600101471
820 75.5226609707
840 78.0043711662
