20 91.2118239403
40 100.826394796
60 115.381025076
80 131.924659967
100 148.381958008
120 165.796974897
140 184.868006945
160 189.935599089
180 192.063806057
200 195.00068903
220 195.441808939
240 197.530066013
260 202.147634029
280 207.345113993
300 200.422933817
320 200.189233065
340 198.133911133
360 199.055372
380 209.61665082
400 202.527752161
420 192.157055855
440 201.440742016
460 203.753886938
480 196.944219112
500 210.87033391
520 205.880125999
540 206.660434008
560 200.042893887
580 190.716114044
600 198.981609106
620 190.652335167
640 189.065420866
660 192.93925786
680 189.92735815
700 200.194106102
720 213.343688011
740 201.075977087
760 202.821088076
780 200.403728008
800 201.499941111
820 197.397283077
840 195.368628025
860 205.755348206
880 201.003035069
900 199.689855099
920 185.561612844
