20 7.63703489304
40 19.2493979931
60 33.7111389637
80 50.677847147
100 64.5689558983
120 80.052134037
140 87.2411880493
160 89.3615479469
180 88.4860868454
200 86.5693969727
220 78.8697400093
240 74.9739360809
260 61.7363369465
280 67.1172389984
300 63.7865228653
320 58.1237800121
340 52.4025349617
360 51.6428768635
380 47.0828630924
400 47.8930780888
420 45.7228589058
440 40.2713968754
460 39.2906930447
480 33.8725800514
500 33.9319031239
520 30.7102878094
540 25.274723053
560 23.2130379677
580 20.8870279789
600 18.4822330475
620 16.3413481712
640 12.9052779675
660 11.7667050362
680 9.66319990158
700 8.23104286194
720 6.89099407196
740 5.92762494087
760 4.47573590279
780 3.87389302254
800 3.0489859581
820 2.43885803223
840 1.94900202751
860 1.47276806831
880 1.15678691864
900 0.794323921204
920 0.618579149246
940 0.443760871887
960 0.331043958664
980 0.266054153442
1000 0.00622391700745
