10 3.14978790283
20 3.63801002502
30 4.26347613335
40 5.00719714165
50 5.78018307686
60 6.49773788452
70 7.52472305298
80 8.18108296394
90 8.7858068943
100 8.9724779129
110 8.61410999298
120 9.35447692871
130 8.96289300919
140 9.53048396111
150 9.82022500038
160 9.48090696335
170 9.03025817871
180 8.99834012985
190 9.85227918625
200 9.8122420311
210 9.12454605103
220 9.34797811508
230 9.40284800529
240 8.45320320129
250 9.00874304771
260 8.43718791008
270 9.16429591179
280 9.04764008522
290 9.4395210743
300 9.38768291473
310 9.18687605858
320 9.1099550724
