20 77.774420023
40 89.514218092
60 102.900322199
80 119.41694808
100 134.884256124
120 149.80449605
140 159.17860508
160 173.42189908
180 171.873553991
200 172.40109992
220 174.717524052
240 178.112914085
260 177.333954096
280 165.673983097
300 166.925427914
320 185.024082899
340 183.293345928
360 174.265012026
380 189.652900934
400 176.276489973
420 180.202636003
440 180.293204069
460 179.319321871
480 168.774165869
500 170.528967142
520 174.98713994
540 177.972149849
560 176.928886175
580 172.290500164
600 177.931383133
620 173.384726048
640 181.183143139
660 179.570723057
680 181.117899179
700 174.939501047
720 181.761208057
740 165.084111929
760 160.745561123
780 170.431358099
800 174.220160007
820 181.542136908
840 173.931903124
860 174.433376789
880 177.186332941
