10 7.47359895706
20 8.44893503189
30 9.59485888481
40 11.027559042
50 11.8911719322
60 13.7905871868
70 15.2490239143
80 16.8803730011
90 17.4781038761
100 19.0109689236
110 20.107724905
120 20.262857914
130 20.6472969055
140 20.5233829021
150 20.1994960308
160 19.6184308529
170 20.9962060452
180 20.7051751614
190 20.5921478271
200 21.1094851494
210 19.5582849979
220 21.3064529896
230 19.6021511555
240 20.0929009914
250 18.9693489075
260 20.6404869556
270 20.1923699379
280 20.8718290329
290 20.6146728992
300 20.8724651337
310 19.2509012222
320 20.719807148
330 20.2877111435
340 20.4295458794
350 20.9446520805
360 19.8985648155
370 19.0301609039
380 20.3288881779
390 21.5967669487
400 19.4617679119
410 19.5082240105
420 21.2463560104
