5 0.257228136063
10 0.28789305687
15 0.355632066727
20 0.448932170868
25 0.538691043854
30 0.607331991196
35 0.671037912369
40 0.72815990448
45 0.731553077698
50 0.755740880966
55 0.727941989899
60 0.737097978592
65 0.652376890182
70 0.635288000107
75 0.543156862259
80 0.545378923416
85 0.519067049026
90 0.485153198242
95 0.439606904984
100 0.435311079025
105 0.399044036865
110 0.387197971344
115 0.363003015518
120 0.309240102768
125 0.281832933426
130 0.253554105759
135 0.227070093155
140 0.218835115433
145 0.193213224411
150 0.177176952362
155 0.146460056305
160 0.13382101059
165 0.115730047226
170 0.109935045242
175 0.0907170772552
180 0.0844769477844
185 0.0749850273132
190 0.0654239654541
195 0.051372051239
200 0.0423920154572
205 0.0334770679474
210 0.0311360359192
215 0.0185129642487
220 0.00274991989136
