10 3.79515385628
20 4.31639313698
30 5.08094286919
40 5.95718407631
50 6.90440988541
60 7.71678709984
70 8.77885890007
80 9.18477606773
90 10.1201269627
100 10.312556982
110 11.0351231098
120 10.3926839828
130 10.6155819893
140 10.8426449299
150 11.5305650234
160 10.6885259151
170 11.7836511135
180 11.5883569717
190 11.2971580029
200 10.6349318027
210 10.7036368847
220 11.0407710075
230 10.9775698185
240 10.3964409828
250 10.350014925
260 11.0018260479
270 10.471061945
280 11.7024488449
290 9.8903799057
300 11.2395160198
310 10.1788020134
320 11.2776558399
330 10.4782109261
340 11.220854044
