2 0.0667119026184
4 0.0491881370544
6 0.0516867637634
8 0.0458159446716
10 0.0420200824738
12 0.0703990459442
14 0.0667979717255
16 0.0620458126068
18 0.0480020046234
20 0.0522990226746
22 0.0502691268921
24 0.0654489994049
26 0.0609259605408
28 0.051812171936
30 0.0616178512573
32 0.056389093399
34 0.0445878505707
36 0.0468909740448
38 0.0479929447174
40 0.039046049118
42 0.0439369678497
44 0.038204908371
46 0.0347330570221
48 0.029139995575
50 0.0311989784241
52 0.024927854538
54 0.0248041152954
56 0.0308818817139
58 0.0259640216827
60 0.0273790359497
62 0.0266201496124
64 0.020868062973
66 0.0222301483154
68 0.0181798934937
70 0.0220391750336
72 0.00187802314758
