10 5.54218912125
20 6.20055508614
30 7.18679785728
40 8.14816880226
50 9.29105806351
60 10.331166029
70 11.5038950443
80 12.720277071
90 13.5331311226
100 14.4162540436
110 14.7840108871
120 15.8449649811
130 14.6977961063
140 14.7765500546
150 15.773088932
160 16.0928421021
170 15.5793008804
180 14.9623391628
190 15.4017820358
200 14.9513018131
210 14.3398630619
220 14.3322570324
230 15.2452630997
240 14.8523468971
250 15.0679030418
260 14.4455420971
270 16.1264200211
280 16.0269911289
290 14.3798599243
300 15.9595460892
310 15.3046228886
320 15.6522421837
330 14.7192878723
340 15.1033201218
350 16.0897550583
360 16.1724081039
370 15.0458347797
380 15.5686690807
