2 0.0859498977661
4 0.0812208652496
6 0.0695199966431
8 0.068727016449
10 0.0720529556274
12 0.0860631465912
14 0.076495885849
16 0.0828909873962
18 0.0792820453644
20 0.0821149349213
22 0.088681936264
24 0.0915517807007
26 0.091737985611
28 0.0973072052002
30 0.104856967926
32 0.102113008499
34 0.106646060944
36 0.10275387764
38 0.103850841522
40 0.10281419754
42 0.101647138596
44 0.104691982269
46 0.105966091156
48 0.103734970093
50 0.105343818665
52 0.10386800766
54 0.0988311767578
56 0.107392072678
58 0.103150129318
60 0.10271692276
