5 0.410948991776
10 0.45701789856
15 0.514089107513
20 0.592558145523
25 0.665749073029
30 0.738934993744
35 0.918251991272
40 0.971400976181
45 0.974786996841
50 1.0795340538
55 1.14085221291
60 1.12897396088
65 1.16935610771
70 1.19171380997
75 1.32035684586
80 1.24422693253
85 1.26640295982
90 1.37546801567
95 1.25443220139
100 1.35230493546
105 1.33191394806
110 1.25910902023
115 1.32750415802
120 1.22755503654
125 1.25716710091
130 1.28436422348
135 1.21937513351
140 1.26640200615
145 1.25358390808
150 1.23408007622
155 1.29541707039
160 1.32031679153
