20 5.87214303017
40 16.6717410088
60 28.1463620663
80 37.874341011
100 44.6769490242
120 46.5855309963
140 47.7800490856
160 50.9307661057
180 51.8036019802
200 51.8576800823
220 53.5407559872
240 53.3133869171
260 54.8454129696
280 53.4903540611
300 55.9420962334
320 55.8095698357
340 55.3032419682
360 58.9682240486
380 57.6691789627
400 58.7330238819
420 62.4046869278
440 62.219602108
460 63.7387230396
480 64.2254800797
500 65.3064129353
520 68.487705946
540 67.5143861771
560 70.4516561031
580 73.0977289677
600 72.9563848972
620 74.456567049
640 76.3672821522
660 74.7276618481
680 76.5710480213
700 81.5329940319
720 83.5226919651
740 85.4326300621
760 86.1703619957
780 85.460299015
