20 7.75121188164
40 20.3665938377
60 33.1912710667
80 41.5498430729
100 48.8257789612
120 47.8903880119
140 44.3491411209
160 43.4113359451
180 40.8942079544
200 39.2174780369
220 36.1104650497
240 35.2521829605
260 31.6266820431
280 30.0366699696
300 29.3294370174
320 27.0367560387
340 26.05179286
360 23.6815040112
380 22.9888951778
400 21.2795801163
420 20.4356310368
440 19.2301669121
460 17.5603239536
480 15.1925120354
500 13.6479270458
520 11.2824981213
540 10.3273360729
560 8.74886202812
580 7.36710000038
600 6.2144908905
620 4.95190811157
640 4.17853784561
660 3.50922107697
680 2.71262216568
700 2.17836904526
720 1.73000383377
740 1.3070089817
760 1.00216293335
780 0.711667060852
800 0.493200778961
820 0.324890136719
840 0.215430021286
860 0.13404917717
880 0.0691080093384
900 0.00509595870972
