20 8.03107094765
40 23.2514331341
60 39.9792108536
80 52.0578999519
100 59.5096027851
120 62.8846378326
140 58.8009240627
160 54.8741149902
180 50.8210890293
200 47.5833950043
220 45.3607499599
240 43.4821870327
260 36.5497219563
280 33.7144379616
300 31.8777751923
320 29.2477071285
340 25.0833210945
360 22.5919559002
380 20.944658041
400 18.5434799194
420 15.5494160652
440 14.2195501328
460 12.4728031158
480 10.8314049244
500 8.71676111221
520 8.11972498894
540 6.99179196358
560 6.39451098442
580 5.19068098068
600 4.26664710045
620 3.47594618797
640 2.75681710243
660 2.28661203384
680 1.84299492836
700 1.36262202263
720 1.06341004372
740 0.797054052353
760 0.587853193283
780 0.414955854416
800 0.274580955505
820 0.185859918594
840 0.12375998497
860 0.0768439769745
880 0.0492041110992
900 0.0253851413727
920 0.00544309616089
