5 0.220833778381
10 0.326418161392
15 0.509407043457
20 0.722751140594
25 0.986728906631
30 1.227643013
35 1.47548604012
40 1.60413908958
45 1.93610811234
50 2.19337201118
55 2.33856010437
60 2.48139095306
65 2.46865200996
70 2.72273898125
75 2.54880309105
80 2.64647698402
85 2.55474305153
90 2.75610995293
95 2.85451602936
100 2.85415101051
105 2.95393395424
110 2.74460101128
115 2.77792191505
120 3.00181317329
125 2.8827791214
130 3.15719795227
135 2.81168985367
140 2.97493481636
145 2.76230716705
150 2.87604808807
155 2.86326479912
160 2.88659882545
165 2.88480496407
170 2.94892191887
175 3.04126691818
180 2.96044588089
185 2.89619898796
190 2.8660171032
195 2.81032991409
200 2.73061394691
205 2.95042705536
210 3.03126692772
215 2.94057202339
220 2.6418530941
225 2.81520295143
230 2.98480892181
235 2.81303095818
240 2.78762388229
245 2.67542481422
250 2.96171307564
255 2.91554403305
260 2.89113306999
265 2.74060297012
270 3.12483787537
275 2.83205199242
280 2.72971010208
