2 0.117140054703
4 0.102952957153
6 0.0913419723511
8 0.0916118621826
10 0.0877981185913
12 0.0912878513336
14 0.100051879883
16 0.100516080856
18 0.102818965912
20 0.110889911652
22 0.113497018814
24 0.119076967239
26 0.119136095047
28 0.125328063965
30 0.13133597374
32 0.130949020386
34 0.139765024185
36 0.143746137619
38 0.140680074692
40 0.149296045303
42 0.142925024033
44 0.158720970154
46 0.153369903564
48 0.154044866562
50 0.150192975998
52 0.169991970062
54 0.156829118729
56 0.152462005615
58 0.156048059464
60 0.166491985321
62 0.163001775742
64 0.159852027893
66 0.162122011185
68 0.159333944321
70 0.16543507576
72 0.165791988373
74 0.164280891418
76 0.177510023117
78 0.176348924637
