20 67.6405880451
40 77.0778260231
60 88.7339348793
80 103.32111311
100 116.397822857
120 132.827605009
140 140.594329834
160 143.270269156
180 149.889408112
200 160.963468075
220 150.056179047
240 157.558241844
260 148.338647842
280 146.833124876
300 170.63320899
320 147.719939947
340 149.607829809
360 161.000906944
380 154.959206104
400 154.502124071
420 151.544476986
440 161.413578987
460 155.420720816
480 151.600038052
500 151.098301888
520 146.214919806
540 166.830436945
560 160.970530033
580 151.347211838
600 151.124884844
620 149.119677067
640 156.136263132
660 160.219011068
680 156.238367081
700 152.592054129
720 158.202968121
740 149.951883078
760 149.38926816
780 154.428863049
800 155.966575861
820 155.216693878
840 152.414747953
