2 0.0524251461029
4 0.0532541275024
6 0.0505599975586
8 0.0440480709076
10 0.054347038269
12 0.0512828826904
14 0.0488321781158
16 0.0456600189209
18 0.0489511489868
20 0.0542640686035
22 0.0525510311127
24 0.0549130439758
26 0.0538239479065
28 0.0568919181824
30 0.0523619651794
32 0.0546491146088
34 0.0599050521851
36 0.0564999580383
38 0.05681681633
40 0.0590310096741
42 0.0595259666443
44 0.0681779384613
46 0.0606110095978
48 0.0638329982758
50 0.056037902832
52 0.0611770153046
54 0.0546000003815
