2 0.116563081741
4 0.101480960846
6 0.0932049751282
8 0.0904898643494
10 0.0923919677734
12 0.0910909175873
14 0.0960581302643
16 0.0968961715698
18 0.0997748374939
20 0.11009478569
22 0.109125852585
24 0.11580991745
26 0.124394893646
28 0.125719070435
30 0.170861959457
32 0.170473814011
34 0.133458137512
36 0.13972902298
38 0.144809961319
40 0.145358085632
42 0.14969587326
44 0.160544157028
46 0.167459964752
48 0.148540019989
50 0.138255834579
52 0.148071050644
54 0.145867109299
56 0.160243988037
58 0.158183813095
60 0.153658151627
62 0.15829706192
64 0.158694982529
66 0.156700849533
68 0.166929960251
70 0.16592502594
72 0.166191101074
74 0.176445007324
76 0.179006814957
