20 3.53533697128
40 9.23342895508
60 16.1149170399
80 22.7530899048
100 26.904599905
120 29.8068599701
140 29.9923448563
160 26.070125103
180 25.2073221207
200 23.255614996
220 20.5577747822
240 20.0228159428
260 18.7966971397
280 16.4954550266
300 14.7253930569
320 13.9470200539
340 12.338944912
360 10.6116249561
380 9.7244811058
400 8.00503110886
420 6.12389993668
440 5.43969988823
460 4.20950007439
480 3.16644215584
500 2.78654289246
520 2.00888299942
540 1.67404985428
560 1.40123009682
580 0.935342073441
600 0.667440891266
620 0.458017110825
640 0.322410821915
660 0.239514112473
680 0.183109998703
700 0.00496101379395
