10 0.609039068222
20 1.50105190277
30 2.70349502563
40 3.88133406639
50 4.98175001144
60 6.19544410706
70 7.02046704292
80 7.27943015099
90 7.6646630764
100 7.70956397057
110 7.71819806099
120 8.50405597687
130 7.75661492348
140 7.6807820797
150 8.28282308578
160 7.65167403221
170 8.4275970459
180 8.10355806351
190 8.36955499649
200 8.23821401596
210 8.07469201088
220 8.32486915588
230 8.315513134
240 8.52260398865
250 8.37730121613
260 7.78689599037
270 8.37823605537
280 8.4081261158
290 7.80764484406
300 9.08328413963
310 7.9155421257
320 8.65702795982
330 8.180341959
340 8.2907409668
350 8.29265809059
360 8.6685860157
370 8.60264182091
380 7.79749011993
390 8.63759613037
400 7.7392039299
