20 36.7711341381
40 42.7689769268
60 51.5184860229
80 59.9331331253
100 67.9291300774
120 73.2233059406
140 76.5568048954
160 82.1687939167
180 83.3264961243
200 85.6976659298
220 82.7071790695
240 89.3350219727
260 85.2153520584
280 81.9517250061
300 83.8171470165
320 86.2305788994
340 88.0773329735
360 81.6841409206
380 86.008234024
400 83.7389278412
420 79.8729171753
440 84.5061891079
460 84.0942270756
480 84.1238489151
500 83.8350257874
520 88.5883951187
540 82.927945137
560 83.5100231171
580 82.4989850521
600 84.6680920124
620 83.7567560673
640 77.3028640747
660 85.0818400383
680 82.7911031246
