2 0.0656659603119
4 0.0969569683075
6 0.0865199565887
8 0.0493791103363
10 0.0531060695648
12 0.0806059837341
14 0.0728800296783
16 0.0741109848022
18 0.0517489910126
20 0.0488171577454
22 0.0492308139801
24 0.0618088245392
26 0.0571970939636
28 0.0472111701965
30 0.057569026947
32 0.0461459159851
34 0.0390641689301
36 0.0410730838776
38 0.0341079235077
40 0.033194065094
42 0.0349941253662
44 0.0398900508881
46 0.0288598537445
48 0.0306041240692
50 0.0246500968933
52 0.0200111865997
54 0.0175461769104
56 0.01837682724
58 0.0207259654999
60 0.0142548084259
62 0.0094141960144
64 0.00807094573975
66 0.011302947998
68 0.0062530040741
70 0.00575113296509
72 0.00390100479126
74 0.00190591812134
