10 0.723660945892
20 1.84692406654
30 3.11003994942
40 4.32991099358
50 5.11539912224
60 5.99353504181
70 6.24979281425
80 6.33716607094
90 6.31970286369
100 5.88714718819
110 4.88851809502
120 4.89897704124
130 4.55553483963
140 3.94587612152
150 3.72633695602
160 3.65711784363
170 3.09186506271
180 2.95999097824
190 2.72455000877
200 2.36783480644
210 1.96765613556
220 1.75314307213
230 1.71945786476
240 1.40407705307
250 1.1928229332
260 1.12229013443
270 0.90850520134
280 0.869079113007
290 0.703244924545
300 0.580932855606
310 0.471039056778
320 0.390043973923
330 0.359205007553
340 0.268797874451
350 0.239523887634
360 0.201062202454
370 0.168174982071
380 0.128048181534
390 0.0944969654083
400 0.0687770843506
410 0.0585420131683
420 0.0505709648132
430 0.0328629016876
440 0.0351340770721
450 0.0214447975159
460 0.00401306152344
