2 0.0869138240814
4 0.0701041221619
6 0.0688519477844
8 0.0809118747711
10 0.0719439983368
12 0.0847129821777
14 0.0855460166931
16 0.0966029167175
18 0.0956959724426
20 0.107747077942
22 0.108509778976
24 0.113487958908
26 0.121374845505
28 0.122319936752
30 0.168829917908
32 0.162964105606
34 0.134169101715
36 0.148298978806
38 0.150760889053
40 0.151379108429
42 0.142255783081
44 0.142337799072
46 0.142523050308
48 0.14426612854
50 0.156214952469
52 0.156202077866
54 0.154373884201
56 0.158183097839
58 0.144782066345
60 0.157339096069
62 0.150502920151
64 0.156741857529
66 0.158649921417
68 0.157813072205
70 0.154494047165
72 0.154757976532
74 0.155187129974
76 0.153857946396
78 0.161513805389
80 0.15133190155
82 0.149064064026
84 0.16079211235
86 0.174973011017
88 0.154450893402
90 0.151865005493
92 0.154731988907
94 0.145859003067
