10 5.3995680809
20 6.08926320076
30 7.35890293121
40 8.00304603577
50 9.20271587372
60 10.2547559738
70 11.213476181
80 12.6168367863
90 13.4657030106
100 14.4605710506
110 15.1122469902
120 14.8007721901
130 14.838214159
140 13.5209960938
150 15.2042000294
160 15.9611430168
170 15.3498980999
180 14.932697773
190 15.3962869644
200 14.6053001881
210 15.1216840744
220 14.5696780682
230 15.3390071392
240 15.0001761913
250 14.426461935
260 15.7262949944
270 15.6699910164
280 15.4542691708
290 14.7159640789
300 14.6984438896
310 15.2496180534
320 14.5581760406
330 15.037558794
340 15.1797330379
350 14.1695380211
360 15.0217900276
370 14.7858700752
380 14.8920190334
