10 1.10685706139
20 3.10622787476
30 5.679251194
40 8.59053206444
50 10.9928610325
60 13.6059589386
70 15.9063649178
80 18.2527589798
90 19.0772240162
100 22.0301439762
110 22.5106160641
120 20.4024481773
130 22.505466938
140 22.3452329636
150 22.075671196
160 21.1799688339
170 23.2661819458
180 23.1103141308
190 24.1700789928
200 22.2146890163
210 21.3600628376
220 22.1621210575
230 21.8273079395
240 22.1373410225
250 21.1067299843
260 23.5009329319
270 22.3181397915
280 24.6790261269
290 22.8981978893
300 23.4617209435
310 22.3383319378
320 22.9679579735
330 21.6654839516
340 24.4447858334
350 24.3864371777
360 22.637966156
370 23.1408619881
380 23.0345950127
390 24.2407469749
400 22.5011949539
410 25.0223419666
420 23.3964960575
430 20.8997299671
440 22.2326800823
450 22.6314160824
460 23.6430790424
470 24.3502678871
480 22.8963320255
490 21.5375740528
500 23.4956510067
510 24.3006010056
520 21.5308680534
530 21.0818738937
540 22.9287390709
550 22.7983548641
560 22.6954669952
