2 0.115145921707
4 0.117076158524
6 0.124050855637
8 0.133233070374
10 0.137243032455
12 0.151164054871
14 0.154107093811
16 0.162220954895
18 0.17151093483
20 0.188163995743
22 0.188232898712
24 0.196968078613
26 0.249508857727
28 0.218392133713
30 0.265819072723
32 0.240158081055
34 0.248300075531
36 0.250061035156
38 0.261868953705
40 0.29384303093
42 0.296464920044
44 0.298175811768
46 0.336265802383
48 0.341415882111
50 0.282596826553
52 0.319670915604
54 0.313351154327
56 0.295830011368
58 0.286697149277
60 0.306807994843
62 0.29206609726
64 0.319299936295
66 0.292218208313
68 0.300835847855
70 0.314040184021
72 0.30278801918
74 0.305041074753
76 0.320172071457
78 0.308661937714
80 0.318267822266
82 0.302118062973
84 0.305073976517
86 0.298635959625
88 0.307386875153
90 0.30619597435
92 0.29896402359
94 0.305319070816
