2 0.106029987335
4 0.0913479328156
6 0.0817649364471
8 0.0793099403381
10 0.0732979774475
12 0.0680739879608
14 0.0751459598541
16 0.071280002594
18 0.0721018314362
20 0.0684010982513
22 0.0671110153198
24 0.069874048233
26 0.0673589706421
28 0.0751948356628
30 0.0666129589081
32 0.0637929439545
34 0.0545289516449
36 0.0564270019531
38 0.0508499145508
40 0.0482621192932
42 0.0442850589752
44 0.0530490875244
46 0.047070980072
48 0.0366778373718
50 0.0299458503723
52 0.0327460765839
54 0.0265901088715
56 0.0269269943237
58 0.0204060077667
60 0.018383026123
62 0.0240998268127
64 0.0176980495453
66 0.0110909938812
68 0.00868201255798
70 0.00205898284912
