2 0.0507230758667
4 0.0368459224701
6 0.033420085907
8 0.0356800556183
10 0.0432229042053
12 0.0460758209229
14 0.0424139499664
16 0.0380079746246
18 0.0321791172028
20 0.0355539321899
22 0.030779838562
24 0.0331709384918
26 0.0281550884247
28 0.0298798084259
30 0.0325689315796
32 0.0272309780121
34 0.0221588611603
36 0.0267457962036
38 0.0192918777466
40 0.0218269824982
42 0.0206859111786
44 0.0206768512726
46 0.0160460472107
48 0.0143759250641
50 0.0138349533081
52 0.00188302993774
