2 0.0221378803253
4 0.0313098430634
6 0.0357129573822
8 0.0396680831909
10 0.0475001335144
12 0.0465958118439
14 0.053778886795
16 0.0528531074524
18 0.05388712883
20 0.0609948635101
22 0.0582299232483
24 0.0592291355133
26 0.0675191879272
28 0.0575568675995
30 0.066691160202
32 0.0602149963379
34 0.055006980896
36 0.0579659938812
38 0.0504977703094
40 0.0668151378632
42 0.0602948665619
44 0.0551891326904
46 0.045389175415
48 0.0431067943573
50 0.0361151695251
52 0.037976026535
54 0.0327749252319
56 0.0340387821198
58 0.0450718402863
60 0.0280728340149
62 0.0349259376526
64 0.0260710716248
66 0.0246510505676
68 0.0298058986664
70 0.0234098434448
72 0.0269031524658
74 0.0297858715057
76 0.0255310535431
78 0.0079288482666
80 0.00190711021423
