2 0.119903087616
4 0.114790916443
6 0.0912280082703
8 0.113025188446
10 0.109533071518
12 0.0978720188141
14 0.103721857071
16 0.10108590126
18 0.104175806046
20 0.114058017731
22 0.113850831985
24 0.140346050262
26 0.140789985657
28 0.137682914734
30 0.13428401947
32 0.134959936142
34 0.135046005249
36 0.141573905945
38 0.146779060364
40 0.150224924088
42 0.154104948044
44 0.149519920349
46 0.156507015228
48 0.152985095978
50 0.151911973953
52 0.158318996429
54 0.158676147461
56 0.172680139542
58 0.174745082855
60 0.15700006485
62 0.168723106384
64 0.17143702507
66 0.16542506218
68 0.175601959229
70 0.17692399025
72 0.167896032333
74 0.181320905685
76 0.18280005455
78 0.175262928009
