10 0.627159833908
20 1.79921913147
30 3.27611279488
40 4.87025809288
50 6.32136797905
60 7.95868396759
70 9.09454202652
80 10.5957620144
90 11.1283848286
100 11.2358551025
110 11.7247450352
120 12.6124370098
130 11.1470541954
140 10.8239459991
150 10.0121881962
160 9.38691806793
170 8.02227497101
180 8.01038789749
190 8.69889211655
200 6.97315001488
210 6.88003516197
220 6.53082609177
230 6.15296912193
240 5.71769213676
250 5.29838109016
260 4.79795098305
270 4.72413086891
280 4.33874297142
290 3.95743703842
300 3.21745896339
310 2.90060400963
320 2.47829008102
330 2.30590105057
340 1.94444513321
350 1.84121799469
360 1.43990302086
370 1.26998186111
380 1.09030914307
390 0.929615974426
400 0.791808843613
410 0.660341024399
420 0.568248033524
430 0.457306861877
440 0.401521921158
450 0.32351398468
460 0.263655900955
470 0.230339050293
480 0.195238828659
490 0.165106058121
500 0.154283046722
510 0.131787061691
520 0.00379991531372
