2 0.0770452022552
4 0.0715498924255
6 0.0741810798645
8 0.0618979930878
10 0.0614368915558
12 0.0656151771545
14 0.0696198940277
16 0.0753879547119
18 0.0718460083008
20 0.0781469345093
22 0.0770299434662
24 0.0826458930969
26 0.0820460319519
28 0.0877327919006
30 0.083643913269
32 0.0878450870514
34 0.0854070186615
36 0.0949380397797
38 0.0941672325134
40 0.0934519767761
42 0.101274967194
44 0.0999200344086
46 0.0944199562073
48 0.0954620838165
50 0.0901129245758
52 0.0933258533478
54 0.0913419723511
56 0.094920873642
