20 6.46966385841
40 17.4129641056
60 29.7671530247
80 38.6433930397
100 41.4788339138
120 42.0462291241
140 41.6498551369
160 37.2046442032
180 31.7831120491
200 31.6271448135
220 29.633163929
240 25.9890248775
260 22.0722808838
280 20.0173640251
300 18.1836519241
320 15.8845870495
340 13.5327949524
360 12.2186048031
380 12.4628748894
400 9.77311396599
420 8.30701398849
440 6.55509996414
460 5.98267006874
480 4.84922504425
500 4.26734781265
520 3.75448799133
540 2.94940114021
560 2.34799599648
580 1.83544206619
600 1.53205013275
620 1.08462309837
640 0.824553012848
660 0.577517986298
680 0.389308929443
700 0.273106098175
720 0.208734989166
740 0.117570877075
760 0.0857968330383
780 0.0570890903473
800 0.0292618274689
820 0.00473093986511
