20 6.46513700485
40 17.3697969913
60 33.2224199772
80 48.5850939751
100 64.3247051239
120 74.7582068443
140 81.7823159695
160 89.6222629547
180 82.217356205
200 79.1897349358
220 79.0402801037
240 73.5584349632
260 78.8774418831
280 69.5176370144
300 59.601776123
320 58.1149461269
340 53.6742830276
360 52.3620500565
380 50.197906971
400 44.9882769585
420 41.4944701195
440 42.0155711174
460 36.8537428379
480 36.5415480137
500 33.3623850346
520 31.703758955
540 25.4611051083
560 23.2448968887
580 21.320813179
600 17.7504148483
620 17.8005638123
640 14.0611720085
660 11.5829079151
680 9.30804800987
700 9.21503305435
720 7.11775898933
740 5.57638096809
760 4.77618098259
780 3.92838907242
800 3.05943703651
820 2.58628296852
840 1.983700037
860 1.45144486427
880 1.09892082214
900 0.810724973679
920 0.614175081253
940 0.461142063141
960 0.34339094162
980 0.273780107498
1000 0.00553894042969
