2 0.114523887634
4 0.088476896286
6 0.0799899101257
8 0.0797579288483
10 0.0765810012817
12 0.083261013031
14 0.0751090049744
16 0.0746099948883
18 0.0715661048889
20 0.0759398937225
22 0.0709118843079
24 0.0986001491547
26 0.0750980377197
28 0.069965839386
30 0.0818531513214
32 0.0685911178589
34 0.0593149662018
36 0.0736129283905
38 0.0522549152374
40 0.0587601661682
42 0.0515069961548
44 0.0539128780365
46 0.0482378005981
48 0.0408809185028
50 0.0340821743011
52 0.0354471206665
54 0.0327441692352
56 0.0467100143433
58 0.0400121212006
60 0.0330908298492
62 0.0271139144897
64 0.0211079120636
66 0.0144619941711
68 0.0159769058228
70 0.0105991363525
72 0.00199484825134
