2 0.124511957169
4 0.135850906372
6 0.136945962906
8 0.147942066193
10 0.170431137085
12 0.173920869827
14 0.177016019821
16 0.181277990341
18 0.188030958176
20 0.20249581337
22 0.204878091812
24 0.222065925598
26 0.248162984848
28 0.257079839706
30 0.252598047256
32 0.259886026382
34 0.274262189865
36 0.282060146332
38 0.284888029099
40 0.315037965775
42 0.3149330616
44 0.332772016525
46 0.328342914581
48 0.326997041702
50 0.345009088516
52 0.312688112259
54 0.32085609436
56 0.361270904541
58 0.341732978821
60 0.350831985474
62 0.346757173538
64 0.333428859711
66 0.341765880585
68 0.352231025696
70 0.395833015442
72 0.339277029037
74 0.330307006836
76 0.358263969421
78 0.348819971085
80 0.335404872894
82 0.350894927979
84 0.366651058197
86 0.336682796478
88 0.333035945892
90 0.353402137756
92 0.34326004982
94 0.368479967117
96 0.332309961319
98 0.33633184433
100 0.32816696167
