2 0.0191831588745
4 0.0316340923309
6 0.0255990028381
8 0.0361201763153
10 0.0320069789886
12 0.0395450592041
14 0.0344350337982
16 0.0338490009308
18 0.0383458137512
20 0.0428659915924
22 0.0393621921539
24 0.0414428710938
26 0.0365200042725
28 0.0352880954742
30 0.037486076355
32 0.031170129776
34 0.0290811061859
36 0.0312550067902
38 0.0255808830261
40 0.0287699699402
42 0.0234529972076
44 0.0297110080719
46 0.0245170593262
48 0.0196650028229
50 0.0190670490265
52 0.0224461555481
54 0.0204238891602
56 0.0171699523926
58 0.0202081203461
60 0.00184798240662
