20 4.68894195557
40 12.5034880638
60 23.1610620022
80 33.1552398205
100 42.0552048683
120 49.298897028
140 48.0927729607
160 52.1894369125
180 49.5960421562
200 43.7562859058
220 45.9622979164
240 38.973498106
260 37.691286087
280 30.3302748203
300 29.8366618156
320 30.7017059326
340 27.031648159
360 25.8981370926
380 24.0328521729
400 22.0426301956
420 19.3342859745
440 17.5472941399
460 15.4175498486
480 12.9137120247
500 11.7036068439
520 9.01200485229
540 8.02443122864
560 6.42635703087
580 5.50600981712
600 4.58392286301
620 3.81066298485
640 2.98556900024
660 2.19094586372
680 1.67660093307
700 1.38020706177
720 0.985846996307
740 0.744057893753
760 0.515846967697
780 0.390741825104
800 0.292298078537
820 0.228630065918
840 0.00508904457092
