5 0.101759910583
10 0.128312110901
15 0.155696153641
20 0.202497005463
25 0.252049922943
30 0.291929960251
35 0.328706979752
40 0.377613067627
45 0.36430811882
50 0.392161130905
55 0.382508039474
60 0.400355100632
65 0.435775995255
70 0.388343095779
75 0.437795877457
80 0.394226074219
85 0.388182878494
90 0.428745985031
95 0.41139292717
100 0.468231916428
105 0.442728042603
110 0.505084991455
115 0.464587926865
120 0.474514961243
125 0.402333021164
130 0.427798032761
135 0.418229103088
140 0.391668081284
