20 9.35112905502
40 26.3998630047
60 45.871306181
80 61.1078000069
100 75.4790160656
120 76.7444860935
140 74.6122970581
160 72.4849700928
180 66.7007138729
200 62.396130085
220 55.392277956
240 53.0875589848
260 48.0423038006
280 42.2206678391
300 42.1498758793
320 35.8079638481
340 32.3350389004
360 31.0397648811
380 26.4519000053
400 26.4919788837
420 22.9307489395
440 18.9256618023
460 18.2256240845
480 16.7348411083
500 13.7766239643
520 12.5368840694
540 10.9291820526
560 9.18532013893
580 7.90910196304
600 7.44531297684
620 6.36135005951
640 5.07315897942
660 4.45570397377
680 3.63263702393
700 2.87354111671
720 2.62530493736
740 1.78340792656
760 1.52372908592
780 1.14049696922
800 0.804970979691
820 0.561170816422
840 0.415663957596
860 0.280706882477
880 0.185670137405
900 0.126873970032
920 0.0763838291168
940 0.0574681758881
960 0.0255510807037
980 0.00515198707581
