2 0.110624074936
4 0.0900321006775
6 0.0872189998627
8 0.0816049575806
10 0.0791308879852
12 0.0746209621429
14 0.0773499011993
16 0.0718491077423
18 0.0745320320129
20 0.087867975235
22 0.0734231472015
24 0.0769190788269
26 0.0753231048584
28 0.0836548805237
30 0.0791831016541
32 0.0675530433655
34 0.0616991519928
36 0.0821850299835
38 0.0588338375092
40 0.0768299102783
42 0.0690019130707
44 0.0581390857697
46 0.050724029541
48 0.0442008972168
50 0.0421049594879
52 0.0347130298615
54 0.047394990921
56 0.0412390232086
58 0.0309159755707
60 0.0358860492706
62 0.0258469581604
64 0.0246510505676
66 0.0175089836121
68 0.015291929245
70 0.0125799179077
72 0.0133349895477
74 0.00197911262512
