5 0.0930149555206
10 0.218242883682
15 0.356396913528
20 0.543544054031
25 0.706307888031
30 0.908909082413
35 1.09594893456
40 1.22259902954
45 1.40796685219
50 1.55585885048
55 1.64953804016
60 1.79154205322
65 1.81448912621
70 1.7446000576
75 1.98198390007
80 1.72357702255
85 1.6674258709
90 1.57084393501
95 1.60137200356
100 1.34909296036
105 1.28000593185
110 1.189193964
115 1.24800109863
120 1.17270898819
125 1.00880885124
130 0.989603042603
135 0.911502838135
140 0.806609153748
145 0.813967227936
150 0.79422211647
155 0.6580119133
160 0.634946107864
165 0.526654005051
170 0.614193916321
175 0.481405973434
180 0.406641960144
185 0.4814889431
190 0.426676988602
195 0.409070014954
200 0.267503976822
205 0.238474845886
210 0.217866182327
215 0.192096948624
220 0.171310186386
225 0.161571979523
230 0.145464897156
235 0.133157968521
240 0.11946606636
245 0.104625940323
250 0.100423812866
255 0.0941739082336
260 0.0841829776764
265 0.0861229896545
270 0.0768551826477
275 0.0729880332947
280 0.00304102897644
