10 1.0365281105
20 2.73423719406
30 5.21041202545
40 7.85916280746
50 10.5056610107
60 12.4890139103
70 15.0371038914
80 16.8530938625
90 17.6180169582
100 18.5962820053
110 18.8252129555
120 20.130988121
130 19.9313240051
140 21.2169539928
150 19.157889843
160 18.7374079227
170 18.6001331806
180 21.1255350113
190 21.0440208912
200 20.0737748146
210 19.4421072006
220 20.5682270527
230 20.001470089
240 21.0422649384
250 19.7467980385
260 20.1667392254
270 20.9598889351
280 20.1072268486
290 20.5754060745
300 20.4516761303
310 21.0342268944
320 19.3843691349
330 19.4946780205
340 20.2303409576
350 19.0133500099
360 20.376983881
370 20.3358340263
380 20.2842311859
390 19.9173388481
400 19.9617228508
410 20.0168619156
420 19.3925609589
430 19.3419148922
440 20.0723011494
450 19.5120790005
460 19.3049929142
470 20.5652110577
480 21.6323130131
490 20.840567112
500 21.3630928993
510 20.8430390358
520 18.6825020313
530 20.0401217937
540 20.2239229679
