2 0.0502209663391
4 0.0411550998688
6 0.0575201511383
8 0.0375471115112
10 0.0506348609924
12 0.0455179214478
14 0.0405859947205
16 0.0362660884857
18 0.0360670089722
20 0.0337018966675
22 0.0278210639954
24 0.030198097229
26 0.0284740924835
28 0.034276008606
30 0.0255801677704
32 0.0231161117554
34 0.0210018157959
36 0.0157539844513
38 0.0118589401245
40 0.0143930912018
42 0.0126140117645
44 0.0076379776001
46 0.00606489181519
48 0.00548100471497
50 0.00441598892212
52 0.00328302383423
54 0.00185108184814
