10 0.472069978714
20 1.09949016571
30 1.63891196251
40 2.34330201149
50 2.72232103348
60 2.97362399101
70 2.92890906334
80 2.77771711349
90 2.56242489815
100 2.13109087944
110 1.97274518013
120 1.84345388412
130 1.66813898087
140 1.56667089462
150 1.26158881187
160 1.04257512093
170 0.86905503273
180 0.758913993835
190 0.631194829941
200 0.559414863586
210 0.480328083038
220 0.413302898407
230 0.312288999557
240 0.279245138168
250 0.223276138306
260 0.19863820076
270 0.149513959885
280 0.124110937119
290 0.0913209915161
300 0.0778410434723
310 0.0591580867767
320 0.0507538318634
330 0.0354580879211
340 0.022292137146
350 0.0137579441071
360 0.00351905822754
