5 0.352287054062
10 0.351509094238
15 0.396687984467
20 0.440742969513
25 0.491254091263
30 0.552788972855
35 0.606505155563
40 0.659742116928
45 0.703097105026
50 0.761521100998
55 0.82602596283
60 0.854393005371
65 0.79964184761
70 0.890537023544
75 0.885345935822
80 0.894801139832
85 0.88482093811
90 0.888501882553
95 0.95307803154
100 0.842736959457
105 0.964162111282
110 0.842019081116
115 0.882457017899
120 0.984877824783
125 0.823709011078
130 0.868259191513
135 0.950493097305
140 0.949454069138
