2 0.0634069442749
4 0.0578670501709
6 0.0525081157684
8 0.0536320209503
10 0.0483169555664
12 0.0523629188538
14 0.0556879043579
16 0.0518701076508
18 0.0482499599457
20 0.0503759384155
22 0.0491280555725
24 0.0495889186859
26 0.0484941005707
28 0.0528140068054
30 0.047287940979
32 0.0384018421173
34 0.0387361049652
36 0.04301404953
38 0.037250995636
40 0.0320918560028
42 0.0328569412231
44 0.0250849723816
46 0.0303480625153
48 0.0249900817871
50 0.0196900367737
52 0.0213060379028
54 0.0145030021667
56 0.0216739177704
58 0.0151071548462
60 0.00961089134216
62 0.0156610012054
64 0.00699782371521
66 0.00602102279663
68 0.00662112236023
70 0.00390481948853
72 0.00189900398254
