20 7.06430602074
40 17.5172851086
60 31.6936490536
80 45.8772470951
100 57.8216719627
120 68.6597828865
140 72.4839158058
160 73.6959300041
180 73.750232935
200 66.2363359928
220 68.1469151974
240 66.6190888882
260 57.0676691532
280 59.0991780758
300 49.3430709839
320 43.9376969337
340 46.9384920597
360 46.1167809963
380 41.7233901024
400 40.4001300335
420 36.1968839169
440 33.4381968975
460 34.0441000462
480 30.9353678226
500 27.6620440483
520 24.2860629559
540 19.153331995
560 17.8935232162
580 15.5692310333
600 13.8008158207
620 11.9580619335
640 9.36349201202
660 8.33306789398
680 6.89161205292
700 5.68166613579
720 4.9263548851
740 3.70578503609
760 3.1274600029
780 2.19929099083
800 1.98452806473
820 1.33429694176
840 1.07250499725
860 0.798729896545
880 0.593978881836
900 0.424971818924
920 0.321073055267
940 0.253019094467
960 0.00502419471741
