2 0.0757830142975
4 0.0678758621216
6 0.0623960494995
8 0.0669510364532
10 0.0629639625549
12 0.0705060958862
14 0.0667970180511
16 0.0634531974792
18 0.0652561187744
20 0.0688319206238
22 0.0935599803925
24 0.0636689662933
26 0.0860800743103
28 0.0742580890656
30 0.0566029548645
32 0.068078994751
34 0.0559298992157
36 0.0575840473175
38 0.0516149997711
40 0.0524790287018
42 0.0493931770325
44 0.0420951843262
46 0.0522260665894
48 0.0423948764801
50 0.0371351242065
52 0.0398550033569
54 0.0314891338348
56 0.0355911254883
58 0.0281689167023
60 0.0294411182404
62 0.0278420448303
64 0.0214049816132
66 0.0348360538483
68 0.0169661045074
70 0.0138528347015
72 0.0261950492859
74 0.0187110900879
76 0.0134880542755
78 0.00784802436829
80 0.007169008255
82 0.00611305236816
84 0.00690007209778
86 0.00404596328735
88 0.00192499160767
