2 0.134885072708
4 0.13410782814
6 0.14115190506
8 0.151571989059
10 0.15597486496
12 0.18656206131
14 0.189959049225
16 0.181118011475
18 0.194483995438
20 0.198791027069
22 0.210968971252
24 0.218809127808
26 0.237019062042
28 0.253024101257
30 0.255982160568
32 0.266412973404
34 0.27485203743
36 0.292149066925
38 0.294185876846
40 0.319281816483
42 0.323741912842
44 0.343911886215
46 0.336615085602
48 0.319831132889
50 0.333101034164
52 0.369084835052
54 0.369368076324
56 0.348971128464
58 0.373189926147
60 0.381145000458
62 0.343144893646
64 0.374443054199
66 0.319713115692
68 0.353912115097
70 0.35490489006
72 0.348508119583
74 0.343021154404
76 0.388771057129
78 0.381111860275
80 0.376946926117
82 0.366142034531
84 0.376552820206
86 0.363890886307
88 0.373306035995
90 0.359741926193
92 0.355525970459
94 0.361153841019
96 0.384687900543
98 0.359169006348
100 0.35389995575
