2 0.0774810314178
4 0.0737159252167
6 0.0642051696777
8 0.0678021907806
10 0.0758590698242
12 0.072282075882
14 0.0797779560089
16 0.0809140205383
18 0.0846998691559
20 0.0977330207825
22 0.0995719432831
24 0.107100963593
26 0.1034719944
28 0.1098549366
30 0.111186981201
32 0.113950967789
34 0.11749792099
36 0.124247074127
38 0.12744808197
40 0.140254020691
42 0.140371084213
44 0.134904146194
46 0.131246089935
48 0.137881994247
50 0.129133939743
52 0.128380060196
54 0.138861894608
56 0.140769004822
58 0.135889053345
60 0.136359930038
62 0.130297899246
64 0.133340120316
66 0.12344288826
68 0.140330076218
70 0.135035037994
72 0.141320943832
74 0.131329059601
76 0.150448083878
78 0.1420109272
80 0.130650997162
82 0.137854099274
84 0.134052991867
86 0.126433134079
88 0.13115811348
