10 0.553056001663
20 1.31886816025
30 2.39635491371
40 3.43256783485
50 4.44693398476
60 5.41550803185
70 5.89667201042
80 6.48970794678
90 6.99669885635
100 6.60499691963
110 6.93483805656
120 6.9876999855
130 7.1400988102
140 7.12644791603
150 7.52665400505
160 6.48734879494
170 6.95865511894
180 6.93249201775
190 7.58108401299
200 7.5078458786
210 7.31112909317
220 7.29785895348
230 7.25223493576
240 7.18039894104
250 6.87417793274
260 7.19882512093
270 7.32877993584
280 6.88393902779
290 6.90736699104
300 7.16241502762
310 6.96662592888
320 6.44170880318
330 7.09647011757
340 7.27486681938
350 7.06180500984
360 6.9215939045
370 7.21933984756
380 6.97272706032
