2 0.0995559692383
4 0.0903689861298
6 0.0841121673584
8 0.0843451023102
10 0.085193157196
12 0.0858900547028
14 0.0938198566437
16 0.0930509567261
18 0.0945541858673
20 0.103737831116
22 0.103245019913
24 0.110072135925
26 0.125170946121
28 0.130450963974
30 0.121680021286
32 0.130380153656
34 0.130713939667
36 0.131931066513
38 0.128051996231
40 0.135288953781
42 0.131696939468
44 0.129126787186
46 0.141063928604
48 0.132821083069
50 0.132275104523
52 0.149169921875
54 0.129248857498
56 0.142920970917
58 0.135338068008
60 0.134057044983
62 0.13220000267
64 0.127258062363
66 0.134565830231
68 0.131942033768
