2 0.0760371685028
4 0.076642036438
6 0.0700440406799
8 0.0501658916473
10 0.060525894165
12 0.0592150688171
14 0.0544369220734
16 0.0671470165253
18 0.0595369338989
20 0.0650188922882
22 0.0643949508667
24 0.0694940090179
26 0.0684220790863
28 0.0780189037323
30 0.067370891571
32 0.0661089420319
34 0.0607118606567
36 0.0641350746155
38 0.0586841106415
40 0.070778131485
42 0.057373046875
44 0.0601570606232
46 0.0467340946198
48 0.0443911552429
50 0.0408470630646
52 0.0489118099213
54 0.0378189086914
56 0.0381560325623
58 0.032546043396
60 0.0422599315643
62 0.0369169712067
64 0.0279810428619
66 0.0260980129242
68 0.0290739536285
70 0.024787902832
72 0.027174949646
74 0.0221619606018
76 0.0294191837311
78 0.0284240245819
80 0.0200300216675
82 0.00202178955078
