5 0.170978784561
10 0.201049089432
15 0.286602973938
20 0.374126911163
25 0.455837965012
30 0.546550035477
35 0.635643005371
40 0.709790945053
45 0.779790878296
50 0.835325956345
55 0.895611763
60 0.918781995773
65 0.88009095192
70 0.798223018646
75 0.658667087555
80 0.713040113449
85 0.700481176376
90 0.650721788406
95 0.554986000061
100 0.619049072266
105 0.472759962082
110 0.456628799438
115 0.410813808441
120 0.373387098312
125 0.326623916626
130 0.327543973923
135 0.268405914307
140 0.235079050064
145 0.203356027603
150 0.18177318573
155 0.170377969742
160 0.146508932114
165 0.137186050415
170 0.115432024002
175 0.105684995651
180 0.106638908386
185 0.0959949493408
190 0.0839290618896
195 0.0764119625092
200 0.0673639774323
205 0.0594630241394
210 0.0586168766022
215 0.0518198013306
220 0.00265002250671
