2 0.0728361606598
4 0.0654668807983
6 0.0598380565643
8 0.0620560646057
10 0.0583481788635
12 0.0670509338379
14 0.0650129318237
16 0.0635159015656
18 0.0665500164032
20 0.0685391426086
22 0.074061870575
24 0.0743000507355
26 0.0767891407013
28 0.0850670337677
30 0.0824480056763
32 0.0796818733215
34 0.0826499462128
36 0.0835821628571
38 0.0798289775848
40 0.0765340328217
42 0.0815660953522
44 0.0926129817963
46 0.0860331058502
48 0.0814170837402
50 0.0794861316681
52 0.0801289081573
54 0.0795028209686
