2 0.0189790725708
4 0.0278930664062
6 0.0266079902649
8 0.0348999500275
10 0.0334320068359
12 0.0318071842194
14 0.044872045517
16 0.0415160655975
18 0.0386509895325
20 0.0404739379883
22 0.0374310016632
24 0.0398190021515
26 0.0352170467377
28 0.0441069602966
30 0.037633895874
32 0.0285120010376
34 0.0271971225739
36 0.0296709537506
38 0.02476811409
40 0.0264840126038
42 0.0292928218842
44 0.0239391326904
46 0.0256459712982
48 0.0186338424683
50 0.0178859233856
52 0.0215950012207
54 0.0169620513916
56 0.0195319652557
58 0.00180697441101
