2 0.0856411457062
4 0.067883014679
6 0.0571870803833
8 0.0600121021271
10 0.0644481182098
12 0.096284866333
14 0.0944769382477
16 0.0889928340912
18 0.0693328380585
20 0.144369125366
22 0.0762429237366
24 0.151727199554
26 0.084477186203
28 0.13834810257
30 0.130652189255
32 0.117801189423
34 0.0822200775146
36 0.0869879722595
38 0.0792949199677
40 0.078281879425
42 0.0694110393524
44 0.0735650062561
46 0.0639579296112
48 0.062912940979
50 0.0587358474731
52 0.059937953949
54 0.0696969032288
56 0.0514669418335
58 0.056783914566
60 0.0513741970062
62 0.0582909584045
64 0.0519459247589
66 0.0489659309387
68 0.0353820323944
70 0.0378029346466
72 0.0361089706421
74 0.0308358669281
76 0.0441331863403
78 0.0358691215515
80 0.0266449451447
82 0.0256969928741
84 0.0292661190033
86 0.026682138443
88 0.0276119709015
90 0.0271952152252
92 0.0249910354614
94 0.00197696685791
