2 0.114798069
4 0.0989038944244
6 0.0893812179565
8 0.0933909416199
10 0.0851099491119
12 0.0907368659973
14 0.089583158493
16 0.0976600646973
18 0.0977830886841
20 0.106748819351
22 0.106660842896
24 0.116313934326
26 0.133078813553
28 0.123221158981
30 0.136809110641
32 0.132877826691
34 0.132750988007
36 0.13400387764
38 0.130825996399
40 0.137282848358
42 0.133423805237
44 0.143455982208
46 0.142581939697
48 0.138547897339
50 0.142685890198
52 0.14550113678
54 0.143607139587
56 0.144474029541
58 0.147808074951
60 0.151681900024
62 0.151458978653
64 0.14759516716
66 0.153357028961
68 0.151624917984
70 0.156672954559
72 0.155102014542
74 0.156177997589
