20 3.8303129673
40 10.0151019096
60 16.6719179153
80 25.3121619225
100 29.6642129421
120 31.2661240101
140 33.06498909
160 30.5284609795
180 31.6174230576
200 30.7080979347
220 24.4349169731
240 20.3014121056
260 18.2608819008
280 18.1301422119
300 16.3897790909
320 15.1025538445
340 13.7237298489
360 13.049077034
380 10.7582089901
400 9.62785792351
420 8.09631800652
440 6.78646016121
460 5.49511003494
480 4.1487929821
500 3.40483117104
520 2.58511996269
540 2.07967305183
560 1.61837697029
580 1.22806406021
600 0.965567111969
620 0.671721935272
640 0.473117113113
660 0.330571889877
680 0.250215053558
700 0.193069934845
720 0.0043728351593
