2 0.119807958603
4 0.101233959198
6 0.0884659290314
8 0.0872790813446
10 0.0798990726471
12 0.0838930606842
14 0.0794529914856
16 0.0791809558868
18 0.0852921009064
20 0.0830729007721
22 0.125405788422
24 0.0886001586914
26 0.0920059680939
28 0.0843939781189
30 0.0756688117981
32 0.109390974045
34 0.0714960098267
36 0.0721850395203
38 0.0685679912567
40 0.0658440589905
42 0.0638699531555
44 0.0575790405273
46 0.0620651245117
48 0.0526459217072
50 0.0457918643951
52 0.0668461322784
54 0.043084859848
56 0.0578680038452
58 0.0383260250092
60 0.044184923172
62 0.0451340675354
64 0.0400540828705
66 0.0253729820251
68 0.0262010097504
70 0.0238008499146
72 0.0293099880219
74 0.0231029987335
76 0.0207901000977
78 0.013974905014
80 0.00198817253113
