20 63.8552179337
40 73.6009218693
60 85.3165838718
80 98.4995908737
100 110.444129944
120 121.461551189
140 129.529002905
160 137.91624999
180 140.067853928
200 151.220594883
220 142.506801844
240 148.010337114
260 146.931293011
280 152.096853971
300 146.861493826
320 140.107923985
340 144.458752871
360 150.203235865
380 143.445465088
400 140.840965033
420 153.86162591
440 148.958539963
460 147.077248096
480 143.882447958
500 135.93304801
520 140.243643045
540 139.900460005
560 144.270910025
580 140.532209873
600 144.482475996
620 150.37868619
640 138.347424984
660 131.725548029
680 147.903264999
700 136.948060036
720 142.767627954
740 147.83712101
760 143.163901806
780 141.401150942
800 140.852343082
820 145.773732901
