2 0.0682361125946
4 0.0686929225922
6 0.0724971294403
8 0.0758090019226
10 0.0834300518036
12 0.107662200928
14 0.0972650051117
16 0.108715057373
18 0.100491046906
20 0.104480981827
22 0.107115030289
24 0.116376161575
26 0.126460075378
28 0.128390073776
30 0.133013963699
32 0.135546207428
34 0.1330909729
36 0.138668060303
38 0.151362895966
40 0.147694826126
42 0.157918930054
44 0.147119045258
46 0.148205041885
48 0.14041686058
50 0.143805027008
52 0.150063037872
54 0.146152973175
56 0.156147003174
58 0.144809961319
60 0.148933172226
62 0.151103019714
64 0.150276184082
66 0.143791913986
68 0.141041994095
70 0.140647888184
