20 3.68836784363
40 10.5522708893
60 17.6285939217
80 23.9397118092
100 27.6097621918
120 28.4472591877
140 31.9127149582
160 30.1322419643
180 31.8306460381
200 31.2726249695
220 32.2631402016
240 30.4584748745
260 29.9953827858
280 31.9702899456
300 33.3962659836
320 30.9576399326
340 31.6010270119
360 31.3395941257
380 31.2134618759
400 31.7853360176
420 28.9175958633
440 32.0999269485
460 30.7869358063
480 33.2444970608
500 30.661290884
520 30.0966279507
540 31.7796587944
560 31.3230159283
580 30.5117940903
600 31.9825479984
620 33.1030631065
