2 0.140250205994
4 0.119568109512
6 0.10175204277
8 0.121965885162
10 0.115839004517
12 0.10557103157
14 0.10803604126
16 0.105645179749
18 0.0996499061584
20 0.105178117752
22 0.1019718647
24 0.101940870285
26 0.100649118423
28 0.101409912109
30 0.1057741642
32 0.0978181362152
34 0.0995669364929
36 0.0904190540314
38 0.0923271179199
40 0.0840020179749
42 0.0856158733368
44 0.0794901847839
46 0.0749740600586
48 0.0717289447784
50 0.0705070495605
52 0.0693440437317
54 0.0646479129791
56 0.0630540847778
58 0.0597491264343
60 0.060359954834
62 0.0531890392303
64 0.0459060668945
66 0.0429229736328
68 0.0442929267883
70 0.0372190475464
72 0.0385141372681
74 0.0314269065857
76 0.0330901145935
78 0.0269939899445
80 0.0234138965607
82 0.0216588973999
84 0.0239429473877
86 0.016951084137
88 0.0148980617523
90 0.0157699584961
92 0.0125670433044
94 0.00207710266113
