10 13.2639977932
20 14.3291089535
30 15.9972081184
40 17.7946419716
50 19.8311650753
60 22.1784360409
70 24.1158649921
80 25.7302799225
90 28.5570778847
100 30.3328270912
110 31.2789268494
120 31.8519690037
130 32.005656004
140 32.2242720127
150 36.4756119251
160 35.7500488758
170 35.4271631241
180 34.696210146
190 35.0635709763
200 33.7199997902
210 35.300577879
220 34.167981863
230 34.6777467728
240 33.9374451637
250 34.3692829609
260 33.9219818115
270 32.9279808998
280 32.5831930637
290 32.5774071217
300 35.5986540318
310 35.1559569836
320 35.0995750427
330 34.1816449165
340 33.15534091
350 33.8866889477
360 35.4730789661
370 33.7875111103
380 34.499284029
390 34.3372380733
400 34.6959350109
410 33.680918932
420 34.3279681206
430 32.6202180386
440 32.5384428501
450 33.0468230247
460 35.2657010555
470 36.4838809967
480 34.6826381683
490 34.2707819939
500 36.0894780159
