2 0.0548379421234
4 0.0486040115356
6 0.0433549880981
8 0.0452659130096
10 0.0431439876556
12 0.0412979125977
14 0.040876865387
16 0.0357580184937
18 0.0409650802612
20 0.0375878810883
22 0.0336000919342
24 0.0351121425629
26 0.0451879501343
28 0.0323851108551
30 0.0333321094513
32 0.031005859375
34 0.0217809677124
36 0.0246341228485
38 0.0357551574707
40 0.0266301631927
42 0.0260789394379
44 0.0186960697174
46 0.0119760036469
48 0.00760912895203
50 0.00699996948242
52 0.00987100601196
54 0.00563597679138
56 0.00377297401428
58 0.00145602226257
