5 0.164247989655
10 0.199378013611
15 0.274531126022
20 0.380203962326
25 0.491664171219
30 0.602797985077
35 0.677441835403
40 0.794242143631
45 0.808674097061
50 0.927817106247
55 0.99183177948
60 0.985334157944
65 0.979463100433
70 1.09327101707
75 1.04503583908
80 1.07302188873
85 1.08451509476
90 1.03982901573
95 1.53698515892
100 1.10713005066
105 1.07929897308
110 1.56605911255
115 1.1280798912
120 1.0062930584
125 1.18471884727
130 1.11843299866
135 1.15232396126
140 1.07998394966
145 1.08148217201
150 1.10170698166
155 1.16719508171
160 1.06503295898
165 1.14389491081
170 1.10430693626
175 1.07085418701
180 1.18226909637
185 1.09653782845
190 1.08212614059
195 1.09970092773
200 1.01890087128
