20 6.95007395744
40 18.7849988937
60 30.2614140511
80 37.816398859
100 40.9954879284
120 41.6252880096
140 38.3270039558
160 37.2240219116
180 35.4966480732
200 33.6203279495
220 30.8158221245
240 29.9872331619
260 27.7096989155
280 25.5628890991
300 24.2979929447
320 22.3793020248
340 21.5016548634
360 20.6801228523
380 18.6327900887
400 17.5620639324
420 16.6934900284
440 14.8283889294
460 13.5434470177
480 11.5487470627
500 9.74731516838
520 8.57217001915
540 7.17724323273
560 6.16273403168
580 5.10548710823
600 4.11180114746
620 3.37355303764
640 2.76150417328
660 2.24091696739
680 1.76873803139
700 1.31614494324
720 0.963855028152
740 0.680281877518
760 0.482592105865
780 0.337535142899
800 0.214012145996
820 0.126187801361
840 0.0651521682739
860 0.00553393363953
