20 7.41324901581
40 19.9084420204
60 32.238173008
80 41.0750219822
100 44.1547949314
120 43.9262449741
140 42.7003560066
160 39.9878721237
180 36.8139500618
200 35.6305229664
220 34.5820097923
240 31.5998868942
260 29.7022750378
280 27.8570439816
300 25.2815890312
320 24.5849130154
340 22.9817669392
360 21.9015219212
380 20.1696200371
400 19.2519991398
420 18.6072108746
440 17.3594560623
460 15.2074360847
480 13.1076710224
500 11.6844899654
520 9.93775200844
540 8.59802007675
560 7.18027281761
580 6.09413409233
600 5.08648705482
620 4.0532181263
640 3.42499494553
660 2.6885240078
680 2.17772197723
700 1.72181081772
720 1.32575201988
740 0.970484018326
760 0.707823991776
780 0.494407176971
800 0.344028949738
820 0.217464923859
840 0.131448984146
860 0.0652198791504
880 0.00544095039368
