10 0.581768989563
20 1.64577007294
30 3.02998709679
40 4.7332649231
50 5.93839597702
60 7.30462193489
70 8.62155890465
80 9.93040513992
90 10.6735930443
100 10.2119450569
110 11.0218610764
120 10.3987338543
130 9.6301381588
140 9.02889800072
150 9.11539316177
160 8.08044695854
170 8.03707504272
180 7.06999897957
190 6.99571895599
200 5.79897499084
210 5.51249694824
220 5.35508513451
230 4.90416789055
240 4.82395792007
250 4.60522294044
260 4.14280891418
270 3.63691091537
280 3.30961799622
290 2.85307192802
300 2.41321015358
310 2.21105194092
320 1.95059084892
330 1.66042304039
340 1.44616103172
350 1.26219201088
360 1.05485486984
370 0.891129970551
380 0.729271888733
390 0.612835884094
400 0.536204814911
410 0.438556194305
420 0.384822845459
430 0.309350013733
440 0.2532081604
450 0.213521003723
460 0.193078994751
470 0.164932966232
480 0.141584873199
490 0.126000881195
500 0.00376510620117
