2 0.130917072296
4 0.0996549129486
6 0.093013048172
8 0.0920250415802
10 0.0869169235229
12 0.0938971042633
14 0.0867221355438
16 0.0857598781586
18 0.0845742225647
20 0.0878129005432
22 0.0848028659821
24 0.0841209888458
26 0.0866289138794
28 0.0849459171295
30 0.0786130428314
32 0.0760080814362
34 0.0933198928833
36 0.0721318721771
38 0.0732018947601
40 0.0657019615173
42 0.0628941059113
44 0.0621848106384
46 0.0647230148315
48 0.053866147995
50 0.0494840145111
52 0.0499091148376
54 0.044126033783
56 0.0443160533905
58 0.042051076889
60 0.0463478565216
62 0.0360589027405
64 0.0330839157104
66 0.0275580883026
68 0.047758102417
70 0.0223689079285
72 0.0367360115051
74 0.0304219722748
76 0.0193889141083
78 0.0168869495392
80 0.010241985321
82 0.0021288394928
