2 0.0457980632782
4 0.0542109012604
6 0.0560100078583
8 0.0747289657593
10 0.0764410495758
12 0.0720999240875
14 0.0668709278107
16 0.0699579715729
18 0.0690059661865
20 0.107517004013
22 0.105973958969
24 0.100033044815
26 0.0960729122162
28 0.0945949554443
30 0.0959730148315
32 0.0906000137329
34 0.0893070697784
36 0.0949990749359
38 0.0958518981934
40 0.0877749919891
42 0.102737188339
44 0.0982670783997
46 0.0922648906708
48 0.0911538600922
50 0.0866849422455
52 0.0917789936066
54 0.0902390480042
56 0.0870380401611
