2 0.0552589893341
4 0.0467858314514
6 0.0413150787354
8 0.053426027298
10 0.0515029430389
12 0.0454289913177
14 0.0428631305695
16 0.0390148162842
18 0.0419178009033
20 0.0461208820343
22 0.0463838577271
24 0.0480859279633
26 0.043212890625
28 0.0385999679565
30 0.0450558662415
32 0.0378158092499
34 0.0337390899658
36 0.0301721096039
38 0.0337500572205
40 0.0268840789795
42 0.0238330364227
44 0.0307600498199
46 0.0216228961945
48 0.0201740264893
50 0.0192620754242
52 0.0228860378265
54 0.0197541713715
56 0.0291719436646
58 0.0236239433289
60 0.0185430049896
62 0.00186109542847
