2 0.0820801258087
4 0.0755350589752
6 0.0698120594025
8 0.0844640731812
10 0.0811908245087
12 0.0835781097412
14 0.0896260738373
16 0.0907669067383
18 0.0999689102173
20 0.110689878464
22 0.115390062332
24 0.120434045792
26 0.121604919434
28 0.134875059128
30 0.136703014374
32 0.136162996292
34 0.142621994019
36 0.161180973053
38 0.159967899323
40 0.152513980865
42 0.15750002861
44 0.154811143875
46 0.158015966415
48 0.14489197731
50 0.160917043686
52 0.164129972458
54 0.169725894928
56 0.166934013367
58 0.159226179123
60 0.157558917999
62 0.173109054565
64 0.173212051392
66 0.15558886528
68 0.164201974869
70 0.164046049118
72 0.185333967209
74 0.152158975601
76 0.166207790375
78 0.156703948975
80 0.17218708992
82 0.153479099274
84 0.163141012192
86 0.164125919342
88 0.178330183029
90 0.15905380249
92 0.1739320755
94 0.190676927567
96 0.172805786133
