2 0.0762329101562
4 0.104017019272
6 0.0922088623047
8 0.0694060325623
10 0.0702650547028
12 0.107226848602
14 0.108404874802
16 0.080708026886
18 0.0863189697266
20 0.0980570316315
22 0.0968699455261
24 0.100927829742
26 0.122367143631
28 0.116120100021
30 0.120470046997
32 0.119089126587
34 0.121305942535
36 0.126355886459
38 0.12952208519
40 0.130489110947
42 0.135966062546
44 0.131891012192
46 0.138468027115
48 0.128349065781
50 0.130499839783
52 0.139179944992
54 0.134540081024
56 0.134042978287
58 0.149375915527
60 0.142582893372
62 0.140934228897
64 0.141709089279
66 0.134444952011
68 0.13192987442
70 0.144900083542
72 0.13393497467
74 0.149008989334
76 0.126991987228
78 0.140985012054
80 0.13472700119
82 0.136049032211
84 0.135387182236
86 0.139230966568
88 0.126280069351
