2 0.136334896088
4 0.122375965118
6 0.210151910782
8 0.112875938416
10 0.206082820892
12 0.180469036102
14 0.181365966797
16 0.19602894783
18 0.132170200348
20 0.144865036011
22 0.149436950684
24 0.15456700325
26 0.162336111069
28 0.168499946594
30 0.17041015625
32 0.176237821579
34 0.186634778976
36 0.19637298584
38 0.203684091568
40 0.213671922684
42 0.215279102325
44 0.202821016312
46 0.205980062485
48 0.215553998947
50 0.210053920746
52 0.211948871613
54 0.217328071594
56 0.213647842407
58 0.212654829025
60 0.214277982712
62 0.217742919922
64 0.2120449543
66 0.213794946671
68 0.2195789814
70 0.221914052963
72 0.224049806595
74 0.223438978195
76 0.221858978271
78 0.222554922104
80 0.210793018341
82 0.206390857697
