2 0.0968179702759
4 0.0821089744568
6 0.0694890022278
8 0.0894889831543
10 0.0790841579437
12 0.0734028816223
14 0.0690271854401
16 0.0678699016571
18 0.0613188743591
20 0.0639040470123
22 0.0599508285522
24 0.0726938247681
26 0.057550907135
28 0.0589730739594
30 0.053240776062
32 0.0538868904114
34 0.0487399101257
36 0.0416979789734
38 0.039381980896
40 0.0629959106445
42 0.0561819076538
44 0.042042016983
46 0.0351409912109
48 0.0290629863739
50 0.022588968277
52 0.0243530273438
54 0.0174331665039
56 0.0295479297638
58 0.0178411006927
60 0.0141630172729
62 0.00838494300842
64 0.00161790847778
