2 0.0795431137085
4 0.0848259925842
6 0.0849499702454
8 0.0985550880432
10 0.0947031974792
12 0.106235027313
14 0.110244035721
16 0.111983060837
18 0.116920948029
20 0.137432098389
22 0.126583099365
24 0.136748075485
26 0.140080928802
28 0.162257909775
30 0.16122508049
32 0.159182071686
34 0.162471055984
36 0.175291061401
38 0.173778772354
40 0.182013034821
42 0.177869081497
44 0.185714006424
46 0.17306804657
48 0.190189123154
50 0.182006120682
52 0.176888942719
54 0.190658092499
56 0.180696964264
58 0.184977054596
60 0.16592502594
62 0.187654018402
64 0.182750940323
66 0.176045179367
68 0.190899133682
70 0.183884859085
72 0.197815179825
74 0.193013906479
76 0.192775964737
78 0.188953876495
