10 8.90200400352
20 9.79608011246
30 10.9204070568
40 12.435254097
50 13.8406410217
60 15.6639449596
70 17.3469040394
80 18.9212710857
90 20.3954191208
100 21.8551778793
110 21.9565839767
120 23.0027451515
130 22.1564369202
140 23.0429749489
150 23.1427052021
160 23.0857698917
170 22.5030469894
180 23.911550045
190 23.6711540222
200 23.9442639351
210 23.4880800247
220 23.0015900135
230 23.4248399734
240 22.2277429104
250 21.3132741451
260 24.1339781284
270 23.7181658745
280 24.1611948013
290 23.1518130302
300 24.2744541168
310 23.2250130177
320 22.8742949963
330 22.9315989017
340 22.4216718674
350 23.3998780251
360 24.0330021381
370 22.6656219959
380 22.950553894
390 23.4929418564
400 22.805603981
410 21.6386828423
420 23.7189528942
430 23.8291900158
440 22.3670117855
