5 0.0964841842651
10 0.0968859195709
15 0.12162899971
20 0.155555009842
25 0.188440084457
30 0.213017940521
35 0.230271100998
40 0.235566854477
45 0.222495079041
50 0.215631008148
55 0.206082105637
60 0.181770801544
65 0.167877197266
70 0.145759105682
75 0.130764961243
80 0.107828855515
85 0.101048946381
90 0.0896999835968
95 0.0765318870544
100 0.0709040164948
105 0.0611751079559
110 0.0734479427338
115 0.0595049858093
120 0.0465710163116
125 0.0458381175995
130 0.0378749370575
135 0.0340800285339
140 0.00228190422058
