2 0.094701051712
4 0.0751049518585
6 0.062949180603
8 0.0813109874725
10 0.0783920288086
12 0.0701289176941
14 0.0783479213715
16 0.0756368637085
18 0.0810270309448
20 0.0888998508453
22 0.0888271331787
24 0.0942389965057
26 0.0947749614716
28 0.0994238853455
30 0.106244087219
32 0.100084066391
34 0.10004401207
36 0.105170965195
38 0.0978851318359
40 0.0893898010254
42 0.0893230438232
44 0.0782721042633
46 0.0866799354553
48 0.0781190395355
50 0.0752429962158
52 0.0740010738373
54 0.0800659656525
56 0.0627629756927
58 0.0710499286652
60 0.0644888877869
62 0.0532910823822
64 0.0622851848602
66 0.0478010177612
68 0.0499019622803
70 0.0438890457153
72 0.0456070899963
74 0.0429952144623
76 0.0406091213226
78 0.0428719520569
80 0.0376210212708
82 0.0332009792328
84 0.0351250171661
86 0.0288529396057
88 0.0324621200562
90 0.0272009372711
92 0.0278568267822
94 0.0331690311432
96 0.0285751819611
98 0.023717880249
100 0.00221109390259
