5 0.838958978653
10 0.852107048035
15 0.943310022354
20 1.07112193108
25 1.1789829731
30 1.29049301147
35 1.39531898499
40 1.53647208214
45 1.67830896378
50 1.78005695343
55 1.96386098862
60 2.09261488914
65 2.26245188713
70 2.23861002922
75 2.2361330986
80 2.27846884727
85 2.53177213669
90 2.4552052021
95 2.38888001442
100 2.10151314735
105 2.52702879906
110 2.52502179146
115 2.39674592018
120 2.57754802704
125 2.39187598228
130 2.50956201553
135 2.628895998
140 2.29724097252
145 2.50938892365
150 2.36273789406
155 2.63288903236
160 2.35047388077
165 2.48163795471
170 2.48598599434
175 2.34890294075
180 2.31665897369
185 2.41377902031
190 2.29406094551
195 2.5919508934
200 2.39781999588
