20 5.4659049511
40 15.0401489735
60 27.6815960407
80 40.3196768761
100 52.3167788982
120 61.7559728622
140 63.2238540649
160 61.6278440952
180 67.7178020477
200 63.0633230209
220 59.4297709465
240 51.8035800457
260 48.5242779255
280 46.8649578094
300 42.8080251217
320 39.1739399433
340 38.7898879051
360 37.2695960999
380 33.5881268978
400 30.5821089745
420 31.0247290134
440 28.6755390167
460 26.0913031101
480 23.0683858395
500 20.1086859703
520 18.5884590149
540 17.0289571285
560 13.5465061665
580 11.4615559578
600 9.9239988327
620 8.53240704536
640 6.73052787781
660 5.53392696381
680 4.8817050457
700 3.93240022659
720 2.86582899094
740 2.37691497803
760 1.8118751049
780 1.47821807861
800 1.07067894936
820 0.75478720665
840 0.565359830856
860 0.428836107254
880 0.317884922028
900 0.257745981216
920 0.00500798225403
