2 0.0537629127502
4 0.0502281188965
6 0.0443789958954
8 0.048003911972
10 0.0443248748779
12 0.059623003006
14 0.0502390861511
16 0.0548071861267
18 0.0564169883728
20 0.0522630214691
22 0.0543348789215
24 0.0593998432159
26 0.059182882309
28 0.0570139884949
30 0.0587630271912
32 0.0566689968109
34 0.0633840560913
36 0.0595169067383
38 0.0576908588409
40 0.0685980319977
42 0.0637509822845
44 0.0676038265228
46 0.0654458999634
48 0.0572679042816
50 0.0609090328217
52 0.063469171524
54 0.0586760044098
56 0.0580999851227
