2 0.117454051971
4 0.101933002472
6 0.0967497825623
8 0.088742017746
10 0.0921471118927
12 0.0951550006866
14 0.0952780246735
16 0.0934190750122
18 0.103869915009
20 0.10770201683
22 0.11211681366
24 0.113291025162
26 0.123092889786
28 0.183412075043
30 0.177280902863
32 0.178176879883
34 0.129709005356
36 0.14066195488
38 0.137159824371
40 0.137736797333
42 0.139483213425
44 0.14763379097
46 0.14289188385
48 0.145389080048
50 0.145198822021
52 0.148657083511
54 0.144268989563
56 0.15146780014
58 0.166004896164
60 0.149464130402
62 0.15370798111
64 0.155920028687
66 0.150614023209
68 0.158564090729
70 0.159856081009
72 0.165473937988
74 0.163421154022
76 0.163265943527
