2 0.144559144974
4 0.121954917908
6 0.115540027618
8 0.11943602562
10 0.11931681633
12 0.136047840118
14 0.13422703743
16 0.136033058167
18 0.142345905304
20 0.143083810806
22 0.150614023209
24 0.166208028793
26 0.164510965347
28 0.170266151428
30 0.17822098732
32 0.175899028778
34 0.188174009323
36 0.198347806931
38 0.206645965576
40 0.220040082932
42 0.214196920395
44 0.218544960022
46 0.221207857132
48 0.221588134766
50 0.221963167191
52 0.221191883087
54 0.227618932724
56 0.222018003464
58 0.228091955185
60 0.221008062363
62 0.265815019608
64 0.256194114685
66 0.220221042633
68 0.225954055786
70 0.223603963852
72 0.227926015854
74 0.235878944397
76 0.241371154785
78 0.223669052124
80 0.224899053574
82 0.229803085327
84 0.219574928284
