20 9.06961894035
40 25.3703861237
60 44.9215018749
80 59.0929129124
100 67.1344468594
120 70.9202229977
140 72.3365750313
160 67.4769229889
180 60.8794691563
200 56.3226599693
220 54.1230020523
240 50.0362050533
260 45.0003550053
280 39.5102639198
300 38.1487629414
320 33.824805975
340 32.8649988174
360 28.6370749474
380 26.2911410332
400 21.212859869
420 22.128305912
440 18.9554560184
460 16.7818529606
480 14.0380439758
500 12.0230638981
520 10.8761301041
540 9.94416809082
560 7.7401061058
580 6.77205395699
600 6.11979985237
620 4.99444007874
640 4.59781312943
660 3.46495509148
680 2.7346830368
700 2.19081187248
720 1.85165596008
740 1.42745399475
760 1.07279610634
780 0.800769805908
800 0.566026210785
820 0.445600032806
840 0.320091962814
860 0.196294784546
880 0.130850076675
900 0.072546005249
920 0.050400018692
940 0.0256931781769
960 0.00568103790283
