10 0.779652118683
20 1.59722590446
30 2.96224498749
40 4.29612112045
50 5.51754188538
60 6.90548181534
70 7.98146414757
80 9.03342294693
90 8.64699292183
100 9.99747514725
110 9.08931493759
120 10.142524004
130 8.66287183762
140 8.40516901016
150 7.16296601295
160 7.3164768219
170 6.6992931366
180 5.30882000923
190 6.07567095757
200 5.52632403374
210 4.8639729023
220 5.10580611229
230 4.10138392448
240 4.31324005127
250 3.32543802261
260 3.11661791801
270 2.68342089653
280 2.58785605431
290 2.11838078499
300 1.94044113159
310 1.5796380043
320 1.49562120438
330 1.28209495544
340 1.08503222466
350 0.854511022568
360 0.722548007965
370 0.633041858673
380 0.544142007828
390 0.43482708931
400 0.364093065262
410 0.292871952057
420 0.247512102127
430 0.208143949509
440 0.177437067032
450 0.148641109467
460 0.138370990753
470 0.120663881302
480 0.00357007980347
