10 0.721672058105
20 2.02407598495
30 3.72119092941
40 5.7570848465
50 8.00359392166
60 9.83571505547
70 10.7833349705
80 12.4053909779
90 14.5633709431
100 14.241822958
110 14.9681580067
120 14.9123859406
130 14.8188447952
140 13.8719918728
150 12.4221138954
160 11.930866003
170 10.6233770847
180 10.7402009964
190 10.2217299938
200 10.9022099972
210 8.88392806053
220 9.67014718056
230 8.25062298775
240 7.42157196999
250 7.59244608879
260 6.68938493729
270 6.77469205856
280 6.12031984329
290 5.77995204926
300 5.1166908741
310 4.6654958725
320 4.0281560421
330 3.6618719101
340 3.46936321259
350 2.77379798889
360 2.7053899765
370 2.21773099899
380 2.02788591385
390 1.77893805504
400 1.5487909317
410 1.25941085815
420 1.10017490387
430 0.952000141144
440 0.860072851181
450 0.720988988876
460 0.568470954895
470 0.482976913452
480 0.403439998627
490 0.327253818512
500 0.284765005112
510 0.237467050552
520 0.208345890045
530 0.182460069656
540 0.15709400177
550 0.14636015892
560 0.003751039505
