10 4.54647994041
20 5.16618204117
30 6.00765299797
40 6.96865010262
50 7.91747617722
60 8.96806406975
70 10.1534478664
80 10.7304749489
90 11.7989778519
100 11.9723610878
110 12.4677240849
120 12.7885861397
130 12.7468049526
140 12.6789700985
150 12.7228050232
160 12.7598938942
170 12.6452641487
180 12.8668749332
190 13.4833118916
200 12.3514530659
210 12.8803219795
220 12.0393619537
230 12.6687150002
240 13.0030970573
250 13.0915360451
260 13.2078921795
270 12.7706849575
280 12.4548530579
290 12.5044288635
300 13.0684499741
310 13.4937329292
320 12.1718621254
330 12.9109511375
340 12.8926560879
350 13.4972510338
360 12.5942919254
