20 4.10599994659
40 10.8256568909
60 17.4786748886
80 23.9439001083
100 26.4062688351
120 28.2510948181
140 28.4268119335
160 29.0768489838
180 30.3683400154
200 30.7835328579
220 30.3477461338
240 31.0671269894
260 31.1917788982
280 31.4953269958
300 33.0096549988
320 32.8834009171
340 35.5786478519
360 36.3492519855
380 37.3234069347
400 37.9430320263
420 38.0866081715
440 40.4778227806
460 40.242071867
480 40.4029788971
500 42.0438818932
520 42.4326071739
540 45.0048511028
560 47.180711031
580 46.6050388813
600 46.8422729969
620 50.1809568405
640 50.2524979115
