2 0.0245218276978
4 0.0245361328125
6 0.0281100273132
8 0.0352220535278
10 0.0412659645081
12 0.0393800735474
14 0.0410220623016
16 0.0400640964508
18 0.0436959266663
20 0.0492470264435
22 0.0449681282043
24 0.0488288402557
26 0.0452198982239
28 0.0467910766602
30 0.0555520057678
32 0.0475449562073
34 0.038743019104
36 0.0399918556213
38 0.0356171131134
40 0.0352110862732
42 0.0327360630035
44 0.031937122345
46 0.0342879295349
48 0.0290179252625
50 0.0239849090576
52 0.0271379947662
54 0.0237607955933
56 0.0249989032745
58 0.0205810070038
60 0.0242531299591
62 0.0189778804779
64 0.0187289714813
66 0.0038890838623
68 0.00193905830383
