2 0.0552470684052
4 0.0488750934601
6 0.0483829975128
8 0.040335893631
10 0.0637350082397
12 0.042515039444
14 0.0520389080048
16 0.0409090518951
18 0.0371201038361
20 0.0393218994141
22 0.0338940620422
24 0.032301902771
26 0.0353071689606
28 0.040531873703
30 0.0310101509094
32 0.0289239883423
34 0.0235340595245
36 0.0261061191559
38 0.0186541080475
40 0.0157940387726
42 0.0186281204224
44 0.0159950256348
46 0.0103189945221
48 0.0090959072113
50 0.00780510902405
52 0.0107109546661
54 0.00553178787231
56 0.00447201728821
58 0.00281500816345
60 0.0018310546875
