2 0.050614118576
4 0.0547690391541
6 0.0506739616394
8 0.0335779190063
10 0.04865193367
12 0.0482430458069
14 0.0411219596863
16 0.0379779338837
18 0.0351490974426
20 0.0399868488312
22 0.0361030101776
24 0.0366439819336
26 0.0363509654999
28 0.0344140529633
30 0.0367481708527
32 0.0312488079071
34 0.0274910926819
36 0.0325310230255
38 0.0343999862671
40 0.020770072937
42 0.0265760421753
44 0.0245048999786
46 0.0217750072479
48 0.016496181488
50 0.0187728404999
52 0.0195109844208
54 0.0167369842529
56 0.00189089775085
