10 0.86739397049
20 2.02644610405
30 3.49191689491
40 5.02684807777
50 6.72937297821
60 8.15979385376
70 9.57096409798
80 10.5316238403
90 11.174875021
100 11.5084569454
110 11.5521519184
120 10.9813549519
130 12.3738040924
140 11.2450139523
150 10.3130021095
160 9.90443396568
170 8.35158085823
180 8.38009619713
190 7.65996694565
200 7.67157793045
210 7.4465239048
220 6.14216303825
230 5.68232393265
240 5.39982008934
250 5.46980190277
260 4.79739093781
270 4.7159280777
280 4.24775290489
290 3.81083297729
300 3.26923584938
310 2.85142707825
320 2.53738713264
330 2.2064640522
340 2.0964949131
350 1.80703806877
360 1.48102807999
370 1.26391196251
380 1.09230899811
390 0.907738924026
400 0.775429964066
410 0.649545907974
420 0.571501016617
430 0.491351127625
440 0.372581958771
450 0.301812887192
460 0.256931066513
470 0.222023010254
480 0.224195957184
490 0.158409118652
500 0.143271923065
510 0.127219200134
520 0.00381898880005
