10 0.502202987671
20 1.19204998016
30 2.21317100525
40 3.11198616028
50 4.05919003487
60 4.70228600502
70 5.35245895386
80 5.5740981102
90 5.7786231041
100 5.95320987701
110 5.74888086319
120 5.84499287605
130 6.13821601868
140 6.21778106689
150 5.57962393761
160 5.875
170 5.87057495117
180 5.98941111565
190 5.86086392403
200 5.75471401215
210 6.37380504608
220 5.90740680695
230 5.8369538784
240 5.95937609673
250 6.05953407288
260 5.8275039196
270 6.44950485229
280 5.83934307098
290 5.99672603607
300 6.16383099556
310 6.24305987358
320 6.16695713997
330 6.03497815132
340 6.01310992241
350 6.22856092453
360 6.11238408089
