10 0.867182016373
20 1.91743397713
30 3.12735795975
40 4.43322706223
50 5.51062989235
60 6.14013004303
70 6.47947192192
80 6.12853193283
90 6.26535797119
100 5.93793702126
110 5.62097406387
120 5.24426293373
130 5.0622780323
140 4.54358696938
150 4.30652999878
160 4.10037589073
170 3.66051387787
180 3.73217082024
190 3.40289497375
200 3.13235902786
210 3.05115199089
220 2.88166594505
230 2.75955605507
240 2.40901684761
250 2.13473200798
260 1.92352604866
270 1.64970612526
280 1.42490005493
290 1.20788002014
300 1.0508890152
310 0.950397968292
320 0.770898103714
330 0.681182146072
340 0.567750930786
350 0.486027956009
360 0.396830797195
370 0.329571008682
380 0.258205890656
390 0.212853908539
400 0.166447877884
410 0.133151054382
420 0.105424880981
430 0.0777640342712
440 0.0562529563904
450 0.0372779369354
460 0.00399613380432
