2 0.0765130519867
4 0.069610118866
6 0.0515711307526
8 0.0501790046692
10 0.0517480373383
12 0.0607211589813
14 0.0588898658752
16 0.057492017746
18 0.0641269683838
20 0.0668709278107
22 0.0675249099731
24 0.0702710151672
26 0.0667300224304
28 0.105723142624
30 0.102089166641
32 0.0955669879913
34 0.0661971569061
36 0.0669338703156
38 0.0625948905945
40 0.0612809658051
42 0.0575459003448
44 0.055496931076
46 0.0567319393158
48 0.0504360198975
50 0.0473389625549
52 0.0541288852692
54 0.0483820438385
56 0.0370650291443
58 0.0465879440308
60 0.0401120185852
62 0.030916929245
64 0.029865026474
66 0.0282897949219
68 0.0354170799255
70 0.025120973587
72 0.028382062912
74 0.0235719680786
76 0.0344388484955
78 0.0262761116028
80 0.0251290798187
82 0.0204181671143
84 0.00205016136169
