20 9.68744802475
40 29.0785939693
60 53.9360280037
80 79.1809139252
100 99.0851130486
120 112.124095917
140 120.11293602
160 122.781605959
180 121.911077023
200 125.971204042
220 126.384438038
240 128.277030945
260 126.375930071
280 126.187289
300 125.145709991
320 126.244838953
340 132.767771006
360 133.510921955
380 128.724608183
400 126.872665167
420 125.350044966
440 128.69393301
460 118.597450972
480 119.74405694
500 128.884056091
520 129.48122716
540 134.940186024
560 127.88150692
580 121.131791115
600 129.942848921
620 128.922276974
640 124.322937965
660 127.223039865
680 132.805893898
700 124.181524992
720 123.331728935
740 128.507208824
760 135.54755497
780 123.972134113
800 131.248282909
820 123.085855007
840 126.173205853
860 134.350992918
880 130.068104982
900 122.383157969
920 129.162436962
940 130.034178019
960 123.027559042
980 131.170869112
