2 0.111852884293
4 0.0976600646973
6 0.0934240818024
8 0.0840380191803
10 0.0857009887695
12 0.0910079479218
14 0.0894908905029
16 0.0891239643097
18 0.0924968719482
20 0.101543188095
22 0.100838899612
24 0.109961986542
26 0.11455988884
28 0.121599912643
30 0.127681970596
32 0.118584871292
34 0.126003026962
36 0.121410131454
38 0.129292964935
40 0.127496957779
42 0.130612134933
44 0.134050130844
46 0.127236843109
48 0.129634857178
50 0.129521131516
52 0.137701034546
54 0.137687921524
56 0.134871959686
58 0.135309934616
60 0.139051914215
62 0.148267030716
64 0.143332004547
66 0.142127990723
68 0.152322053909
70 0.147933959961
72 0.147029161453
