20 5.16264796257
40 12.5270209312
60 23.1375300884
80 32.9137411118
100 40.6239001751
120 47.874281168
140 44.7671790123
160 43.9799449444
180 40.7453451157
200 43.00406003
220 37.4879112244
240 38.0690350533
260 32.1734340191
280 30.7350728512
300 29.2940700054
320 26.2848749161
340 23.7024099827
360 24.1820640564
380 20.9142320156
400 20.2358701229
420 17.1460649967
440 15.0923161507
460 13.2405781746
480 11.4645190239
500 9.6022439003
520 8.15947413445
540 6.65974402428
560 5.77206110954
580 4.90220808983
600 3.71243000031
620 3.55364894867
640 2.16174006462
660 1.78175997734
680 1.35216498375
700 0.997476100922
720 0.705909967422
740 0.522044897079
760 0.371428966522
780 0.285143136978
800 0.218195915222
820 0.00474786758423
