2 0.0823740959167
4 0.066125869751
6 0.0640690326691
8 0.0697870254517
10 0.0624251365662
12 0.0611159801483
14 0.064610004425
16 0.0637021064758
18 0.0691049098969
20 0.0741000175476
22 0.0776090621948
24 0.0781271457672
26 0.0759871006012
28 0.0779812335968
30 0.0824589729309
32 0.0777630805969
34 0.075227022171
36 0.0794248580933
38 0.0702350139618
40 0.0708611011505
42 0.0630209445953
44 0.0607059001923
46 0.0623269081116
48 0.0536489486694
50 0.0586490631104
52 0.0512697696686
54 0.0480310916901
56 0.0535700321198
58 0.0476660728455
60 0.0485861301422
62 0.046600818634
64 0.0404760837555
66 0.0340740680695
68 0.0365498065948
70 0.0309641361237
72 0.0415160655975
74 0.0445439815521
76 0.0384261608124
78 0.0330669879913
80 0.0287530422211
82 0.0235359668732
84 0.0273768901825
86 0.0226578712463
88 0.0217430591583
90 0.00204491615295
