2 0.0713698863983
4 0.0577919483185
6 0.0476789474487
8 0.0510449409485
10 0.0705058574677
12 0.0677869319916
14 0.0542509555817
16 0.058876991272
18 0.0567538738251
20 0.0622351169586
22 0.058718919754
24 0.0625751018524
26 0.0641720294952
28 0.0707530975342
30 0.06232380867
32 0.0606369972229
34 0.05575299263
36 0.0568330287933
38 0.0508508682251
40 0.0531749725342
42 0.0502409934998
44 0.0473968982697
46 0.0439481735229
48 0.0395889282227
50 0.0345180034637
52 0.0369260311127
54 0.0349659919739
56 0.0305609703064
58 0.040561914444
60 0.0349810123444
62 0.0378119945526
64 0.0318260192871
66 0.022989988327
68 0.0265009403229
70 0.0210049152374
72 0.0245912075043
74 0.0240340232849
76 0.0243289470673
78 0.00188994407654
