2 0.0609529018402
4 0.0480389595032
6 0.0455560684204
8 0.047000169754
10 0.0459749698639
12 0.0430879592896
14 0.0442960262299
16 0.039813041687
18 0.0383069515228
20 0.0406320095062
22 0.0362939834595
24 0.0419700145721
26 0.037045955658
28 0.0425090789795
30 0.0377669334412
32 0.0289301872253
34 0.0260589122772
36 0.0395810604095
38 0.0220959186554
40 0.0206542015076
42 0.0213079452515
44 0.0255110263824
46 0.0179359912872
48 0.0107350349426
50 0.0096321105957
52 0.0125119686127
54 0.00704503059387
56 0.00600099563599
58 0.00504803657532
60 0.00708293914795
62 0.00182795524597
