2 0.0179889202118
4 0.0335290431976
6 0.0244591236115
8 0.0336110591888
10 0.0327770709991
12 0.0355291366577
14 0.0324709415436
16 0.0301649570465
18 0.0309700965881
20 0.0390121936798
22 0.0300209522247
24 0.0366570949554
26 0.0350620746613
28 0.0260009765625
30 0.0262260437012
32 0.0241959095001
34 0.0222861766815
36 0.0376420021057
38 0.0192530155182
40 0.0307080745697
42 0.0258491039276
44 0.0234129428864
46 0.0168688297272
48 0.0153360366821
50 0.0159440040588
52 0.00186204910278
