2 0.138135910034
4 0.118050098419
6 0.106504201889
8 0.1134121418
10 0.102096796036
12 0.110828876495
14 0.119250059128
16 0.123733043671
18 0.124252080917
20 0.132975101471
22 0.140823125839
24 0.148121118546
26 0.156097888947
28 0.168658018112
30 0.170377016068
32 0.171951055527
34 0.17915892601
36 0.18786907196
38 0.183964014053
40 0.199876070023
42 0.192769050598
44 0.193313121796
46 0.208108901978
48 0.195124864578
50 0.199199199677
52 0.19172501564
54 0.209130048752
56 0.205457925797
58 0.20526599884
60 0.207312822342
62 0.200804948807
64 0.206748008728
66 0.209808111191
68 0.211330890656
70 0.231086969376
72 0.212949037552
74 0.232515096664
76 0.221211910248
78 0.225504875183
80 0.227078199387
82 0.236905097961
84 0.236174106598
86 0.238362073898
88 0.244238853455
90 0.23667216301
