2 0.104461193085
4 0.241505146027
6 0.229650974274
8 0.244561195374
10 0.242418050766
12 0.234696865082
14 0.230440139771
16 0.186677932739
18 0.0987350940704
20 0.106370210648
22 0.107391119003
24 0.119901180267
26 0.115691900253
28 0.13059592247
30 0.133247852325
32 0.130460977554
34 0.1327688694
36 0.143185853958
38 0.139352083206
40 0.137606143951
42 0.145502090454
44 0.148993968964
46 0.154263019562
48 0.138504981995
50 0.142656087875
52 0.15204000473
54 0.144529104233
56 0.157255172729
58 0.154756069183
60 0.150388002396
62 0.145562171936
64 0.149341106415
66 0.144639015198
68 0.142812013626
70 0.145961999893
