2 0.0709180831909
4 0.0812668800354
6 0.0831818580627
8 0.090047121048
10 0.0956690311432
12 0.0941751003265
14 0.113053798676
16 0.113651990891
18 0.108711004257
20 0.116697072983
22 0.11593580246
24 0.120580911636
26 0.127518892288
28 0.139581918716
30 0.138988018036
32 0.150757074356
34 0.15075802803
36 0.154582977295
38 0.164933919907
40 0.161072015762
42 0.159056901932
44 0.16309094429
46 0.170381069183
48 0.163609981537
50 0.155875921249
52 0.174519062042
54 0.159511089325
56 0.175008058548
58 0.169535160065
60 0.171525001526
62 0.161747932434
64 0.165529966354
66 0.174072027206
68 0.172543048859
70 0.167900800705
72 0.171115159988
74 0.174596071243
