20 73.3277208805
40 83.3658571243
60 96.5675430298
80 109.969079971
100 125.697485924
120 138.941710949
140 157.266467094
160 154.949023008
180 165.166111946
200 172.858268976
220 174.005287886
240 166.092550993
260 164.854027987
280 152.793456078
300 167.734102964
320 157.516314983
340 165.158869982
360 165.511384964
380 167.095567942
400 165.024403095
420 155.367486954
440 163.738904953
460 173.900679827
480 167.279755831
500 172.169618845
520 163.791962862
540 163.205182076
560 166.994623899
580 153.243277073
600 156.027837992
620 167.453171015
640 164.624239922
660 149.349895
680 169.623128176
700 165.85613203
720 158.429083109
740 165.937633038
760 163.799245119
780 158.615900993
800 170.91811204
820 170.916378021
840 161.975791931
860 158.766922951
