10 1.05502891541
20 2.64037203789
30 4.4563729763
40 6.49184012413
50 8.25821208954
60 9.63368415833
70 10.5466649532
80 10.4318490028
90 10.7841279507
100 10.6640031338
110 9.54328203201
120 8.91870689392
130 8.68633103371
140 8.17185401917
150 7.29094314575
160 7.01781392097
170 6.47321200371
180 6.22248291969
190 5.60707712173
200 4.99265408516
210 5.0183608532
220 4.38331103325
230 3.91260409355
240 3.54958701134
250 2.98866796494
260 2.79700493813
270 2.68164992332
280 2.32045793533
290 2.10317993164
300 1.79109692574
310 1.596585989
320 1.35414004326
330 1.2395529747
340 1.08732700348
350 0.938298940659
360 0.868726968765
370 0.694717884064
380 0.598697900772
390 0.503867149353
400 0.432606935501
410 0.34464097023
420 0.297581195831
430 0.267402887344
440 0.19226193428
450 0.153679847717
460 0.108799934387
470 0.0981960296631
480 0.0759749412537
490 0.0632960796356
500 0.0446920394897
510 0.0354747772217
520 0.0279951095581
530 0.0186760425568
540 0.00452303886414
