2 0.134794950485
4 0.112432956696
6 0.0971879959106
8 0.107448101044
10 0.0966958999634
12 0.0956671237946
14 0.0920920372009
16 0.100430965424
18 0.0945410728455
20 0.108144044876
22 0.0944910049438
24 0.0985639095306
26 0.0957849025726
28 0.0966620445251
30 0.0916609764099
32 0.0907690525055
34 0.0882699489594
36 0.0838129520416
38 0.0800521373749
40 0.0818250179291
42 0.0755729675293
44 0.0757818222046
46 0.0793979167938
48 0.072361946106
50 0.0733029842377
52 0.0608899593353
54 0.0597200393677
56 0.0527429580688
58 0.0541620254517
60 0.0460779666901
62 0.0505268573761
64 0.0441651344299
66 0.0376360416412
68 0.0386960506439
70 0.0311961174011
72 0.0283410549164
74 0.0345709323883
76 0.0279371738434
78 0.0248560905457
80 0.0189290046692
82 0.0175740718842
84 0.0188660621643
86 0.0117800235748
88 0.0128798484802
90 0.00215697288513
