10 23.0343790054
20 24.6274549961
30 26.8941440582
40 29.925412178
50 32.3877818584
60 35.913877964
70 38.7212150097
80 42.1697618961
90 45.2651429176
100 49.3005800247
110 50.8740069866
120 53.3802170753
130 52.5348241329
140 54.7479748726
150 57.4157910347
160 55.9302740097
170 54.0994110107
180 58.7456488609
190 57.6921927929
200 59.3764460087
210 56.9866259098
220 58.1260149479
230 59.5878961086
240 60.8070168495
250 59.892206192
260 58.193611145
270 55.8663921356
280 56.3435320854
290 59.5603511333
300 60.7335240841
310 55.5925939083
320 56.701461792
330 55.6271779537
340 59.2665529251
350 59.6438717842
360 60.2758708
370 58.3193371296
380 56.6821460724
390 58.4837350845
400 60.9031190872
410 56.1340620518
420 56.7586290836
430 56.9371330738
440 60.6650121212
450 60.2813699245
460 61.7312569618
470 56.495513916
480 55.3665270805
490 59.8459570408
500 54.7662770748
510 57.237858057
520 59.6980960369
530 60.0074338913
540 59.7130260468
550 56.2867059708
560 61.0998399258
570 59.8748710155
580 56.745704174
590 59.4142079353
600 59.1472280025
