2 0.0251131057739
4 0.0358099937439
6 0.0451989173889
8 0.0432720184326
10 0.0496401786804
12 0.0556540489197
14 0.0690550804138
16 0.0719668865204
18 0.0730459690094
20 0.0828928947449
22 0.0853199958801
24 0.0922138690948
26 0.0871078968048
28 0.102252960205
30 0.0989000797272
32 0.095780134201
34 0.0954029560089
36 0.100362062454
38 0.0911967754364
40 0.0906691551208
42 0.0898640155792
44 0.0822410583496
46 0.0757110118866
48 0.0722270011902
50 0.0695450305939
52 0.0703599452972
54 0.0643990039825
56 0.0657570362091
58 0.0646541118622
60 0.058109998703
62 0.0607359409332
64 0.0568578243256
66 0.0473189353943
68 0.0486929416656
70 0.041759967804
72 0.0439889431
74 0.0379791259766
76 0.0364580154419
78 0.0503449440002
80 0.041188955307
82 0.0321760177612
84 0.0352909564972
86 0.0301389694214
88 0.044774055481
90 0.0400078296661
92 0.0348827838898
94 0.0309810638428
96 0.0259010791779
98 0.00420117378235
100 0.00209617614746
