2 0.155419111252
4 0.134635210037
6 0.128715991974
8 0.136344909668
10 0.132767915726
12 0.146288156509
14 0.144376039505
16 0.152648925781
18 0.153715848923
20 0.16576218605
22 0.166875123978
24 0.180304050446
26 0.181617975235
28 0.192883968353
30 0.19420003891
32 0.212437868118
34 0.216565132141
36 0.230348110199
38 0.236140966415
40 0.251912117004
42 0.245864868164
44 0.249544143677
46 0.254173994064
48 0.251024007797
50 0.229552030563
52 0.254117012024
54 0.27362704277
56 0.253088951111
58 0.260714054108
60 0.268979072571
62 0.261564970016
64 0.249225139618
66 0.261886119843
68 0.28462100029
70 0.268803119659
72 0.239151000977
74 0.249279022217
76 0.27299785614
78 0.272183895111
80 0.293719053268
82 0.250775098801
84 0.260665178299
86 0.270591974258
88 0.265919923782
