2 0.0631120204926
4 0.080069065094
6 0.0701270103455
8 0.122362136841
10 0.122371912003
12 0.0933039188385
14 0.132519006729
16 0.131057977676
18 0.0969979763031
20 0.104820966721
22 0.104326963425
24 0.115657806396
26 0.114282846451
28 0.124752998352
30 0.129240036011
32 0.133084058762
34 0.135715961456
36 0.136401891708
38 0.135319948196
40 0.140284061432
42 0.13395690918
44 0.138731956482
46 0.135298967361
48 0.143386125565
50 0.136396884918
52 0.227823019028
54 0.143309831619
56 0.142798900604
58 0.175362110138
60 0.142689943314
62 0.213191986084
64 0.21294093132
66 0.140143871307
68 0.149386167526
70 0.133989095688
