2 0.0575709342957
4 0.0527050495148
6 0.0485429763794
8 0.0512850284576
10 0.0668120384216
12 0.0530610084534
14 0.0579900741577
16 0.0589129924774
18 0.0547139644623
20 0.061439037323
22 0.0614850521088
24 0.0629200935364
26 0.0652968883514
28 0.0850520133972
30 0.0680940151215
32 0.0789449214935
34 0.0683109760284
36 0.069944858551
38 0.0673599243164
40 0.0706300735474
42 0.0710060596466
44 0.0679399967194
46 0.067202091217
48 0.0676879882812
50 0.0694239139557
52 0.0765941143036
54 0.0687139034271
56 0.0719618797302
58 0.0680291652679
60 0.0747148990631
62 0.0703699588776
