20 7.48929786682
40 21.5404999256
60 39.829736948
80 56.4125859737
100 70.2455890179
120 78.3153088093
140 80.2392890453
160 78.5688688755
180 80.6215069294
200 84.9262778759
220 89.9504039288
240 87.7353749275
260 82.0717508793
280 85.9222409725
300 89.5401809216
320 88.693310976
340 82.4564778805
360 85.690418005
380 83.2454149723
400 87.6723020077
420 82.9300608635
440 83.8971629143
460 81.6277899742
480 85.9978260994
500 86.5890860558
520 85.1129908562
540 83.641108036
560 87.5388169289
580 82.3972218037
600 81.3019919395
620 88.6441171169
640 81.9141759872
660 83.3554458618
680 83.4377570152
700 83.2817261219
720 80.5932700634
740 86.273720026
760 83.2433240414
780 84.2851810455
800 81.9107010365
820 83.6861610413
840 84.0708498955
860 87.4139249325
