2 0.0785429477692
4 0.0642831325531
6 0.0629889965057
8 0.0594131946564
10 0.0651891231537
12 0.071692943573
14 0.0616390705109
16 0.0672318935394
18 0.0674970149994
20 0.0645871162415
22 0.0641658306122
24 0.068263053894
26 0.0656449794769
28 0.0712220668793
30 0.0604419708252
32 0.0599858760834
34 0.0550198554993
36 0.0631070137024
38 0.0524241924286
40 0.0547881126404
42 0.0448100566864
44 0.052787065506
46 0.0478839874268
48 0.0368790626526
50 0.0372669696808
52 0.0387320518494
54 0.0459768772125
56 0.0282537937164
58 0.0268609523773
60 0.0288679599762
62 0.0297050476074
64 0.0209698677063
66 0.0172760486603
68 0.0500950813293
70 0.0459370613098
72 0.0406129360199
74 0.0300369262695
76 0.032233953476
78 0.00725793838501
80 0.00647497177124
82 0.00570297241211
84 0.0080509185791
86 0.0042290687561
88 0.00195002555847
