10 1.19006109238
20 3.2986907959
30 6.00730705261
40 9.0421090126
50 12.1184840202
60 15.2908329964
70 17.9386000633
80 19.5447227955
90 21.3527269363
100 22.7807121277
110 22.5856790543
120 25.191038847
130 23.995267868
140 24.4066460133
150 24.7019100189
160 25.7216169834
170 23.8064899445
180 25.5925540924
190 25.0136780739
200 26.5393660069
210 23.9583449364
220 24.9557900429
230 25.685103178
240 25.4041790962
250 24.7958760262
260 25.605175972
270 25.7186670303
280 25.9278688431
290 26.4936728477
300 24.9276900291
310 28.109598875
320 25.0393140316
330 24.8742501736
340 26.2062819004
350 25.0136880875
360 27.5810079575
370 24.4094219208
380 25.8572928905
390 26.3904709816
400 24.2950401306
410 26.5462219715
420 24.329431057
430 25.3452348709
440 25.8014981747
450 25.0391471386
460 25.4952049255
470 26.5760509968
480 23.9383368492
490 25.4411439896
500 25.8241829872
510 25.6755011082
520 25.134773016
530 27.3228399754
540 24.4092209339
550 26.3009917736
560 25.9549489021
570 23.8957481384
580 24.5379488468
