2 0.0599770545959
4 0.0680181980133
6 0.0661420822144
8 0.0785889625549
10 0.0768630504608
12 0.0882201194763
14 0.0799520015717
16 0.0887289047241
18 0.0924510955811
20 0.097501039505
22 0.0971250534058
24 0.106908082962
26 0.112347126007
28 0.112254858017
30 0.118960857391
32 0.125448942184
34 0.116791009903
36 0.140352010727
38 0.117934942245
40 0.130857944489
42 0.123090028763
44 0.143259048462
46 0.137931108475
48 0.125897884369
50 0.125990867615
52 0.130369186401
54 0.129114866257
56 0.129070997238
58 0.146287918091
60 0.130378961563
62 0.124183177948
64 0.130988836288
66 0.119146823883
