5 0.568661928177
10 0.626530170441
15 0.697904825211
20 0.796441078186
25 0.876425981522
30 0.957909107208
35 1.08790898323
40 1.1951751709
45 1.27492594719
50 1.40663194656
55 1.51611995697
60 1.6462290287
65 1.57142806053
70 1.94208312035
75 1.89215707779
80 1.72241401672
85 1.63784790039
90 1.76602005959
95 1.64279913902
100 1.69142699242
105 1.86188697815
110 1.82288002968
115 1.78094291687
120 1.85017681122
125 1.7691590786
130 1.96834588051
135 1.81952786446
140 1.73093795776
145 1.63854289055
150 1.72652792931
155 1.74112892151
160 1.72616100311
165 1.82714986801
170 1.70641803741
175 1.72599315643
180 1.83264303207
