2 0.124596118927
4 0.106261968613
6 0.0908970832825
8 0.0898520946503
10 0.125978946686
12 0.125921010971
14 0.132774114609
16 0.129846096039
18 0.0927519798279
20 0.0844218730927
22 0.10472202301
24 0.12531208992
26 0.0854110717773
28 0.130620002747
30 0.123749017715
32 0.102094888687
34 0.0776941776276
36 0.0761210918427
38 0.0711400508881
40 0.0703871250153
42 0.087553024292
44 0.0660448074341
46 0.0747578144073
48 0.0589380264282
50 0.0518758296967
52 0.052717924118
54 0.0456168651581
56 0.046284198761
58 0.050253868103
60 0.0405731201172
62 0.0331239700317
64 0.0310230255127
66 0.0292990207672
68 0.0262567996979
70 0.0238471031189
72 0.0213620662689
74 0.0232310295105
76 0.0206849575043
78 0.014347076416
80 0.0117218494415
82 0.00941205024719
84 0.00216197967529
