5 0.235495090485
10 0.261292934418
15 0.345436811447
20 0.450180053711
25 0.563127994537
30 0.677477121353
35 0.790862083435
40 0.896585941315
45 0.986083030701
50 1.06106495857
55 1.16047000885
60 1.14201188087
65 1.21333599091
70 1.25998997688
75 1.24484491348
80 1.27073907852
85 1.24451780319
90 1.28566193581
95 1.3844408989
100 1.34801220894
105 1.32543206215
110 1.36011505127
115 1.36697983742
120 1.47409915924
125 1.42055797577
130 1.43459391594
135 1.52019882202
140 1.53163409233
145 1.52939009666
150 1.52702307701
155 1.53980183601
160 1.58824920654
165 1.636977911
170 1.68302702904
175 1.90615081787
180 1.80083417892
185 1.69853711128
190 2.01897406578
195 1.85849404335
200 1.81032800674
