2 0.0970311164856
4 0.0771429538727
6 0.0687561035156
8 0.0803890228271
10 0.0720119476318
12 0.0635290145874
14 0.0636720657349
16 0.0582129955292
18 0.0589270591736
20 0.0611400604248
22 0.0580561161041
24 0.0529608726501
26 0.0514221191406
28 0.0754520893097
30 0.0708410739899
32 0.0481219291687
34 0.0413269996643
36 0.0433778762817
38 0.0381510257721
40 0.0403101444244
42 0.033175945282
44 0.0273070335388
46 0.0311868190765
48 0.0266819000244
50 0.020082950592
52 0.0221340656281
54 0.015772819519
56 0.013680934906
58 0.0110251903534
60 0.00848484039307
62 0.00202512741089
