10 0.451776027679
20 0.995677947998
30 1.61274003983
40 2.30650997162
50 2.80277514458
60 3.4345510006
70 3.72176599503
80 3.8280570507
90 3.80087900162
100 4.03114295006
110 3.73008608818
120 3.28590202332
130 2.87409710884
140 2.56240296364
150 2.22900986671
160 2.00857496262
170 1.83947682381
180 1.69926309586
190 1.57237315178
200 1.29658508301
210 1.16115784645
220 0.976876020432
230 0.831398010254
240 0.687632083893
250 0.564106941223
260 0.426943063736
270 0.362553119659
280 0.305852890015
290 0.244148015976
300 0.201419115067
310 0.16269993782
320 0.135747909546
330 0.115335941315
340 0.106802940369
350 0.0894589424133
360 0.00312495231628
