2 0.079283952713
4 0.071280002594
6 0.0643780231476
8 0.0660750865936
10 0.0661680698395
12 0.0644099712372
14 0.0694770812988
16 0.0662100315094
18 0.0704338550568
20 0.0741300582886
22 0.0677421092987
24 0.0800950527191
26 0.100649118423
28 0.073441028595
30 0.0678858757019
32 0.0845189094543
34 0.0658369064331
36 0.0595889091492
38 0.0555529594421
40 0.0579090118408
42 0.0548889636993
44 0.0470409393311
46 0.0539269447327
48 0.0471951961517
50 0.0430648326874
52 0.0479850769043
54 0.0538101196289
56 0.0375239849091
58 0.0393168926239
60 0.0340240001678
62 0.0273039340973
64 0.0371699333191
66 0.0236678123474
68 0.0254421234131
70 0.0196340084076
72 0.025130033493
74 0.0181660652161
76 0.0141150951385
78 0.0152490139008
80 0.00956201553345
82 0.00855708122253
84 0.0073869228363
86 0.00834608078003
88 0.00514602661133
90 0.00359702110291
92 0.00204491615295
