2 0.0495018959045
4 0.0681478977203
6 0.033173084259
8 0.064553976059
10 0.0593369007111
12 0.0421738624573
14 0.0382750034332
16 0.0372719764709
18 0.0354540348053
20 0.0498020648956
22 0.0329668521881
24 0.0360209941864
26 0.0320580005646
28 0.0441079139709
30 0.0361659526825
32 0.0300900936127
34 0.0282320976257
36 0.023097038269
38 0.0214400291443
40 0.0360429286957
42 0.0261509418488
44 0.021525144577
46 0.0246059894562
48 0.0211520195007
50 0.0187139511108
52 0.0147030353546
54 0.0140998363495
56 0.00182700157166
