20 5.46630096436
40 13.8321650028
60 21.3179898262
80 27.4174308777
100 29.4120221138
120 27.5002279282
140 27.0732140541
160 25.635933876
180 23.4144911766
200 20.7809259892
220 20.0181629658
240 18.7407069206
260 17.2430181503
280 15.7820000648
300 14.772906065
320 14.1168148518
340 13.3381748199
360 12.0161049366
380 11.5290389061
400 9.65041208267
420 8.31122207642
440 6.96299505234
460 5.95294809341
480 4.94326686859
500 3.98556017876
520 3.27598810196
540 2.67390084267
560 2.10130214691
580 1.67151594162
600 1.25542712212
620 0.930598974228
640 0.678777933121
660 0.478034973145
680 0.319842100143
700 0.206914901733
720 0.119410991669
740 0.0618619918823
760 0.00487613677979
