20 4.54163217545
40 12.0293028355
60 19.6474399567
80 25.3238608837
100 26.318377018
120 24.1128020287
140 21.8549501896
160 19.9272041321
180 17.9771370888
200 16.7465801239
220 13.3380570412
240 13.0131549835
260 10.5271100998
280 9.81423091888
300 8.34138798714
320 7.0165541172
340 6.14104485512
360 5.27074885368
380 4.12465119362
400 3.64739990234
420 2.96823000908
440 2.24220991135
460 1.78476810455
480 1.42317700386
500 1.08761692047
520 0.821506977081
540 0.575006008148
560 0.414963960648
580 0.3074259758
600 0.18697309494
620 0.119457006454
640 0.0719180107117
660 0.0432748794556
680 0.0241160392761
700 0.0043420791626
