2 0.114071130753
4 0.102328062057
6 0.0932881832123
8 0.0968220233917
10 0.104233980179
12 0.103614091873
14 0.105844974518
16 0.107661008835
18 0.10829615593
20 0.118790149689
22 0.118813037872
24 0.129591941833
26 0.129254102707
28 0.130257844925
30 0.144991159439
32 0.147610902786
34 0.147051095963
36 0.156435966492
38 0.150776863098
40 0.159415006638
42 0.160129070282
44 0.157675027847
46 0.159196138382
48 0.165400028229
50 0.164569854736
52 0.162122011185
54 0.157194852829
56 0.175881147385
58 0.166173934937
60 0.158756971359
62 0.239161014557
64 0.237426996231
66 0.15940785408
68 0.167194128036
70 0.165019035339
72 0.169337034225
74 0.159224033356
