2 0.0781087875366
4 0.0644299983978
6 0.0528259277344
8 0.0552878379822
10 0.0534219741821
12 0.0698101520538
14 0.060702085495
16 0.0661220550537
18 0.0637118816376
20 0.0694808959961
22 0.0686719417572
24 0.0711510181427
26 0.0714569091797
28 0.0787241458893
30 0.0733690261841
32 0.0682928562164
34 0.066269159317
36 0.0699181556702
38 0.0613942146301
40 0.0705888271332
42 0.0632882118225
44 0.0576817989349
46 0.0578320026398
48 0.0521349906921
50 0.0492980480194
52 0.0431249141693
54 0.0413920879364
56 0.0383241176605
58 0.0365569591522
60 0.0377941131592
62 0.0328640937805
64 0.0310699939728
66 0.0288770198822
68 0.0360219478607
70 0.0298299789429
72 0.0258011817932
74 0.0287020206451
76 0.0234520435333
78 0.0241780281067
80 0.0220279693604
82 0.0208690166473
84 0.0201649665833
86 0.00203394889832
