10 10.1437649727
20 11.1692960262
30 12.4873099327
40 14.1832809448
50 16.1675190926
60 18.3771810532
70 19.1560008526
80 20.7039649487
90 22.687525034
100 24.0700178146
110 24.3857748508
120 26.3586699963
130 24.6914730072
140 25.8724420071
150 24.7417879105
160 25.7130310535
170 28.4805707932
180 25.8567049503
190 26.1263790131
200 26.4227349758
210 26.3115720749
220 26.9587540627
230 26.9706330299
240 25.8907370567
250 26.7921459675
260 26.8114209175
270 27.4617378712
280 26.8222961426
290 26.5582590103
300 26.0316359997
310 27.4339060783
320 24.9042620659
330 26.4974899292
340 26.0178179741
350 27.2001769543
360 27.1729578972
370 26.4236168861
380 27.232806921
390 26.5017850399
400 28.1256361008
410 25.8668589592
420 26.1523389816
430 27.148979187
440 26.7281689644
450 26.6601500511
460 26.4350600243
