2 0.161708116531
4 0.142782211304
6 0.136071920395
8 0.136762142181
10 0.136224031448
12 0.143748044968
14 0.144919157028
16 0.149485111237
18 0.159397125244
20 0.171293973923
22 0.177510976791
24 0.195172071457
26 0.198468923569
28 0.210299968719
30 0.214554786682
32 0.216434001923
34 0.226177930832
36 0.235184192657
38 0.231914997101
40 0.252347946167
42 0.249934911728
44 0.268094062805
46 0.273809909821
48 0.266767978668
50 0.268076181412
52 0.276976108551
54 0.264102935791
56 0.27227306366
58 0.28249502182
60 0.267051935196
62 0.285718202591
64 0.27830696106
66 0.263741016388
68 0.288010835648
70 0.271042823792
72 0.272211074829
74 0.281094074249
76 0.290846824646
78 0.29912519455
80 0.280390024185
82 0.274261951447
84 0.27215385437
86 0.261721134186
88 0.277570962906
90 0.265917062759
