20 5.08128714561
40 13.4319519997
60 21.0014629364
80 24.9189119339
100 27.5294179916
120 26.2991061211
140 24.3219139576
160 22.5480349064
180 21.3127269745
200 19.30915308
220 17.9311528206
240 17.3153889179
260 15.5427610874
280 14.898925066
300 13.3705649376
320 12.7473151684
340 11.6803598404
360 10.9130089283
380 9.67155599594
400 8.06953191757
420 7.12188982964
440 5.92608499527
460 4.95094704628
480 4.06835818291
500 3.30600881577
520 2.7337179184
540 2.0257101059
560 1.62627196312
580 1.24265313148
600 0.874825954437
620 0.678744792938
640 0.457221031189
660 0.312878131866
680 0.208122014999
700 0.117600917816
720 0.0626149177551
740 0.00468897819519
