2 0.0636489391327
4 0.0638978481293
6 0.0682768821716
8 0.0726261138916
10 0.0781199932098
12 0.0791211128235
14 0.0894250869751
16 0.0895330905914
18 0.0922429561615
20 0.0993490219116
22 0.101580858231
24 0.108755111694
26 0.117777109146
28 0.112461805344
30 0.117962121964
32 0.121037960052
34 0.124737024307
36 0.129637956619
38 0.128983974457
40 0.137800931931
42 0.158862113953
44 0.152199983597
46 0.134480953217
48 0.141355037689
50 0.131579875946
52 0.137136936188
54 0.129408836365
56 0.141578197479
58 0.133362054825
60 0.135614871979
62 0.12955904007
64 0.131391048431
66 0.130075931549
68 0.128376960754
