10 23.4451930523
20 24.9543111324
30 27.1976308823
40 30.107378006
50 32.6889059544
60 35.993229866
70 39.475233078
80 41.5882577896
90 46.6184449196
100 49.0068318844
110 52.8327620029
120 54.9868841171
130 53.9709868431
140 54.8178038597
150 55.0759100914
160 59.6655399799
170 61.0409901142
180 59.4920768738
190 57.5562999249
200 55.8648328781
210 61.3633630276
220 54.7411339283
230 58.3167288303
240 61.5986549854
250 59.1632931232
260 57.2426249981
270 60.1438879967
280 58.6032829285
290 55.1583781242
300 53.3211121559
310 57.3419559002
320 52.2964379787
330 61.4869539738
340 59.2431719303
350 56.9344758987
360 57.4587421417
370 57.8952372074
380 59.3817970753
390 60.3066930771
400 59.3907339573
410 58.1788871288
420 54.9922981262
430 61.3709869385
440 61.2648918629
450 58.6955010891
460 55.9903481007
470 54.398234129
480 58.3946380615
490 61.5071280003
500 60.1885390282
510 61.1755950451
520 58.7218878269
530 56.4838478565
540 59.3098809719
550 57.3559000492
560 58.3895668983
570 62.6893010139
580 58.7323582172
590 60.1961660385
600 59.0641670227
