5 0.199208974838
10 0.288187980652
15 0.452639102936
20 0.626624107361
25 0.81491112709
30 1.05545091629
35 1.21277999878
40 1.40969705582
45 1.65091395378
50 1.82843708992
55 1.97929596901
60 1.96449685097
65 2.13965511322
70 2.06081700325
75 2.15685486794
80 2.25211906433
85 2.21764588356
90 2.36642003059
95 2.2772090435
100 2.28302502632
105 2.13001799583
110 2.14034295082
115 2.23711299896
120 2.24769806862
125 2.40806722641
130 2.46911406517
135 2.31938910484
140 2.35927200317
145 2.43332195282
150 2.31315398216
155 2.25828289986
160 2.21546006203
165 2.31737780571
170 2.29005980492
175 2.38634395599
180 2.45865702629
185 2.23270893097
190 2.26929306984
195 2.47139191628
200 2.33919906616
205 2.28766798973
210 2.40913581848
215 2.31552600861
220 2.36105298996
225 2.4079720974
230 2.40826916695
235 2.37130689621
240 2.36796998978
245 2.27144789696
250 2.18578505516
255 2.2221570015
260 2.39743089676
