2 0.121912002563
4 0.0945460796356
6 0.103300094604
8 0.0852990150452
10 0.104621887207
12 0.10199713707
14 0.100404977798
16 0.0988709926605
18 0.095771074295
20 0.105000019073
22 0.104234933853
24 0.11167883873
26 0.115942001343
28 0.115312099457
30 0.126989126205
32 0.124795913696
34 0.123187065125
36 0.139570951462
38 0.132397174835
40 0.13810300827
42 0.1362221241
44 0.129935979843
46 0.134049892426
48 0.133183002472
50 0.140463829041
52 0.144313097
54 0.137363910675
56 0.145770072937
58 0.138860940933
60 0.143177032471
62 0.15402507782
64 0.148544073105
66 0.147092819214
68 0.153795003891
70 0.149453878403
72 0.157805919647
74 0.154345035553
