20 2.60709810257
40 6.76720309258
60 11.9473781586
80 16.2868039608
100 20.0494999886
120 21.4253549576
140 19.0669260025
160 19.303789854
180 18.0283398628
200 13.9590730667
220 14.0625989437
240 12.132073164
260 10.9168040752
280 9.80262589455
300 9.24007296562
320 7.83066987991
340 6.66171884537
360 5.16390419006
380 4.08647608757
400 3.21024513245
420 2.6906979084
440 1.9740819931
460 1.43637895584
480 1.21038579941
500 0.790921926498
520 0.600402832031
540 0.410895109177
560 0.307770013809
580 0.223284959793
600 0.171699047089
620 0.00429010391235
