10 0.391937017441
20 1.04498195648
30 1.88218092918
40 2.85548996925
50 3.37746500969
60 4.23929405212
70 4.92772293091
80 5.27314209938
90 5.21836709976
100 5.36795687675
110 4.50190591812
120 4.52106785774
130 4.28055787086
140 4.27522301674
150 3.64322900772
160 3.39423298836
170 3.19107294083
180 2.77413010597
190 2.6892991066
200 2.40697097778
210 2.03758001328
220 1.73354482651
230 1.61408495903
240 1.29688596725
250 1.17539095879
260 0.991761922836
270 0.89799618721
280 0.687206983566
290 0.538446903229
300 0.472057104111
310 0.397691965103
320 0.315855979919
330 0.259009838104
340 0.215147972107
350 0.182077169418
360 0.155867099762
370 0.135744094849
380 0.12367606163
390 0.10792183876
400 0.0032160282135
