10 3.94737195969
20 4.43443202972
30 5.12534594536
40 6.07978487015
50 6.84472107887
60 7.89624094963
70 8.82765483856
80 9.43955802917
90 9.93245792389
100 10.6669280529
110 11.3714380264
120 10.671872139
130 11.2628901005
140 10.6355121136
150 10.8762490749
160 10.9771008492
170 10.3714067936
180 10.8734760284
190 11.537266016
200 11.8417561054
210 11.9149980545
220 10.9102070332
230 10.2109200954
240 11.1972699165
250 10.5269570351
260 11.1030988693
270 11.41644907
280 10.8690509796
290 11.3382780552
300 11.1781058311
310 11.037279129
320 10.6732780933
330 9.82718706131
340 11.5324602127
