2 0.0833919048309
4 0.0799579620361
6 0.0688669681549
8 0.0793740749359
10 0.0749061107635
12 0.0823118686676
14 0.0837659835815
16 0.0947208404541
18 0.0962429046631
20 0.107160806656
22 0.111308813095
24 0.16729593277
26 0.157442092896
28 0.127561092377
30 0.177206039429
32 0.185945987701
34 0.148411035538
36 0.14280295372
38 0.152425050735
40 0.145869016647
42 0.161078929901
44 0.150254011154
46 0.160183191299
48 0.157407045364
50 0.152391910553
52 0.163758993149
54 0.156976938248
56 0.154373168945
58 0.153094053268
60 0.155876159668
62 0.157310962677
64 0.158929109573
66 0.162935972214
68 0.171103000641
70 0.16939997673
72 0.161242961884
74 0.155071020126
76 0.176689147949
78 0.174837827682
80 0.171425104141
82 0.1628677845
84 0.165812969208
86 0.164253950119
88 0.165098905563
90 0.167168140411
92 0.165442943573
94 0.159469842911
96 0.170783996582
