5 0.194751977921
10 0.293942928314
15 0.400040864944
20 0.547190904617
25 0.673563957214
30 0.787468910217
35 0.904628992081
40 0.94388794899
45 1.0630838871
50 1.01020598412
55 1.05685400963
60 1.02679109573
65 0.955296039581
70 0.916012048721
75 0.826261997223
80 0.843477010727
85 0.831609010696
90 0.894786119461
95 0.800130844116
100 0.774140119553
105 0.720244884491
110 0.705328941345
115 0.590616941452
120 0.459266901016
125 0.417793989182
130 0.338201999664
135 0.290620088577
140 0.283000946045
145 0.239848852158
150 0.338674068451
155 0.310697078705
160 0.186766862869
165 0.159414052963
170 0.166615009308
175 0.130398988724
180 0.117877006531
185 0.10765504837
190 0.0964419841766
195 0.081169128418
200 0.0705049037933
205 0.0686349868774
210 0.0617280006409
215 0.0514450073242
220 0.0506200790405
225 0.039803981781
230 0.045804977417
235 0.0327949523926
240 0.0278689861298
245 0.016233921051
250 0.012363910675
255 0.00743794441223
260 0.0032479763031
