20 4.2055170536
40 11.5025098324
60 19.7319409847
80 25.1880362034
100 30.2429230213
120 30.2608771324
140 31.9660260677
160 30.8882257938
180 32.4105601311
200 32.5128569603
220 33.181620121
240 34.8375229836
260 35.9344530106
280 36.2606351376
300 36.1339318752
320 36.587305069
340 37.2956221104
360 38.7277030945
380 39.184871912
400 40.5835800171
420 40.4731891155
440 42.188049078
460 42.5612821579
480 44.3884921074
500 46.1463739872
520 46.5452029705
540 46.2232010365
560 48.9459171295
580 50.2756040096
600 51.9552919865
620 52.7203700542
640 50.9038059711
660 54.7835769653
