20 7.17600107193
40 19.4266541004
60 33.2129349709
80 44.057559967
100 53.6810631752
120 58.4697959423
140 58.8922979832
160 60.3809230328
180 62.5147109032
200 64.2694139481
220 62.771723032
240 65.0862820148
260 64.2020208836
280 65.1086668968
300 62.8137497902
320 67.1126871109
340 69.0328741074
360 69.4868209362
380 68.7454938889
400 71.3964109421
420 75.727850914
440 74.1205129623
460 75.4655461311
480 79.3140830994
500 80.2381489277
520 81.2749648094
540 81.4127030373
560 85.0762569904
580 87.0522670746
600 85.4172759056
620 86.127974987
640 86.4358940125
660 89.6133189201
680 91.7426130772
700 97.7163558006
720 93.8839831352
740 100.753993988
760 98.9604101181
780 101.803190947
800 106.482009888
820 101.952769041
840 106.402698994
