20 9.8823390007
40 27.4327881336
60 47.8488669395
80 64.2219388485
100 76.3402659893
120 83.5153589249
140 88.5012199879
160 88.4943990707
180 92.5796341896
200 92.3947439194
220 94.0833890438
240 92.9897451401
260 98.2601509094
280 98.4829978943
300 96.3198170662
320 99.1120541096
340 101.383157969
360 101.752876997
380 101.783137798
400 105.664153099
420 108.483222961
440 105.650045872
460 105.720736027
480 110.011600971
500 112.701808929
520 114.340219975
540 119.094139814
560 118.197091818
580 122.737491846
600 121.771908998
620 120.581236839
640 119.305160046
660 128.836344004
680 128.850431919
700 133.134553909
720 132.893720865
740 136.262177944
760 138.835410118
780 139.007930994
800 140.572679043
820 145.49299407
840 144.935848951
860 146.901818991
880 152.157080889
900 152.690099001
920 151.421109915
940 156.038565874
960 155.386667013
980 159.255740881
