20 2.88865184784
40 7.12895512581
60 12.7126688957
80 16.7841029167
100 18.5569250584
120 21.3424129486
140 18.4847929478
160 18.400799036
180 17.9650890827
200 14.4327979088
220 13.169978857
240 12.5755228996
260 11.1034770012
280 9.86110901833
300 8.35268688202
320 7.53597378731
340 5.94862604141
360 4.98674988747
380 4.08509492874
400 3.39582800865
420 2.598747015
440 2.17509102821
460 1.49342513084
480 1.17501401901
500 0.838957071304
520 0.577999830246
540 0.415992975235
560 0.302347898483
580 0.212712049484
600 0.164090871811
620 0.00412702560425
