2 0.0786900520325
4 0.0702998638153
6 0.0642461776733
8 0.0825340747833
10 0.0823709964752
12 0.0787720680237
14 0.0707149505615
16 0.0719230175018
18 0.0748739242554
20 0.0715870857239
22 0.0708689689636
24 0.0848889350891
26 0.0818660259247
28 0.0789198875427
30 0.0744249820709
32 0.0672290325165
34 0.0647428035736
36 0.060035943985
38 0.0606670379639
40 0.0565090179443
42 0.0584042072296
44 0.0555391311646
46 0.0547618865967
48 0.0495810508728
50 0.0419950485229
52 0.0511331558228
54 0.0394570827484
56 0.0411570072174
58 0.0342071056366
60 0.0390119552612
62 0.0325410366058
64 0.0268847942352
66 0.0246381759644
68 0.0263361930847
70 0.0359299182892
72 0.0177090167999
74 0.0232400894165
76 0.0202150344849
78 0.0150270462036
80 0.010241985321
82 0.0220410823822
84 0.0117659568787
86 0.00665712356567
88 0.00962209701538
90 0.0075249671936
92 0.00288605690002
94 0.00194382667542
