2 0.111780166626
4 0.0816278457642
6 0.0700459480286
8 0.0693700313568
10 0.0648319721222
12 0.0943019390106
14 0.0922451019287
16 0.0839760303497
18 0.0735290050507
20 0.0900208950043
22 0.0802319049835
24 0.0850689411163
26 0.0947840213776
28 0.0888500213623
30 0.0883588790894
32 0.0875279903412
34 0.0883040428162
36 0.0917918682098
38 0.0871357917786
40 0.0917661190033
42 0.0918869972229
44 0.0884501934052
46 0.0960981845856
48 0.0910968780518
50 0.0940618515015
52 0.0986030101776
54 0.0959470272064
56 0.0924599170685
