2 0.0761709213257
4 0.0493309497833
6 0.0432419776917
8 0.0451328754425
10 0.0423200130463
12 0.0482549667358
14 0.0436210632324
16 0.0443661212921
18 0.0485870838165
20 0.0532970428467
22 0.0501129627228
24 0.0579030513763
26 0.0508120059967
28 0.0523178577423
30 0.0466799736023
32 0.0483748912811
34 0.0431361198425
36 0.0448470115662
38 0.0394098758698
40 0.0402860641479
42 0.0331621170044
44 0.0347859859467
46 0.0365209579468
48 0.0315539836884
50 0.0260000228882
52 0.0290420055389
54 0.0236439704895
56 0.0220668315887
58 0.0292611122131
60 0.0247349739075
62 0.0248041152954
64 0.0186657905579
66 0.0209491252899
68 0.0203518867493
70 0.00194692611694
