10 1.21680903435
20 2.83033704758
30 4.95857906342
40 7.15160608292
50 8.80731582642
60 10.0867450237
70 11.3250231743
80 11.4099149704
90 11.0750420094
100 11.5403470993
110 10.5962619781
120 10.5943369865
130 10.4170660973
140 9.09825181961
150 9.02707791328
160 8.53997015953
170 8.04048800468
180 7.75025892258
190 7.34001302719
200 6.95358419418
210 6.65015697479
220 6.34117889404
230 6.18449902534
240 5.62498998642
250 5.36903905869
260 5.15352082253
270 5.05783009529
280 4.80255794525
290 4.28925299644
300 3.91736888885
310 3.52418088913
320 3.11423492432
330 2.71627092361
340 2.46975207329
350 2.36288022995
360 1.94109392166
370 1.7407040596
380 1.55684018135
390 1.33310198784
400 1.17508196831
410 0.951242923737
420 0.839959144592
430 0.718474149704
440 0.629479885101
450 0.508983135223
460 0.423826932907
470 0.341650009155
480 0.286334037781
490 0.232795953751
500 0.186982870102
510 0.142946958542
520 0.114084005356
530 0.0889248847961
540 0.0566699504852
550 0.0366048812866
560 0.00457787513733
