2 0.102864980698
4 0.0908889770508
6 0.091835975647
8 0.0813889503479
10 0.123003005981
12 0.0824398994446
14 0.121740102768
16 0.123287916183
18 0.0865519046783
20 0.0950610637665
22 0.106486082077
24 0.0997469425201
26 0.106746912003
28 0.107978820801
30 0.116255044937
32 0.107592821121
34 0.120073080063
36 0.114651203156
38 0.114400863647
40 0.120409965515
42 0.115926027298
44 0.123933076859
46 0.125228881836
48 0.114445924759
50 0.116457939148
52 0.12189412117
54 0.11993598938
56 0.121017932892
58 0.128793001175
60 0.122323036194
62 0.128419876099
64 0.124017000198
66 0.127077102661
