10 1.07457113266
20 2.48792099953
30 4.20428514481
40 6.55025982857
50 8.44008588791
60 10.2085471153
70 12.4719390869
80 14.4125618935
90 16.2089040279
100 15.8100559711
110 16.3575937748
120 18.0700290203
130 15.5879840851
140 16.4825959206
150 14.0055010319
160 14.296282053
170 13.479569912
180 12.5027830601
190 11.8731868267
200 11.5863611698
210 10.3652911186
220 10.7010691166
230 10.0916740894
240 8.52270197868
250 8.3559691906
260 8.19613099098
270 7.71950507164
280 7.61751198769
290 7.17557501793
300 6.31585001945
310 5.6941678524
320 5.51838803291
330 4.634100914
340 4.09118080139
350 3.9433028698
360 3.09865498543
370 2.8805770874
380 2.53084301949
390 2.28183221817
400 1.95205783844
410 1.80863904953
420 1.4794280529
430 1.3341178894
440 1.06564497948
450 0.984899997711
460 0.8314909935
470 0.667550086975
480 0.584103107452
490 0.489565849304
500 0.413206100464
510 0.348609924316
520 0.28325009346
530 0.24165892601
540 0.201736927032
550 0.18027806282
560 0.1540620327
570 0.14616394043
580 0.0039758682251
