20 59.5101070404
40 67.026943922
60 78.9296879768
80 91.7017378807
100 104.659235001
120 116.439136982
140 122.857686043
160 127.025548935
180 133.539739132
200 132.014398098
220 136.600688934
240 138.363417149
260 136.486805916
280 131.146630764
300 136.836587191
320 131.29795289
340 140.401465178
360 137.688127995
380 132.658691168
400 136.994822979
420 134.516788006
440 135.157059908
460 136.773648977
480 132.72556591
500 135.76113081
520 132.958733082
540 138.369915009
560 133.328907013
580 136.873790026
600 126.784662962
620 136.632694006
640 131.469961166
660 129.596439838
680 129.060960054
700 134.198631048
720 125.544540882
740 136.315630913
760 132.141137123
780 132.818977118
800 131.39577198
