10 1.28736996651
20 2.97602796555
30 5.30624914169
40 7.8255109787
50 9.64068603516
60 11.0137460232
70 12.1157209873
80 12.9513840675
90 12.6335339546
100 12.7593989372
110 12.1108908653
120 11.4728279114
130 10.789069891
140 10.7270629406
150 9.92834997177
160 9.5080769062
170 9.07859182358
180 8.62999296188
190 8.31464385986
200 7.87330293655
210 7.74181318283
220 7.01492595673
230 6.99839496613
240 6.5084810257
250 6.35942697525
260 6.14032506943
270 5.81213784218
280 5.5023598671
290 5.0890917778
300 4.73323702812
310 4.21739006042
320 3.82435297966
330 3.41976499557
340 3.09389519691
350 2.83615517616
360 2.57894396782
370 2.22904205322
380 1.8902349472
390 1.73270797729
400 1.51597690582
410 1.3340139389
420 1.33857393265
430 1.06086707115
440 1.01860308647
450 0.849873065948
460 0.637228012085
470 0.644020080566
480 0.514019966125
490 0.344608068466
500 0.36400103569
510 0.314743041992
520 0.188119888306
530 0.185572147369
540 0.155230998993
550 0.150175094604
560 0.117661952972
570 0.0351960659027
580 0.0041937828064
