2 0.0713059902191
4 0.065083026886
6 0.0594449043274
8 0.0643200874329
10 0.0691359043121
12 0.0692958831787
14 0.0683829784393
16 0.0718839168549
18 0.0755980014801
20 0.087760925293
22 0.0890967845917
24 0.0954260826111
26 0.0959420204163
28 0.0976541042328
30 0.11344909668
32 0.105365037918
34 0.111071109772
36 0.102715015411
38 0.111217021942
40 0.109596967697
42 0.110616922379
44 0.104369878769
46 0.111694097519
48 0.114542007446
50 0.111643075943
52 0.115312099457
54 0.101085186005
56 0.111083984375
58 0.109379053116
60 0.119704008102
62 0.115139007568
64 0.108779191971
66 0.114785194397
68 0.116995096207
70 0.111665964127
72 0.11732506752
74 0.122565984726
76 0.110594987869
78 0.149009943008
80 0.148094892502
