5 0.286942958832
10 0.338196992874
15 0.457276821136
20 0.608438014984
25 0.775093078613
30 0.965908050537
35 1.12987399101
40 1.31395816803
45 1.47935295105
50 1.61264204979
55 1.7614171505
60 1.73739004135
65 1.91606497765
70 1.95333409309
75 1.9204750061
80 1.97177290916
85 2.03519105911
90 1.99932694435
95 2.06535792351
100 2.13170289993
105 2.14087200165
110 2.14749979973
115 2.10288715363
120 2.18742609024
125 2.21018409729
130 2.13362789154
135 2.21874809265
140 2.26453995705
145 2.42638611794
150 2.36010122299
155 2.46317505836
160 2.38460612297
165 2.42034316063
170 2.45229506493
175 2.46012401581
180 2.53871703148
185 2.61340498924
190 2.5802500248
195 2.68492913246
200 2.62654495239
205 2.70186400414
210 2.70937418938
215 2.88289308548
220 2.81874394417
225 2.82689285278
230 3.00909495354
235 2.96211695671
240 2.97310209274
