20 7.55391788483
40 20.5687201023
60 33.9957859516
80 47.1230919361
100 52.9604508877
120 54.1311058998
140 51.5009591579
160 48.4906978607
180 45.1255180836
200 43.3582518101
220 36.782449007
240 32.9310081005
260 32.6482610703
280 27.5762529373
300 24.2925918102
320 22.5053510666
340 20.3948020935
360 18.35988307
380 17.1903860569
400 14.3972730637
420 13.1714739799
440 11.7346448898
460 10.0330388546
480 7.99048280716
500 7.11978602409
520 5.93407607079
540 4.78772807121
560 3.85936903954
580 3.45698094368
600 2.8888437748
620 2.14554405212
640 1.83905506134
660 1.37205791473
680 1.15590310097
700 0.908086061478
720 0.58230304718
740 0.466751098633
760 0.275763034821
780 0.18909907341
800 0.121886014938
820 0.0728271007538
840 0.0534529685974
860 0.0248341560364
880 0.00919103622437
