20 4.9832201004
40 13.480535984
60 24.7318089008
80 34.685874939
100 44.5342209339
120 52.6368720531
140 55.7910749912
160 56.2615580559
180 54.0385389328
200 55.256814003
220 41.4849920273
240 40.7577910423
260 39.5189049244
280 36.5537829399
300 34.9856939316
320 32.6936898232
340 28.7759768963
360 27.228219986
380 26.0544638634
400 23.1222529411
420 24.7796068192
440 20.9409170151
460 16.9391238689
480 14.4263138771
500 13.2338850498
520 10.9988207817
540 10.1603989601
560 8.25809597969
580 6.95430898666
600 5.59386396408
620 4.70820498466
640 3.74099302292
660 2.89372801781
680 2.22913908958
700 1.91349816322
720 1.32954502106
740 0.985362052917
760 0.863805055618
780 0.575456142426
800 0.436094045639
820 0.299978017807
840 0.234490871429
860 0.00471591949463
