10 0.354661941528
20 0.965642929077
30 1.74712896347
40 2.50485706329
50 3.20837712288
60 3.9945640564
70 4.38435411453
80 4.46065998077
90 4.69392800331
100 4.27961492538
110 3.79156208038
120 4.37524199486
130 3.78191590309
140 3.26852703094
150 3.24545693398
160 2.84494185448
170 2.44437503815
180 2.13652205467
190 2.08563184738
200 1.79107904434
210 1.5813639164
220 1.30803799629
230 1.19420313835
240 1.05231499672
250 0.819706916809
260 0.660722017288
270 0.567673921585
280 0.492412805557
290 0.396114110947
300 0.302640914917
310 0.256258010864
320 0.213074922562
330 0.173705816269
340 0.147951841354
350 0.129651784897
360 0.110697031021
370 0.098151922226
380 0.00332808494568
