20 4.86551809311
40 12.1891350746
60 19.4419472218
80 23.9182870388
100 25.3806920052
120 24.3500571251
140 22.360558033
160 20.7643070221
180 19.652392149
200 17.734940052
220 16.6933689117
240 15.3929290771
260 14.0460748672
280 13.3184418678
300 11.9470658302
320 11.4568209648
340 10.4935500622
360 9.55935192108
380 8.40294003487
400 7.08811092377
420 5.93180799484
440 4.77382802963
460 4.04806089401
480 3.29162096977
500 2.54050207138
520 2.01684093475
540 1.65246391296
560 1.26097893715
580 0.88883805275
600 0.764928102493
620 0.636160850525
640 0.615999937057
660 0.196927070618
680 0.117550134659
700 0.0602920055389
720 0.00487112998962
