5 0.216044187546
10 0.264540910721
15 0.36944103241
20 0.505909919739
25 0.642524003983
30 0.837811946869
35 0.926409006119
40 1.05024003983
45 1.19197297096
50 1.29260087013
55 1.42264795303
60 1.51295399666
65 1.47491598129
70 1.41765213013
75 1.44042110443
80 1.43073296547
85 1.27479410172
90 1.52402901649
95 1.16909503937
100 1.36110019684
105 1.35994577408
110 1.01357889175
115 1.13961410522
120 1.03752303123
125 0.742787837982
130 0.742641925812
135 0.638779878616
140 0.579805135727
145 0.556678056717
150 0.483089923859
155 0.464464902878
160 0.405427932739
165 0.34561419487
170 0.320417165756
175 0.296301841736
180 0.265423059464
185 0.228487014771
190 0.20103096962
195 0.18564581871
200 0.162259817123
205 0.141831159592
210 0.15610408783
215 0.118283987045
220 0.119076967239
225 0.117739915848
230 0.0942738056183
235 0.0913150310516
240 0.0807001590729
245 0.0682640075684
250 0.0668268203735
255 0.0586421489716
260 0.00286602973938
