5 1.5758869648
10 1.68569111824
15 1.85820698738
20 2.07726287842
25 2.21734595299
30 2.45362281799
35 2.74722385406
40 2.95054388046
45 3.16360878944
50 3.35578107834
55 3.65166401863
60 3.98876404762
65 4.20521593094
70 4.45643186569
75 4.6633708477
80 4.73497104645
85 4.82929491997
90 4.74815702438
95 5.12876796722
100 5.21146011353
105 4.98629212379
110 5.28377199173
115 4.84031105042
120 4.98938107491
125 5.25636792183
130 5.22499489784
135 4.91303801537
140 4.92738318443
145 5.26091003418
150 4.5449051857
155 5.06533002853
160 5.10559177399
165 4.86843085289
170 5.14507317543
175 4.90139985085
180 4.66800808907
185 5.04083991051
190 5.156498909
195 5.19000983238
200 5.09930610657
205 4.92136216164
210 4.67791795731
215 5.08997988701
220 5.13507699966
225 5.17467999458
230 4.75915002823
235 4.99866008759
240 4.82486701012
245 5.26654791832
250 5.18441390991
255 4.9549779892
260 5.09594988823
