20 30.1718819141
40 35.2304301262
60 42.4723031521
80 50.0663042068
100 56.8003511429
120 63.9037311077
140 65.4290661812
160 66.2794599533
180 70.0076041222
200 67.2463650703
220 68.8187019825
240 70.7091939449
260 71.8477199078
280 73.0570898056
300 72.8633570671
320 68.5435771942
340 72.3627729416
360 69.0316228867
380 67.7612068653
400 71.1526710987
420 72.2179288864
440 71.7203791142
460 74.1024410725
480 68.1394810677
500 68.8934829235
520 72.3696129322
540 74.7508020401
560 73.6609199047
580 67.1083850861
600 70.578813076
620 75.1769371033
640 69.0078339577
