5 0.166896104813
10 0.229204177856
15 0.340036153793
20 0.499019145966
25 0.644520044327
30 0.720160007477
35 0.897270917892
40 1.01920390129
45 1.08167695999
50 1.19178795815
55 1.34590291977
60 1.25373101234
65 1.3261141777
70 1.39646601677
75 1.31343483925
80 1.30730509758
85 1.39982008934
90 1.43083095551
95 1.49672889709
100 1.4896941185
105 1.42018890381
110 1.45775985718
115 1.38612914085
120 1.45828104019
125 1.49040293694
130 1.37045812607
135 1.51018881798
140 1.39164185524
145 1.47078204155
150 1.39921307564
155 1.40644216537
160 1.436658144
165 1.47890090942
170 1.4520418644
175 1.42756795883
180 1.55978488922
185 1.51472496986
190 1.28451895714
195 1.37435984612
200 1.37041401863
205 1.3321928978
210 1.53733611107
215 1.56467294693
220 1.58235788345
