2 0.136208057404
4 0.115773916245
6 0.131768941879
8 0.0982139110565
10 0.160254955292
12 0.168159008026
14 0.155701160431
16 0.152103900909
18 0.0991199016571
20 0.108184099197
22 0.0993800163269
24 0.104642868042
26 0.108960866928
28 0.101489067078
30 0.103363037109
32 0.0974779129028
34 0.0947859287262
36 0.0918591022491
38 0.087788105011
40 0.0876638889313
42 0.103521108627
44 0.0810840129852
46 0.0886299610138
48 0.0740079879761
50 0.0693130493164
52 0.0685830116272
54 0.0620520114899
56 0.0629410743713
58 0.0694589614868
60 0.055419921875
62 0.0599548816681
64 0.0523881912231
66 0.0413489341736
68 0.0427360534668
70 0.0382211208344
72 0.037328004837
74 0.0336980819702
76 0.0400052070618
78 0.0287089347839
80 0.0264639854431
82 0.020143032074
84 0.0220391750336
86 0.0156948566437
88 0.0170981884003
90 0.0138511657715
92 0.00205612182617
