10 0.918688058853
20 2.05664801598
30 3.63736605644
40 5.02631902695
50 5.94631385803
60 6.71951913834
70 7.50884008408
80 7.48526787758
90 7.21604585648
100 6.90487885475
110 6.48130297661
120 6.30122995377
130 5.87998700142
140 5.46987080574
150 5.11888217926
160 4.58567595482
170 4.28293395042
180 3.98580002785
190 4.02839899063
200 3.69685316086
210 3.67491984367
220 3.44082093239
230 3.28397488594
240 2.88457798958
250 2.66060400009
260 2.40192008018
270 2.0790989399
280 1.9883890152
290 1.63726305962
300 1.43513584137
310 1.24810409546
320 1.08329796791
330 0.921615123749
340 0.804911851883
350 0.677292108536
360 0.571251153946
370 0.474560022354
380 0.436026096344
390 0.358586072922
400 0.265980005264
410 0.228178024292
420 0.172298908234
430 0.136161088943
440 0.110213041306
450 0.0816540718079
460 0.058198928833
470 0.0341150760651
480 0.00463700294495
