2 0.0576360225677
4 0.0453240871429
6 0.0414860248566
8 0.0440011024475
10 0.0454819202423
12 0.0404479503632
14 0.0425498485565
16 0.038782119751
18 0.0341010093689
20 0.0374090671539
22 0.0304610729218
24 0.0338299274445
26 0.0322299003601
28 0.0367391109467
30 0.0282208919525
32 0.0258450508118
34 0.0208818912506
36 0.0223710536957
38 0.0193359851837
40 0.0196940898895
42 0.0189340114594
44 0.0133469104767
46 0.00822496414185
48 0.00643706321716
50 0.00611114501953
52 0.00544810295105
54 0.00674486160278
56 0.00183701515198
