20 33.101692915
40 38.4361629486
60 46.3138861656
80 54.6819939613
100 63.6279060841
120 69.9275939465
140 78.6330940723
160 77.3531680107
180 78.0342230797
200 76.9370028973
220 74.8861761093
240 78.4624722004
260 74.8764960766
280 75.2382450104
300 74.7123291492
320 77.0586640835
340 75.9469058514
360 73.2576160431
380 81.3395760059
400 73.8238658905
420 71.8187360764
440 77.7098619938
460 73.8974578381
480 74.7953979969
500 78.8719010353
520 76.4782240391
540 73.999284029
560 75.2664899826
580 76.4228909016
600 75.374778986
620 80.433891058
640 78.6136050224
660 78.1389229298
