2 0.0996921062469
4 0.106049060822
6 0.115404844284
8 0.116209983826
10 0.126044034958
12 0.127819061279
14 0.140812158585
16 0.142893075943
18 0.149779081345
20 0.165251970291
22 0.177309989929
24 0.177357196808
26 0.183523893356
28 0.189383029938
30 0.200082778931
32 0.209844112396
34 0.215318918228
36 0.231688022614
38 0.227264881134
40 0.2358751297
42 0.257118940353
44 0.256143808365
46 0.262162923813
48 0.273972988129
50 0.252490997314
52 0.242645025253
54 0.244406938553
56 0.266008853912
58 0.278576135635
60 0.265612125397
62 0.275739192963
64 0.272949934006
66 0.281662940979
68 0.307549953461
70 0.270205020905
72 0.248713970184
74 0.26175904274
76 0.284609079361
78 0.275334119797
80 0.273728847504
82 0.262758016586
84 0.266484975815
86 0.251569986343
88 0.265019893646
90 0.266677856445
