20 6.77592492104
40 17.2073609829
60 27.7996230125
80 36.3863039017
100 39.6547088623
120 38.0993068218
140 36.3053488731
160 33.3806898594
180 31.2228021622
200 29.5764210224
220 28.2712898254
240 26.0036971569
260 25.2557051182
280 23.6921241283
300 21.9749009609
320 20.5365469456
340 18.9606580734
360 18.1621530056
380 16.9879779816
400 16.2001450062
420 14.9163761139
440 13.0942218304
460 11.6077899933
480 9.91419816017
500 8.31580209732
520 6.8878018856
540 6.11143302917
560 5.26612997055
580 4.09138584137
600 3.38874697685
620 2.72960519791
640 2.09994792938
660 1.68320512772
680 1.25239896774
700 0.947262048721
720 0.708841085434
740 0.492438077927
760 0.337784051895
780 0.217351198196
800 0.128066062927
820 0.0629081726074
840 0.00521111488342
