2 0.0875520706177
4 0.0717051029205
6 0.0707368850708
8 0.0745220184326
10 0.0712480545044
12 0.0727980136871
14 0.0728461742401
16 0.0736119747162
18 0.0776171684265
20 0.0854239463806
22 0.0875179767609
24 0.093945980072
26 0.0915760993958
28 0.0918898582458
30 0.107720851898
32 0.1034719944
34 0.0992028713226
36 0.102915048599
38 0.101233005524
40 0.115437030792
42 0.114780187607
44 0.113787889481
46 0.103628158569
48 0.106204986572
50 0.0985019207001
52 0.104544878006
54 0.103264093399
56 0.103510856628
58 0.104640007019
60 0.0968780517578
