5 0.213621854782
10 0.231642007828
15 0.3019490242
20 0.375685930252
25 0.470953941345
30 0.532997131348
35 0.641093969345
40 0.718801021576
45 0.776091098785
50 0.869764089584
55 0.889304876328
60 0.922676801682
65 0.935831069946
70 0.899482965469
75 1.0246989727
80 1.00376701355
85 0.924937963486
90 0.971918821335
95 1.06004214287
100 1.03873801231
105 1.07766890526
110 1.04889392853
115 1.06442284584
120 1.09525513649
125 1.13784098625
130 1.24232792854
135 1.28113889694
140 1.27141404152
145 1.20945191383
150 1.30695009232
155 1.35248208046
160 1.31714391708
165 1.3135228157
170 1.30755805969
175 1.34648799896
180 1.42288398743
