20 47.8161890507
40 54.1706030369
60 63.7249979973
80 74.5266749859
100 85.5576679707
120 93.2858469486
140 103.136268139
160 99.8449368477
180 113.184588909
200 105.584644079
220 109.446245193
240 107.986382961
260 109.560813189
280 113.657278061
300 111.475468159
320 101.471834183
340 103.574765921
360 109.138406992
380 111.932049036
400 103.417732
420 113.201045036
440 110.757609844
460 109.841707945
480 109.699644089
500 100.869431973
520 103.082512856
540 106.411509037
560 109.885133028
580 103.673291922
600 98.2876148224
620 109.686303139
640 111.546128988
660 103.405612946
680 103.524809122
700 102.566244841
720 111.995013952
740 116.040213823
