2 0.0719828605652
4 0.0775527954102
6 0.0777580738068
8 0.0865252017975
10 0.0863049030304
12 0.0974941253662
14 0.099189043045
16 0.100448846817
18 0.106001853943
20 0.115759849548
22 0.121440887451
24 0.12575507164
26 0.1268491745
28 0.1418800354
30 0.144414901733
32 0.141621828079
34 0.147635936737
36 0.155950069427
38 0.155230045319
40 0.159265041351
42 0.145503997803
44 0.160711050034
46 0.162208080292
48 0.169450044632
50 0.170962095261
52 0.167551994324
54 0.164167881012
56 0.165190935135
58 0.172791957855
60 0.167042016983
62 0.171367883682
64 0.173367023468
66 0.159249067307
68 0.16557097435
70 0.155570983887
72 0.154372215271
74 0.162213802338
