10 1.02381110191
20 2.47833609581
30 4.32217001915
40 6.37415599823
50 8.29810285568
60 10.0833239555
70 11.8646149635
80 12.6319589615
90 13.4094309807
100 13.7949519157
110 14.5315449238
120 15.1309711933
130 14.5698449612
140 14.8245100975
150 15.4839298725
160 14.6829059124
170 15.1639230251
180 15.7354331017
190 15.7072639465
200 16.2748069763
210 16.9825549126
220 15.8365831375
230 15.8586299419
240 16.8181660175
250 16.5931899548
260 16.7120931149
270 18.4618871212
280 17.6930751801
290 18.1727790833
300 18.1659898758
310 17.8822979927
320 18.4865179062
330 17.9684939384
340 18.9299759865
350 20.0532040596
360 20.4515039921
370 20.0884900093
380 20.0600118637
390 21.1345009804
400 21.3941869736
410 21.3475410938
420 22.0923790932
430 22.8262619972
440 22.9097418785
450 23.0049490929
460 23.1643099785
470 23.7160739899
480 23.7304069996
490 24.4681479931
500 24.8113408089
