20 6.8947019577
40 18.5373179913
60 31.4807569981
80 39.89585495
100 43.9148938656
120 42.7908489704
140 43.3514270782
160 38.5657567978
180 35.8638119698
200 35.1282629967
220 32.7393670082
240 29.6505980492
260 24.846850872
280 21.9721300602
300 19.5120530128
320 18.2124419212
340 16.8150379658
360 14.8686389923
380 14.1905040741
400 11.2002410889
420 10.0128970146
440 8.68075323105
460 6.97044491768
480 5.80886292458
500 4.84250998497
520 4.02850103378
540 3.50778198242
560 3.09523797035
580 2.33064007759
600 1.96596479416
620 1.57103085518
640 1.06493496895
660 0.775813102722
680 0.661649942398
700 0.390635967255
720 0.309903860092
740 0.220705986023
760 0.122451066971
780 0.104781866074
800 0.0468330383301
820 0.0267219543457
840 0.00622296333313
