2 0.0722639560699
4 0.0567450523376
6 0.0558578968048
8 0.0476880073547
10 0.0510759353638
12 0.0509271621704
14 0.0719218254089
16 0.0684020519257
18 0.0558438301086
20 0.0622708797455
22 0.0602068901062
24 0.0597550868988
26 0.0689930915833
28 0.0670278072357
30 0.0635049343109
32 0.0566489696503
34 0.0556650161743
36 0.0586938858032
38 0.0522899627686
40 0.0527498722076
42 0.0560081005096
44 0.0481081008911
46 0.0530560016632
48 0.0468919277191
50 0.0361909866333
52 0.0380918979645
54 0.0318620204926
56 0.0502369403839
58 0.0291202068329
60 0.0356538295746
62 0.0300660133362
64 0.0366818904877
66 0.0285580158234
68 0.0229640007019
70 0.0219280719757
72 0.026652097702
74 0.0206580162048
76 0.0277578830719
78 0.0235269069672
80 0.00192713737488
