2 0.0910878181458
4 0.0837290287018
6 0.0749189853668
8 0.0739738941193
10 0.077240228653
12 0.0795910358429
14 0.0812809467316
16 0.0805020332336
18 0.0859038829803
20 0.09206199646
22 0.0918469429016
24 0.0989401340485
26 0.10327911377
28 0.10050702095
30 0.111787080765
32 0.111685037613
34 0.115177154541
36 0.118470907211
38 0.113901853561
40 0.140629053116
42 0.159497976303
44 0.120169878006
46 0.168442964554
48 0.151184797287
50 0.116240024567
52 0.120237112045
54 0.110861063004
56 0.119045972824
58 0.121099948883
60 0.116750001907
62 0.112943887711
64 0.117388963699
