5 0.149386882782
10 0.172247886658
15 0.224961996078
20 0.29761505127
25 0.4300968647
30 0.555037975311
35 0.59739279747
40 0.64982509613
45 0.608347892761
50 0.663579940796
55 0.672764778137
60 0.674422979355
65 0.720150947571
70 0.597537994385
75 0.5501101017
80 0.520349979401
85 0.478857040405
90 0.382035970688
95 0.406602144241
100 0.348308086395
105 0.31830906868
110 0.298805952072
115 0.263569116592
120 0.230855941772
125 0.205069065094
130 0.173666000366
135 0.153964042664
140 0.143132925034
145 0.127118825912
150 0.110780000687
155 0.142121076584
160 0.129240989685
165 0.0806450843811
170 0.077507019043
175 0.0717899799347
180 0.06440782547
185 0.0604939460754
190 0.054319858551
195 0.0510060787201
200 0.00263214111328
