2 0.0184631347656
4 0.0386688709259
6 0.0329420566559
8 0.0312540531158
10 0.0333459377289
12 0.0306689739227
14 0.0357060432434
16 0.0350890159607
18 0.0346159934998
20 0.038654088974
22 0.035952091217
24 0.0365860462189
26 0.0311388969421
28 0.0412108898163
30 0.0329139232635
32 0.0305309295654
34 0.0255100727081
36 0.0280511379242
38 0.0246901512146
40 0.0252208709717
42 0.0236258506775
44 0.0269558429718
46 0.0220201015472
48 0.0173110961914
50 0.0169448852539
52 0.0199060440063
54 0.0159020423889
56 0.00188088417053
