20 3.38722586632
40 8.74740791321
60 15.2354161739
80 20.5841350555
100 25.381248951
120 26.6241440773
140 25.6502969265
160 24.6268069744
180 21.6855969429
200 19.355864048
220 21.2547841072
240 17.7910430431
260 16.051404953
280 14.1559100151
300 13.4426968098
320 11.8513960838
340 10.5265209675
360 8.91621589661
380 7.5124001503
400 6.46544408798
420 5.22789001465
440 4.33850598335
460 3.40502095222
480 2.76908707619
500 1.91704320908
520 1.57063698769
540 1.24019908905
560 0.878196001053
580 0.632781028748
600 0.458634138107
620 0.321418046951
640 0.23775100708
660 0.180836200714
680 0.00452899932861
