2 0.092481136322
4 0.081787109375
6 0.0709080696106
8 0.0701401233673
10 0.0873019695282
12 0.0817289352417
14 0.0778620243073
16 0.0776472091675
18 0.0781259536743
20 0.0834619998932
22 0.0813310146332
24 0.0881109237671
26 0.0896859169006
28 0.0882050991058
30 0.0933258533478
32 0.0914919376373
34 0.0953781604767
36 0.110860109329
38 0.107254981995
40 0.0966939926147
42 0.0974640846252
44 0.101938009262
46 0.100082874298
48 0.0963888168335
50 0.102956056595
52 0.0998289585114
54 0.10254406929
56 0.103322982788
58 0.10066318512
