2 0.0719649791718
4 0.0779118537903
6 0.0641798973083
8 0.059602022171
10 0.0606110095978
12 0.0722508430481
14 0.0845990180969
16 0.0820050239563
18 0.0766978263855
20 0.163486003876
22 0.0857400894165
24 0.169752836227
26 0.130438804626
28 0.14084982872
30 0.14111495018
32 0.134657144547
34 0.107201099396
36 0.106615781784
38 0.110163927078
40 0.130468130112
42 0.120769023895
44 0.116693973541
46 0.115968942642
48 0.114829063416
50 0.111314058304
52 0.121165990829
54 0.116952896118
56 0.117271900177
58 0.11216211319
60 0.12965297699
62 0.120605945587
64 0.114490032196
66 0.118077039719
68 0.117032051086
70 0.122336149216
72 0.123490095139
74 0.104627132416
76 0.123707056046
78 0.119518041611
80 0.111255884171
82 0.113879919052
