2 0.047816991806
4 0.0923900604248
6 0.0904400348663
8 0.0842130184174
10 0.0387330055237
12 0.0384089946747
14 0.054995059967
16 0.0636379718781
18 0.0342500209808
20 0.0337409973145
22 0.0325841903687
24 0.0449278354645
26 0.032616853714
28 0.0277049541473
30 0.0302250385284
32 0.0277590751648
34 0.0230929851532
36 0.0256149768829
38 0.0238678455353
40 0.0183539390564
42 0.021635055542
44 0.0162601470947
46 0.025053024292
48 0.0152740478516
50 0.014307975769
52 0.0168430805206
54 0.00184011459351
