10 11.4103319645
20 12.5872979164
30 13.910089016
40 15.6116540432
50 17.4150989056
60 19.8147349358
70 21.4943621159
80 23.1012639999
90 24.2742910385
100 26.4347391129
110 27.7005918026
120 28.9854130745
130 27.7336680889
140 29.9796500206
150 30.1136648655
160 29.8530509472
170 29.7340099812
180 30.0247409344
190 28.7203481197
200 30.5742208958
210 29.2791419029
220 29.7406859398
230 29.8117041588
240 30.7810280323
250 28.7845950127
260 29.2012760639
270 30.0909631252
280 29.555729866
290 30.6594009399
300 31.5044789314
310 31.1756169796
320 29.8952848911
330 31.4789400101
340 28.7974390984
350 30.1570801735
360 29.6447570324
370 29.3846640587
380 32.0714139938
390 28.3953900337
400 28.5019609928
410 29.2196030617
420 27.8160390854
430 29.6545789242
440 29.7003490925
450 31.0474190712
460 29.269753933
470 30.2974488735
480 28.9881739616
