2 0.0185840129852
4 0.026093006134
6 0.0249938964844
8 0.026349067688
10 0.0290949344635
12 0.0329918861389
14 0.0301868915558
16 0.0324120521545
18 0.0331270694733
20 0.0361199378967
22 0.0337271690369
24 0.0338459014893
26 0.0369749069214
28 0.0317280292511
30 0.0342950820923
32 0.0288240909576
34 0.0239379405975
36 0.0266389846802
38 0.02126288414
40 0.0235538482666
42 0.022607088089
44 0.0256099700928
46 0.0211420059204
48 0.0165309906006
50 0.0157260894775
52 0.0187199115753
54 0.00182199478149
