2 0.0737271308899
4 0.0670058727264
6 0.059956073761
8 0.0621180534363
10 0.0619339942932
12 0.0624980926514
14 0.0665640830994
16 0.0630118846893
18 0.0615799427032
20 0.0608820915222
22 0.0780630111694
24 0.0593931674957
26 0.0708570480347
28 0.062194108963
30 0.0585260391235
32 0.0530309677124
34 0.0821189880371
36 0.11674785614
38 0.0480000972748
40 0.110851049423
42 0.0865800380707
44 0.0577318668365
46 0.0765810012817
48 0.0356090068817
50 0.0339879989624
52 0.0582311153412
54 0.0296370983124
56 0.046110868454
58 0.039920091629
60 0.0336802005768
62 0.0289440155029
64 0.021940946579
66 0.0147681236267
68 0.0303618907928
70 0.0116121768951
72 0.0220499038696
74 0.0159690380096
76 0.00744390487671
78 0.0100538730621
80 0.00549912452698
82 0.0046021938324
84 0.00548100471497
86 0.0019199848175
