10 1.3126449585
20 3.21100687981
30 5.97389578819
40 8.82675099373
50 11.9701149464
60 14.1307930946
70 16.3848831654
80 18.4517729282
90 19.8935849667
100 20.5334050655
110 21.6611399651
120 21.7489111423
130 21.9558329582
140 22.5153229237
150 21.9126088619
160 22.3640730381
170 22.9945161343
180 22.4067189693
190 23.9389519691
200 23.1512482166
210 23.7074151039
220 23.5830140114
230 23.8464100361
240 24.3563420773
250 23.6039271355
260 24.597452879
270 25.8690969944
280 25.3383171558
290 25.5791771412
300 25.3932249546
310 26.1494071484
320 26.5116450787
330 27.5764570236
340 27.400053978
350 28.9327559471
360 28.3994781971
370 28.9331262112
380 29.1080069542
390 28.9021360874
400 30.1942658424
410 30.4999380112
420 30.2535300255
430 31.6840238571
440 32.0790290833
450 32.6627540588
460 32.019796133
470 32.9436359406
480 33.1925568581
490 35.1484799385
500 35.4744520187
510 34.4032449722
520 35.0121619701
530 35.8814430237
540 35.4386410713
550 36.7801280022
560 36.6516911983
570 39.1064341068
580 37.6340098381
