20 7.83718013763
40 22.8893418312
60 40.2693269253
80 58.8490760326
100 70.932349205
120 81.8837428093
140 83.1388320923
160 83.0581738949
180 92.271761179
200 87.3900442123
220 93.267441988
240 91.8888361454
260 90.3771369457
280 84.3851180077
300 93.4421560764
320 91.7862179279
340 92.8341259956
360 90.21083498
380 84.6045351028
400 93.937871933
420 89.7699830532
440 85.1424679756
460 90.666203022
480 87.3760619164
500 94.8832390308
520 91.8843851089
540 92.953163147
560 88.7364449501
580 90.0868840218
600 96.3328809738
620 94.0125989914
640 87.7092242241
660 96.4663820267
680 92.8278961182
700 100.691952944
720 89.9079611301
740 91.2387487888
760 91.464015007
780 93.5002470016
800 85.9088921547
820 91.9960439205
840 88.2897100449
860 90.7116248608
880 90.8292529583
