20 6.25735521317
40 15.8805289268
60 25.7151770592
80 32.0051209927
100 33.826666832
120 32.5399949551
140 30.9760360718
160 29.576169014
180 26.347743988
200 25.0405609608
220 23.8690080643
240 22.2136290073
260 21.3347129822
280 19.4410860538
300 18.238792181
320 16.9505698681
340 15.8920710087
360 15.0694890022
380 14.4626131058
400 13.1772670746
420 11.523152113
440 9.82470703125
460 8.36046504974
480 7.04649400711
500 5.86948990822
520 5.06632494926
540 4.17404913902
560 3.46491503716
580 2.68246793747
600 2.18149709702
620 1.72032499313
640 1.24353289604
660 0.946176052094
680 0.680264949799
700 0.476866006851
720 0.32186794281
740 0.222841024399
760 0.1325340271
780 0.0689849853516
800 0.00473380088806
