2 0.134260177612
4 0.119764089584
6 0.114765167236
8 0.119174003601
10 0.11750292778
12 0.115807056427
14 0.12012386322
16 0.123941898346
18 0.130889892578
20 0.143555164337
22 0.144091844559
24 0.159767150879
26 0.161881923676
28 0.165395975113
30 0.168071985245
32 0.173635005951
34 0.180253982544
36 0.181808948517
38 0.195472955704
40 0.201200962067
42 0.21611905098
44 0.216278076172
46 0.204611063004
48 0.217245817184
50 0.21492600441
52 0.19924902916
54 0.21142911911
56 0.203196048737
58 0.223505020142
60 0.22727894783
62 0.202744960785
64 0.212764024734
66 0.213653087616
68 0.193424940109
70 0.229807138443
72 0.201995134354
74 0.219826936722
76 0.214048862457
78 0.204354047775
80 0.210474967957
82 0.202717065811
