10 0.861212968826
20 2.19937300682
30 3.73008990288
40 5.29331493378
50 6.67475509644
60 7.3874578476
70 8.30517601967
80 8.45951104164
90 7.85192298889
100 7.93994617462
110 7.63604903221
120 6.99950098991
130 6.5053730011
140 5.97728800774
150 5.78224110603
160 5.06672501564
170 4.48474097252
180 3.89328408241
190 4.20929288864
200 3.4839348793
210 3.18730688095
220 2.94406795502
230 2.42139005661
240 2.2774579525
250 2.18695902824
260 1.76196813583
270 1.56323814392
280 1.65023493767
290 1.28784990311
300 1.03712391853
310 0.945385932922
320 0.824542999268
330 0.68847990036
340 0.609861850739
350 0.559514045715
360 0.426653146744
370 0.374820947647
380 0.287243127823
390 0.224151134491
400 0.182101011276
410 0.154345035553
420 0.117383003235
430 0.0892639160156
440 0.0775671005249
450 0.0574729442596
460 0.0500118732452
470 0.0348908901215
480 0.0241229534149
490 0.0131969451904
500 0.00396800041199
