2 0.118674993515
4 0.0936138629913
6 0.0876779556274
8 0.124211072922
10 0.114892959595
12 0.075140953064
14 0.114065885544
16 0.109472990036
18 0.077290058136
20 0.0778660774231
22 0.0751669406891
24 0.0761258602142
26 0.0824420452118
28 0.0686409473419
30 0.0674600601196
32 0.0685250759125
34 0.0646619796753
36 0.0655300617218
38 0.0569498538971
40 0.0618939399719
42 0.0516791343689
44 0.0526139736176
46 0.0440690517426
48 0.0459649562836
50 0.0384278297424
52 0.0391898155212
54 0.0332341194153
56 0.0340111255646
58 0.0277590751648
60 0.0373439788818
62 0.0265250205994
64 0.027715921402
66 0.0185010433197
68 0.0198431015015
70 0.0181429386139
72 0.0115239620209
74 0.0123920440674
76 0.00203585624695
