2 0.164511919022
4 0.147464990616
6 0.136559963226
8 0.139374017715
10 0.149788141251
12 0.150407075882
14 0.151933908463
16 0.155225992203
18 0.163536787033
20 0.175873041153
22 0.182384967804
24 0.192336082458
26 0.196995973587
28 0.211977005005
30 0.214417934418
32 0.219676971436
34 0.230310916901
36 0.246104955673
38 0.249886989594
40 0.257243871689
42 0.256022930145
44 0.265127897263
46 0.281100034714
48 0.283780097961
50 0.297582149506
52 0.283427000046
54 0.274113178253
56 0.310981035233
58 0.274757862091
60 0.278711795807
62 0.279824972153
64 0.265867948532
66 0.278377056122
68 0.295212030411
70 0.292088031769
72 0.288522005081
74 0.295363903046
76 0.283116817474
78 0.302942991257
80 0.270457983017
82 0.288473844528
84 0.278580904007
86 0.259373903275
88 0.290790081024
90 0.279206991196
92 0.279510974884
