2 0.116950035095
4 0.130529880524
6 0.129416942596
8 0.142743110657
10 0.142155885696
12 0.164347887039
14 0.168579816818
16 0.1719789505
18 0.17560005188
20 0.194223165512
22 0.197324037552
24 0.209699869156
26 0.229951143265
28 0.227770090103
30 0.240341901779
32 0.240085840225
34 0.254465103149
36 0.259736061096
38 0.286051988602
40 0.304026126862
42 0.307350873947
44 0.286403179169
46 0.314201116562
48 0.314728975296
50 0.32325720787
52 0.321601867676
54 0.297796010971
56 0.301106929779
58 0.322473049164
60 0.327977895737
62 0.326362133026
64 0.312418937683
66 0.31251502037
68 0.337087154388
70 0.313831090927
72 0.320806980133
74 0.311414957047
76 0.333390951157
78 0.338421106339
80 0.295295953751
82 0.30103302002
84 0.326295137405
86 0.313961029053
88 0.346230983734
90 0.317191839218
92 0.355494022369
94 0.308909893036
96 0.325620889664
