2 0.0531091690063
4 0.0447700023651
6 0.0394330024719
8 0.0361390113831
10 0.0381808280945
12 0.0466339588165
14 0.0405650138855
16 0.0403771400452
18 0.0386221408844
20 0.0416028499603
22 0.0412619113922
24 0.0408799648285
26 0.0504260063171
28 0.0383131504059
30 0.0440049171448
32 0.0374488830566
34 0.0335609912872
36 0.0270459651947
38 0.0247790813446
40 0.0268819332123
42 0.0216369628906
44 0.0244090557098
46 0.0232849121094
48 0.0179920196533
50 0.0176868438721
52 0.0285909175873
54 0.0162739753723
56 0.0207178592682
58 0.0147581100464
60 0.00239992141724
