2 0.0746691226959
4 0.0688478946686
6 0.0638191699982
8 0.0685219764709
10 0.0664479732513
12 0.0759489536285
14 0.0767350196838
16 0.0797669887543
18 0.0836148262024
20 0.0915811061859
22 0.0961999893188
24 0.0988609790802
26 0.105645179749
28 0.111776828766
30 0.108736991882
32 0.110661029816
34 0.113927841187
36 0.116505861282
38 0.117292165756
40 0.123040914536
42 0.120808124542
44 0.129164934158
46 0.127799034119
48 0.124516963959
50 0.121836900711
52 0.131242036819
54 0.122870922089
56 0.125413179398
58 0.123822927475
60 0.144979000092
62 0.125593900681
64 0.131807088852
66 0.135371923447
68 0.125808000565
70 0.122158050537
72 0.131106138229
74 0.139232158661
76 0.126692056656
78 0.185721874237
80 0.17493391037
82 0.123105049133
84 0.141529083252
86 0.120700836182
