20 7.76098799706
40 21.8881249428
60 37.3189191818
80 49.6099281311
100 60.530673027
120 64.6451370716
140 70.6531529427
160 67.3561739922
180 68.7104380131
200 72.5605859756
220 72.9143428802
240 73.2617771626
260 71.1586871147
280 73.1914329529
300 75.7377090454
320 73.9471859932
340 78.5669291019
360 77.9003489017
380 80.352052927
400 81.1257638931
420 84.6474421024
440 83.0586669445
460 85.6494281292
480 83.0216300488
500 84.9284219742
520 88.8376030922
540 94.4498610497
560 93.7586169243
580 92.4129428864
600 95.2632181644
620 95.9973809719
640 97.2066957951
660 102.818148136
680 106.124839067
700 102.401405096
720 111.195824862
740 109.707696915
760 109.609239101
780 110.627989054
800 115.603963852
820 111.954452038
840 117.915711164
860 115.831222057
880 121.886190176
