10 1.2145190239
20 3.29024410248
30 5.69188404083
40 8.11440992355
50 10.8496749401
60 12.27810812
70 14.6766269207
80 15.2103788853
90 15.7308859825
100 15.0030779839
110 15.0287690163
120 13.8919069767
130 13.1122539043
140 12.1608929634
150 11.7802350521
160 10.8779377937
170 10.4712300301
180 10.2135131359
190 9.20076608658
200 8.44219684601
210 7.42326998711
220 7.03778409958
230 6.55523586273
240 5.72086596489
250 5.51629281044
260 4.81618881226
270 5.21526217461
280 4.50689601898
290 3.75564002991
300 3.79957818985
310 2.98070311546
320 2.92936587334
330 2.53554797173
340 2.42015790939
350 2.33443593979
360 1.79240894318
370 1.65816712379
380 1.32150697708
390 1.32964801788
400 1.07654500008
410 1.02391791344
420 0.819826841354
430 0.673538923264
440 0.585649967194
450 0.545176029205
460 0.418531179428
470 0.369220018387
480 0.2815990448
490 0.247730016708
500 0.188961029053
510 0.143805027008
520 0.120944976807
530 0.0996780395508
540 0.0805270671844
550 0.070111989975
560 0.0479300022125
570 0.0375120639801
580 0.0281660556793
590 0.0176248550415
600 0.00445318222046
