2 0.0953090190887
4 0.0898141860962
6 0.0788769721985
8 0.0718700885773
10 0.0704581737518
12 0.0745041370392
14 0.072408914566
16 0.0738549232483
18 0.0810561180115
20 0.0851700305939
22 0.0851039886475
24 0.0993978977203
26 0.110776901245
28 0.0925171375275
30 0.100797891617
32 0.0998599529266
34 0.0985369682312
36 0.0988018512726
38 0.102541923523
40 0.0995318889618
42 0.0998759269714
44 0.105304956436
46 0.105724096298
48 0.101613044739
50 0.105252027512
52 0.107652902603
54 0.110256910324
56 0.112421989441
58 0.111074924469
60 0.108433008194
