2 0.192999839783
4 0.283144950867
6 0.23358297348
8 0.311639070511
10 0.339593172073
12 0.341655015945
14 0.186007976532
16 0.319051980972
18 0.197257041931
20 0.219820976257
22 0.215925216675
24 0.223628044128
26 0.261566877365
28 0.289461135864
30 0.29607796669
32 0.300280094147
34 0.271971940994
36 0.292536973953
38 0.290234088898
40 0.306967020035
42 0.303102970123
44 0.324272871017
46 0.333813905716
48 0.350259065628
50 0.336565971375
52 0.368708848953
54 0.353567123413
56 0.346566915512
58 0.345278024673
60 0.345114946365
62 0.346441984177
64 0.348475933075
66 0.363931894302
68 0.33921790123
70 0.36296916008
72 0.370671033859
74 0.336927175522
76 0.346359014511
78 0.344240903854
80 0.362766981125
82 0.367576122284
84 0.353379011154
86 0.371287107468
88 0.363801956177
90 0.354681968689
92 0.361868143082
94 0.366925001144
96 0.336776971817
98 0.328600883484
100 0.364258050919
