2 0.173637151718
4 0.156317949295
6 0.146203994751
8 0.153692007065
10 0.147899866104
12 0.155730962753
14 0.156861066818
16 0.168313980103
18 0.174191951752
20 0.185921907425
22 0.192281961441
24 0.219004154205
26 0.222917079926
28 0.217695951462
30 0.230753183365
32 0.236554861069
34 0.247175931931
36 0.27615904808
38 0.279659986496
40 0.266625881195
42 0.310321092606
44 0.291735172272
46 0.301888942719
48 0.314749002457
50 0.289041996002
52 0.294747829437
54 0.297087907791
56 0.292783021927
58 0.299113988876
60 0.316629171371
62 0.3082280159
64 0.29264998436
66 0.296608924866
68 0.313640832901
70 0.312048912048
72 0.303114175797
74 0.316354036331
76 0.30326294899
78 0.324691057205
80 0.3191010952
82 0.315072059631
84 0.299607038498
86 0.311841964722
88 0.310841798782
90 0.305562973022
92 0.323798894882
94 0.325388908386
