10 0.430313110352
20 0.943701028824
30 1.52331614494
40 2.00654911995
50 2.33536291122
60 2.45355677605
70 2.19328117371
80 2.26158380508
90 1.97508192062
100 1.80911207199
110 1.65448498726
120 1.40424394608
130 1.24440097809
140 1.12335395813
150 0.930855989456
160 0.803157091141
170 0.723896026611
180 0.592655897141
190 0.520318984985
200 0.458385944366
210 0.355908870697
220 0.292129039764
230 0.238099098206
240 0.185745000839
250 0.148789167404
260 0.11925983429
270 0.0932550430298
280 0.0728271007538
290 0.0551378726959
300 0.0490100383759
310 0.0338549613953
320 0.0236520767212
330 0.0122079849243
340 0.00327610969543
