20 9.19853591919
40 25.7535119057
60 44.9179470539
80 61.2360050678
100 74.89727211
120 80.6583390236
140 84.1778149605
160 85.2691159248
180 89.1501100063
200 88.094700098
220 92.9049692154
240 88.0019090176
260 92.4282579422
280 91.9695489407
300 92.2161870003
320 93.7508289814
340 92.8674941063
360 93.5288670063
380 99.5200359821
400 99.1684939861
420 104.22667408
440 99.964607954
460 100.367863894
480 107.155267954
500 107.748113871
520 109.971838951
540 111.577178001
560 115.184496164
580 113.457828045
600 117.271088839
620 119.665676832
640 118.507872105
660 120.92641592
680 124.46083498
700 125.008169889
720 124.634096861
740 132.408576012
760 132.722358942
780 133.871853113
800 133.80081892
820 135.467218876
840 135.523828983
860 140.05027914
880 146.643887043
900 141.716736078
920 148.532581091
940 147.189738035
960 148.270198107
