20 6.25943112373
40 16.89407897
60 26.9283320904
80 33.590788126
100 36.2041971684
120 36.5268599987
140 34.36054492
160 30.0597019196
180 29.3186328411
200 28.4595859051
220 25.7602891922
240 23.9187459946
260 23.261428833
280 21.4765789509
300 19.0369508266
320 18.1688029766
340 17.8739578724
360 16.76161623
380 15.9306690693
400 14.6950390339
420 13.4214398861
440 11.5793190002
460 9.58062601089
480 8.62281894684
500 7.09048390388
520 6.10290122032
540 5.00468182564
560 4.06506514549
580 3.38440680504
600 2.69293403625
620 2.12753510475
640 1.65090203285
660 1.26957583427
680 0.927840948105
700 0.691673994064
720 0.489099979401
740 0.327873945236
760 0.222767114639
780 0.129925012589
800 0.0639519691467
820 0.00514078140259
