2 0.104673862457
4 0.130127906799
6 0.118766069412
8 0.138226032257
10 0.146028995514
12 0.143512010574
14 0.14430809021
16 0.150887966156
18 0.156748056412
20 0.171730995178
22 0.171710968018
24 0.186570882797
26 0.20020198822
28 0.212061166763
30 0.217114925385
32 0.224570989609
34 0.227817058563
36 0.234787940979
38 0.25004196167
40 0.260903120041
42 0.257627010345
44 0.27426815033
46 0.270599842072
48 0.264400005341
50 0.290339946747
52 0.270325899124
54 0.280005931854
56 0.279746055603
58 0.276037931442
60 0.267560005188
62 0.298650979996
64 0.288279056549
66 0.272832155228
68 0.269600152969
70 0.278017044067
72 0.258254051208
74 0.287071943283
76 0.273921012878
78 0.269228935242
80 0.280221939087
82 0.278479099274
84 0.273653030396
86 0.261106967926
88 0.283125162125
90 0.279549121857
92 0.257698059082
