20 6.21000003815
40 17.6058049202
60 29.984719038
80 39.5315620899
100 47.5718691349
120 50.4462380409
140 54.1216790676
160 53.5066080093
180 55.0125699043
200 55.1445999146
220 56.4904470444
240 58.4391810894
260 58.5087361336
280 56.5022170544
300 58.8684360981
320 60.1673779488
340 58.7999880314
360 61.0564939976
380 62.5480461121
400 66.2348511219
420 67.0964260101
440 65.363503933
460 66.2728579044
480 70.8812098503
500 70.3840241432
520 70.9214138985
540 73.8468670845
560 76.1096038818
580 76.9556910992
600 75.0759129524
620 79.7383081913
640 80.2056400776
660 79.8067970276
680 81.8185050488
700 84.1139159203
720 89.6913638115
740 88.277064085
760 90.4224209785
780 90.7023510933
800 92.8109271526
