20 89.5031268597
40 100.470269918
60 115.268313169
80 133.035427094
100 150.62609005
120 164.860183001
140 177.964866877
160 189.234844923
180 194.304574013
200 208.503227949
220 207.015275002
240 197.4392519
260 203.268180847
280 192.698940039
300 205.685132027
320 199.328249931
340 209.77687192
360 192.111531019
380 199.421015024
400 194.617289066
420 218.181846142
440 200.211885214
460 199.505873919
480 211.930335045
500 199.738148928
520 196.306848049
540 212.911976099
560 204.639169931
580 196.246417999
600 203.688862801
620 213.439489126
640 199.471833944
660 193.107025862
680 194.65465188
700 205.161113977
720 202.592758179
740 196.797482967
760 197.565886021
780 191.867017031
800 206.405214071
820 200.068893909
840 199.424413204
860 220.13738513
880 207.395375967
900 196.039256811
920 196.717952013
