2 0.0588541030884
4 0.0534019470215
6 0.0492219924927
8 0.0493049621582
10 0.0487010478973
12 0.050185918808
14 0.0461618900299
16 0.0427272319794
18 0.0426609516144
20 0.0521688461304
22 0.0392489433289
24 0.0407629013062
26 0.0367949008942
28 0.0351748466492
30 0.0411560535431
32 0.0310928821564
34 0.0307550430298
36 0.0315039157867
38 0.0276889801025
40 0.0267751216888
42 0.0202929973602
44 0.0295779705048
46 0.0190689563751
48 0.0185239315033
50 0.0122790336609
52 0.0145192146301
54 0.00884199142456
56 0.00797986984253
58 0.00643682479858
60 0.0055091381073
62 0.00414514541626
64 0.00291585922241
66 0.00192499160767
