2 0.124761819839
4 0.107372999191
6 0.0920839309692
8 0.091117143631
10 0.0959739685059
12 0.0926401615143
14 0.104849100113
16 0.104207992554
18 0.104900836945
20 0.117336034775
22 0.114557027817
24 0.127259016037
26 0.127475976944
28 0.136706113815
30 0.137693166733
32 0.139128923416
34 0.145813941956
36 0.142145872116
38 0.156300067902
40 0.151728868484
42 0.15404510498
44 0.151005983353
46 0.171190023422
48 0.1620221138
50 0.157521009445
52 0.1698179245
54 0.162966012955
56 0.16761302948
58 0.165630817413
60 0.168982028961
62 0.167607069016
64 0.1664249897
66 0.170413017273
68 0.168429136276
70 0.169262886047
72 0.172545909882
74 0.181661844254
76 0.186527967453
78 0.190404176712
80 0.179597139359
