2 0.0429627895355
4 0.0511910915375
6 0.0603790283203
8 0.0512640476227
10 0.0615711212158
12 0.0596311092377
14 0.0660190582275
16 0.0605750083923
18 0.065279006958
20 0.0714180469513
22 0.0691089630127
24 0.0773689746857
26 0.0760698318481
28 0.0752608776093
30 0.0854258537292
32 0.0872781276703
34 0.0809168815613
36 0.0832500457764
38 0.0828559398651
40 0.0824179649353
42 0.08744597435
44 0.0808379650116
46 0.0838689804077
48 0.0798079967499
50 0.0753638744354
52 0.0760459899902
54 0.0834188461304
