20 5.87832689285
40 16.1365120411
60 27.6552870274
80 34.9135298729
100 38.5281200409
120 38.722381115
140 34.7211358547
160 33.3162100315
180 29.6521270275
200 26.8174128532
220 26.0155630112
240 23.2331769466
260 20.049238205
280 18.1800649166
300 17.5287837982
320 14.266851902
340 12.0829820633
360 10.6507639885
380 9.63764500618
400 8.00308203697
420 6.76766610146
440 5.90555286407
460 5.15516805649
480 4.06815004349
500 3.53767681122
520 2.98789405823
540 2.37643504143
560 1.80937600136
580 1.35842299461
600 1.10127210617
620 0.758765935898
640 0.601767063141
660 0.442689180374
680 0.262727022171
700 0.178803920746
720 0.128253936768
740 0.0770690441132
760 0.0488891601562
780 0.0310640335083
800 0.0048770904541
