5 0.11813211441
10 0.11918091774
15 0.154624938965
20 0.202674150467
25 0.237120866776
30 0.27107000351
35 0.296463012695
40 0.326230049133
45 0.357033967972
50 0.344968080521
55 0.341109037399
60 0.287305831909
65 0.272133111954
70 0.263271093369
75 0.248305082321
80 0.207068920135
85 0.170124053955
90 0.154806137085
95 0.135816812515
100 0.126463890076
105 0.108659029007
110 0.102707862854
115 0.0938839912415
120 0.081130027771
125 0.0682380199432
130 0.0655698776245
135 0.0656759738922
140 0.0577311515808
145 0.054582118988
150 0.0546898841858
155 0.0428810119629
160 0.00251817703247
