2 0.0876820087433
4 0.0758090019226
6 0.0691130161285
8 0.0675718784332
10 0.0683581829071
12 0.068263053894
14 0.0740580558777
16 0.0716378688812
18 0.0729548931122
20 0.0771200656891
22 0.0757761001587
24 0.080235004425
26 0.0842170715332
28 0.0938229560852
30 0.090870141983
32 0.0859038829803
34 0.0851480960846
36 0.0907468795776
38 0.107129812241
40 0.105329990387
42 0.0891478061676
44 0.100503921509
46 0.0982699394226
48 0.0892012119293
50 0.0900490283966
52 0.0905268192291
54 0.0908570289612
