10 0.819548130035
20 2.45947504044
30 4.32597398758
40 6.57682394981
50 8.59157991409
60 11.166574955
70 13.3184518814
80 14.6062641144
90 16.8098111153
100 18.0027630329
110 19.1549971104
120 18.9942860603
130 17.3416280746
140 17.0337250233
150 15.8539588451
160 15.8037190437
170 14.0698390007
180 14.4454660416
190 15.4747538567
200 13.4210259914
210 12.3905041218
220 10.98031497
230 10.5280539989
240 10.3993630409
250 9.87443304062
260 8.84257292747
270 8.72481393814
280 8.26166701317
290 7.68699288368
300 7.58206892014
310 6.61495804787
320 6.41825008392
330 5.40894508362
340 5.60262393951
350 4.70677495003
360 4.38071298599
370 3.66981983185
380 3.56230998039
390 3.06141996384
400 2.84441900253
410 2.23968720436
420 1.99178814888
430 1.77943301201
440 1.563352108
450 1.2974190712
460 1.13381290436
470 0.962740898132
480 0.807343006134
490 0.724123954773
500 0.607841968536
510 0.514297962189
520 0.413507938385
530 0.357605934143
540 0.288424968719
550 0.252444028854
560 0.217540025711
570 0.188071012497
580 0.172796964645
590 0.158850908279
600 0.00795698165894
