2 0.151633024216
4 0.121684074402
6 0.107830047607
8 0.107511997223
10 0.104600906372
12 0.10134601593
14 0.148058176041
16 0.146904945374
18 0.109968900681
20 0.114231109619
22 0.114012002945
24 0.132405042648
26 0.127366065979
28 0.123337984085
30 0.115659952164
32 0.111747980118
34 0.1098279953
36 0.105413198471
38 0.106099128723
40 0.0996479988098
42 0.112978935242
44 0.0932021141052
46 0.0943479537964
48 0.090744972229
50 0.080188035965
52 0.0813889503479
54 0.0756421089172
56 0.0708038806915
58 0.0738909244537
60 0.064061164856
62 0.0683090686798
64 0.0573830604553
66 0.0574479103088
68 0.0496649742126
70 0.0470159053802
72 0.0471091270447
74 0.0398437976837
76 0.0418870449066
78 0.0422949790955
80 0.0320479869843
82 0.0304379463196
84 0.0311579704285
86 0.0241501331329
88 0.0219550132751
90 0.0230610370636
92 0.0247929096222
94 0.0186519622803
96 0.0117561817169
98 0.00944805145264
100 0.0022349357605
