20 101.617506981
40 114.881653786
60 128.918398857
80 148.934736013
100 166.606170893
120 183.001158953
140 205.940711975
160 212.952089071
180 217.836862087
200 233.506582022
220 231.454298019
240 236.90922308
260 222.173132896
280 222.636408091
300 227.150228024
320 223.897369146
340 219.676974058
360 229.283833027
380 226.37994194
400 224.323518038
420 228.063781023
440 243.555882215
460 232.277549028
480 229.344303131
500 214.457406044
520 211.306219101
540 223.652663946
560 227.115317106
580 218.293045998
600 220.670866013
620 228.005668163
640 226.548305035
660 227.426316023
680 225.198594093
700 222.805356979
720 228.17195797
740 235.671159983
760 226.788777113
780 214.349282026
800 220.680961132
820 227.036024809
840 219.935679913
860 235.868012905
880 236.306788206
900 221.308394194
920 216.754713058
940 217.311782122
960 239.060331106
