5 0.331522941589
10 0.397489070892
15 0.535640001297
20 0.719728946686
25 0.871876001358
30 1.04820990562
35 1.20793414116
40 1.30623579025
45 1.40663003922
50 1.54782295227
55 1.52504992485
60 1.46129894257
65 1.42079997063
70 1.51045608521
75 1.38213086128
80 1.25365400314
85 1.54166197777
90 1.30771017075
95 1.13901209831
100 1.15993094444
105 1.44043016434
110 1.00645399094
115 0.910350084305
120 0.961417913437
125 0.783654928207
130 0.75190114975
135 0.754528999329
140 0.716099023819
145 0.648686885834
150 0.587105035782
155 0.545119047165
160 0.490281105042
165 0.442972898483
170 0.406049966812
175 0.373642921448
180 0.32769203186
185 0.315248966217
190 0.268028020859
195 0.245602846146
200 0.218739032745
205 0.198124885559
210 0.180587053299
215 0.159139871597
220 0.147489070892
225 0.13054895401
230 0.111475944519
235 0.104314088821
240 0.0897068977356
245 0.0756919384003
250 0.0687038898468
255 0.056978225708
260 0.0497691631317
265 0.0415799617767
270 0.0360457897186
275 0.0237040519714
280 0.00302696228027
