2 0.145509004593
4 0.122313022614
6 0.107798099518
8 0.10636806488
10 0.114502906799
12 0.104233980179
14 0.105754137039
16 0.108893871307
18 0.107607126236
20 0.111032962799
22 0.110530138016
24 0.116236925125
26 0.113212823868
28 0.121621847153
30 0.114143848419
32 0.106981992722
34 0.105404138565
36 0.108973026276
38 0.112029075623
40 0.0960710048676
42 0.0928099155426
44 0.0898079872131
46 0.106600046158
48 0.116007804871
50 0.0768508911133
52 0.0744211673737
54 0.0708680152893
56 0.0700089931488
58 0.063138961792
60 0.0755360126495
62 0.0640370845795
64 0.061084985733
66 0.0515098571777
68 0.0470221042633
70 0.0435810089111
72 0.04438996315
74 0.0420451164246
76 0.0352399349213
78 0.0396320819855
80 0.0330669879913
82 0.026839017868
84 0.0305459499359
86 0.0254809856415
88 0.0227451324463
90 0.0168890953064
92 0.0186660289764
94 0.0185959339142
96 0.00935220718384
98 0.00233602523804
