2 0.0576159954071
4 0.0535221099854
6 0.0462729930878
8 0.0475561618805
10 0.0464639663696
12 0.0489120483398
14 0.0446510314941
16 0.0411801338196
18 0.0422041416168
20 0.0499911308289
22 0.0367159843445
24 0.0398199558258
26 0.0370078086853
28 0.0414800643921
30 0.034786939621
32 0.0311398506165
34 0.0273787975311
36 0.0370988845825
38 0.0234060287476
40 0.0255999565125
42 0.0341248512268
44 0.0193660259247
46 0.0187199115753
48 0.0114870071411
50 0.0102560520172
52 0.0131499767303
54 0.00766801834106
56 0.0105290412903
58 0.00543999671936
60 0.00393486022949
62 0.00323510169983
64 0.00147199630737
