2 0.0680799484253
4 0.0600681304932
6 0.0586259365082
8 0.0587940216064
10 0.0579290390015
12 0.0872309207916
14 0.0858509540558
16 0.084212064743
18 0.0633590221405
20 0.0683948993683
22 0.0676040649414
24 0.0724129676819
26 0.0905809402466
28 0.0881049633026
30 0.0929110050201
32 0.0889649391174
34 0.082261800766
36 0.0773530006409
38 0.075395822525
40 0.0812840461731
42 0.0790629386902
44 0.0866219997406
46 0.0783879756927
48 0.0778911113739
50 0.0764648914337
52 0.0778639316559
