2 0.0670459270477
4 0.0609350204468
6 0.0728850364685
8 0.0708949565887
10 0.0654809474945
12 0.0583920478821
14 0.0589599609375
16 0.055330991745
18 0.0561769008636
20 0.052873134613
22 0.0516538619995
24 0.0547320842743
26 0.0642709732056
28 0.0497980117798
30 0.0509748458862
32 0.0471351146698
34 0.043023109436
36 0.043564081192
38 0.0402572154999
40 0.0349080562592
42 0.0439960956573
44 0.0369980335236
46 0.0394351482391
48 0.0326550006866
50 0.0281460285187
52 0.0219779014587
54 0.0198829174042
56 0.0211679935455
58 0.0223200321198
60 0.0216388702393
62 0.0169160366058
64 0.00961995124817
66 0.00838494300842
68 0.0109570026398
70 0.00600099563599
72 0.00500512123108
74 0.00336694717407
76 0.00147318840027
