2 0.113540172577
4 0.0934429168701
6 0.0930349826813
8 0.092542886734
10 0.133827924728
12 0.132727861404
14 0.0958909988403
16 0.0982420444489
18 0.110438108444
20 0.108172893524
22 0.115185022354
24 0.120281934738
26 0.126349925995
28 0.12886095047
30 0.140097141266
32 0.139974117279
34 0.139656066895
36 0.146308898926
38 0.146718978882
40 0.14772605896
42 0.149301052094
44 0.144792795181
46 0.164179086685
48 0.147727966309
50 0.150655031204
52 0.170652151108
54 0.166406154633
56 0.154479026794
58 0.151580095291
60 0.155303955078
62 0.158555030823
64 0.152321100235
66 0.148870944977
68 0.153203964233
70 0.145844936371
72 0.156540155411
