2 0.114477157593
4 0.133473873138
6 0.141766786575
8 0.144845962524
10 0.143538951874
12 0.149284124374
14 0.158559083939
16 0.164776802063
18 0.170383930206
20 0.200940132141
22 0.188920974731
24 0.215845823288
26 0.224156856537
28 0.225617170334
30 0.229263067245
32 0.241385221481
34 0.247236013412
36 0.259443044662
38 0.26819396019
40 0.29049706459
42 0.276574134827
44 0.279639959335
46 0.313678979874
48 0.300295114517
50 0.319062948227
52 0.326387166977
54 0.300796985626
56 0.298635959625
58 0.328989982605
60 0.365123033524
62 0.344657897949
64 0.319260835648
66 0.314419031143
68 0.312039852142
70 0.295806884766
72 0.327543973923
74 0.311966896057
76 0.3270008564
78 0.303776025772
80 0.330456018448
82 0.318352937698
84 0.333923101425
86 0.299185991287
88 0.324893951416
90 0.308028936386
92 0.327170848846
94 0.321465015411
96 0.27959394455
