20 2.7055079937
40 7.44542717934
60 13.3741300106
80 17.9579720497
100 21.2672138214
120 21.5311989784
140 21.7316808701
160 19.3195540905
180 17.928732872
200 15.912927866
220 14.9058640003
240 14.8084700108
260 12.2329390049
280 11.7541539669
300 10.11156106
320 8.45371413231
340 7.62877702713
360 6.13315606117
380 5.09050893784
400 4.05608201027
420 3.46524405479
440 2.75491189957
460 2.01518321037
480 1.44758415222
500 1.20029997826
520 0.869877099991
540 0.625679969788
560 0.437047958374
580 0.310756206512
600 0.235785007477
620 0.177285909653
640 0.00411105155945
