10 0.76149892807
20 1.7656621933
30 3.01308679581
40 4.28903198242
50 5.67910814285
60 6.86675596237
70 7.6694290638
80 8.31497716904
90 8.73405599594
100 8.89971184731
110 9.01137590408
120 9.23051118851
130 9.30727910995
140 9.73177814484
150 9.8572769165
160 9.9765868187
170 9.63861393929
180 9.84028100967
190 9.89804601669
200 10.1036510468
210 10.8264191151
220 10.0760669708
230 11.1571609974
240 10.6298670769
250 10.8042809963
260 11.2353818417
270 11.5857110023
280 11.4909310341
290 11.8556861877
300 12.366063118
310 12.7372689247
320 12.5786540508
330 12.3499510288
340 13.1252508163
350 12.9163870811
360 13.8221199512
370 13.827794075
380 14.7325320244
390 14.7992658615
400 13.9001019001
410 14.833671093
420 15.2145678997
