20 8.08826804161
40 21.9383699894
60 35.843282938
80 44.8963651657
100 51.0379951
120 49.9392590523
140 48.4890060425
160 46.8196110725
180 43.3946988583
200 40.3542540073
220 40.5922691822
240 36.0731561184
260 34.8768899441
280 31.9848070145
300 31.0155920982
320 28.9997940063
340 27.0139448643
360 25.6413788795
380 24.9258959293
400 23.3934869766
420 22.0109291077
440 20.6935749054
460 20.2333920002
480 17.4505879879
500 15.0830380917
520 13.8069970608
540 11.3599870205
560 9.81557798386
580 8.86514997482
600 7.24264502525
620 6.20841002464
640 5.11786103249
660 4.26404094696
680 3.53523421288
700 2.6680021286
720 2.16869902611
740 1.73794102669
760 1.34474515915
780 0.995959043503
800 0.711376190186
820 0.488518953323
840 0.336307048798
860 0.221189022064
880 0.136670827866
900 0.0703389644623
920 0.00540208816528
