2 0.131531000137
4 0.118643045425
6 0.10879778862
8 0.112426996231
10 0.124410867691
12 0.123500108719
14 0.161772966385
16 0.162416934967
18 0.126760959625
20 0.136533021927
22 0.138656139374
24 0.151118040085
26 0.152729988098
28 0.156738996506
30 0.167396068573
32 0.169061899185
34 0.189733982086
36 0.179960012436
38 0.182845115662
40 0.215286970139
42 0.196715831757
44 0.193550109863
46 0.2034740448
48 0.199716091156
50 0.201143980026
52 0.217341899872
54 0.196767091751
56 0.212648868561
58 0.202456951141
60 0.228590011597
62 0.228470087051
64 0.200535058975
66 0.198553085327
68 0.198150873184
70 0.206396102905
72 0.204598903656
74 0.203680992126
76 0.2064909935
78 0.210352897644
80 0.186774969101
