2 0.0647459030151
4 0.069461107254
6 0.0740938186646
8 0.0787179470062
10 0.0806632041931
12 0.0919849872589
14 0.0915310382843
16 0.093209028244
18 0.0945990085602
20 0.102297067642
22 0.103940010071
24 0.109408855438
26 0.111011981964
28 0.117981910706
30 0.118386030197
32 0.120622873306
34 0.131340026855
36 0.125092983246
38 0.132108926773
40 0.149745941162
42 0.148583173752
44 0.129760026932
46 0.141721010208
48 0.129871845245
50 0.13423705101
52 0.135671138763
54 0.136259078979
56 0.128177165985
58 0.141272068024
60 0.131841182709
62 0.136209964752
64 0.136855125427
66 0.136758089066
68 0.134035110474
