2 0.128167867661
4 0.127202033997
6 0.108524084091
8 0.103096008301
10 0.104099035263
12 0.114649057388
14 0.114645957947
16 0.117558002472
18 0.127548217773
20 0.130759000778
22 0.135629177094
24 0.141360044479
26 0.145337820053
28 0.151669025421
30 0.16329407692
32 0.16513800621
34 0.172431945801
36 0.169069051743
38 0.174607992172
40 0.185729980469
42 0.198842048645
44 0.188544988632
46 0.188153028488
48 0.181590080261
50 0.177412033081
52 0.196974992752
54 0.181818962097
56 0.179956197739
58 0.190850019455
60 0.199959993362
62 0.206194877625
64 0.186064958572
66 0.212201118469
68 0.190212011337
70 0.211977005005
72 0.200964927673
74 0.186821937561
76 0.192903995514
78 0.196846008301
