2 0.0767199993134
4 0.0691599845886
6 0.064749956131
8 0.0653471946716
10 0.0802989006042
12 0.0663659572601
14 0.0681049823761
16 0.0739638805389
18 0.0696349143982
20 0.0767810344696
22 0.0754878520966
24 0.0966050624847
26 0.0957891941071
28 0.0943479537964
30 0.0855219364166
32 0.0894401073456
34 0.0866241455078
36 0.0906100273132
38 0.0906269550323
40 0.0967149734497
42 0.0920698642731
44 0.0944969654083
46 0.0936369895935
48 0.0864028930664
50 0.0848100185394
52 0.0878410339355
54 0.0884120464325
56 0.0808980464935
