2 0.0793461799622
4 0.0643019676208
6 0.0766890048981
8 0.0612189769745
10 0.0590960979462
12 0.0860159397125
14 0.0824930667877
16 0.0796499252319
18 0.0651788711548
20 0.0895609855652
22 0.0654599666595
24 0.0852329730988
26 0.0938010215759
28 0.0897631645203
30 0.0857048034668
32 0.0807671546936
34 0.0611431598663
36 0.0568130016327
38 0.058030128479
40 0.0496389865875
42 0.0518069267273
44 0.04354596138
46 0.0514569282532
48 0.0425550937653
50 0.043258190155
52 0.0349969863892
54 0.032301902771
56 0.0534250736237
58 0.0335221290588
60 0.0422070026398
62 0.031683921814
64 0.0293869972229
66 0.020388841629
68 0.0221991539001
70 0.0152850151062
72 0.0187430381775
74 0.0199458599091
76 0.0114779472351
78 0.00906205177307
80 0.00717806816101
82 0.00698113441467
84 0.00592803955078
86 0.00477313995361
88 0.00342082977295
90 0.00196099281311
