2 0.140220880508
4 0.117348194122
6 0.103822946548
8 0.103249073029
10 0.0960609912872
12 0.104125976562
14 0.101548910141
16 0.0991940498352
18 0.100737094879
20 0.107609987259
22 0.106543064117
24 0.111045122147
26 0.103424787521
28 0.114180088043
30 0.109776973724
32 0.101902961731
34 0.0948150157928
36 0.09748005867
38 0.0928831100464
40 0.0907101631165
42 0.083288192749
44 0.0838878154755
46 0.0754170417786
48 0.0730459690094
50 0.0720629692078
52 0.0732228755951
54 0.0647969245911
56 0.0648369789124
58 0.0635008811951
60 0.0615999698639
62 0.0549569129944
64 0.0469269752502
66 0.0454139709473
68 0.0451118946075
70 0.0464367866516
72 0.0400829315186
74 0.0410270690918
76 0.0340600013733
78 0.0362079143524
80 0.0312390327454
82 0.0228729248047
84 0.0317890644073
86 0.0175940990448
88 0.0236051082611
90 0.0133199691772
92 0.0144128799438
94 0.00206398963928
