5 0.118531942368
10 0.132213115692
15 0.173991918564
20 0.209819078445
25 0.290452957153
30 0.302147865295
35 0.310554027557
40 0.292866945267
45 0.233225822449
50 0.259231805801
55 0.226848840714
60 0.272212028503
65 0.158527135849
70 0.219680070877
75 0.195660114288
80 0.154680967331
85 0.105510950089
90 0.100872039795
95 0.0725080966949
100 0.0652458667755
105 0.0723831653595
110 0.0667181015015
115 0.0513079166412
120 0.0502290725708
125 0.0369670391083
130 0.0358641147614
135 0.0271110534668
140 0.0233299732208
145 0.0212030410767
150 0.0162777900696
155 0.011335849762
160 0.00256419181824
