20 3.12965607643
40 8.01924800873
60 13.8664832115
80 20.0442359447
100 23.4751279354
120 25.2352981567
140 23.0617887974
160 22.3461129665
180 20.1058959961
200 18.0910110474
220 16.8405849934
240 16.3917889595
260 15.8993299007
280 13.2106947899
300 12.1308870316
320 9.89234280586
340 9.49773406982
360 8.07889294624
380 6.9586520195
400 5.20520997047
420 4.25527215004
440 3.35414099693
460 2.92199492455
480 2.23880696297
500 1.62691497803
520 1.19532799721
540 0.837104797363
560 0.639380931854
580 0.444048166275
600 0.308476924896
620 0.232442140579
640 0.183475971222
660 0.0044059753418
