5 0.204481124878
10 0.232760190964
15 0.258999824524
20 0.309722900391
25 0.35298204422
30 0.394526958466
35 0.435372114182
40 0.438602924347
45 0.429290056229
50 0.411267995834
55 0.419189929962
60 0.371781826019
65 0.331526994705
70 0.304908037186
75 0.304915904999
80 0.268440008163
85 0.253224849701
90 0.243724107742
95 0.213978052139
100 0.199216127396
105 0.174268960953
110 0.169200897217
115 0.137701034546
120 0.126653909683
125 0.108137130737
130 0.102140903473
135 0.0905909538269
140 0.0806331634521
145 0.067342042923
150 0.0578260421753
155 0.0569710731506
160 0.0446269512177
165 0.0322098731995
170 0.0294559001923
175 0.019003868103
180 0.00254702568054
