2 0.0203368663788
4 0.0240750312805
6 0.0319411754608
8 0.0296249389648
10 0.0322141647339
12 0.0387048721313
14 0.036180973053
16 0.0382380485535
18 0.039705991745
20 0.0451641082764
22 0.0421469211578
24 0.0407419204712
26 0.047464132309
28 0.0423338413239
30 0.0445530414581
32 0.0354490280151
34 0.0323600769043
36 0.0355479717255
38 0.0292448997498
40 0.0280478000641
42 0.0253119468689
44 0.0286180973053
46 0.0229938030243
48 0.0220601558685
50 0.0250580310822
52 0.0201239585876
54 0.0199570655823
56 0.0193049907684
58 0.0222699642181
60 0.0218539237976
62 0.00691103935242
64 0.00183987617493
