2 0.017765045166
4 0.0269839763641
6 0.0230638980865
8 0.029914855957
10 0.038645029068
12 0.0342769622803
14 0.0278151035309
16 0.0276188850403
18 0.0293860435486
20 0.0410149097443
22 0.0317192077637
24 0.0308601856232
26 0.0266530513763
28 0.0371429920197
30 0.0322678089142
32 0.0227699279785
34 0.021693944931
36 0.0246770381927
38 0.0185420513153
40 0.0254199504852
42 0.0209698677063
44 0.0161578655243
46 0.0197920799255
48 0.0153040885925
50 0.00376296043396
52 0.00191497802734
