10 0.502512931824
20 1.05608391762
30 1.77081990242
40 2.56312584877
50 3.35609507561
60 4.06690597534
70 4.34615492821
80 4.813560009
90 4.76842904091
100 4.44612693787
110 3.95779895782
120 3.77733016014
130 3.43522691727
140 3.22725701332
150 3.09238886833
160 2.74563789368
170 2.32157516479
180 2.30570197105
190 1.96817612648
200 1.83471798897
210 1.6327009201
220 1.33919715881
230 1.15213918686
240 0.963443994522
250 0.863743066788
260 0.674471139908
270 0.551432132721
280 0.502384185791
290 0.407930850983
300 0.304823160172
310 0.257498979568
320 0.205456972122
330 0.169034004211
340 0.141388893127
350 0.120384931564
360 0.108540058136
370 0.0965418815613
380 0.00313687324524
