2 0.0968420505524
4 0.0895779132843
6 0.0835909843445
8 0.102608919144
10 0.0997700691223
12 0.0932819843292
14 0.0883519649506
16 0.0899438858032
18 0.0917019844055
20 0.0998299121857
22 0.103018045425
24 0.111383914948
26 0.109704017639
28 0.118495941162
30 0.119595050812
32 0.115381002426
34 0.117660999298
36 0.121855974197
38 0.13013792038
40 0.130682945251
42 0.129467010498
44 0.121539831161
46 0.130722999573
48 0.123893022537
50 0.126337051392
52 0.132915019989
54 0.135646104813
56 0.137763977051
58 0.134629011154
60 0.133327007294
62 0.132103919983
64 0.124269962311
66 0.134603977203
