2 0.0739550590515
4 0.0602929592133
6 0.0596578121185
8 0.0639190673828
10 0.0594019889832
12 0.05548787117
14 0.0785717964172
16 0.076770067215
18 0.0648710727692
20 0.0573182106018
22 0.0571141242981
24 0.0615608692169
26 0.059238910675
28 0.0604219436646
30 0.0559020042419
32 0.0480148792267
34 0.0488579273224
36 0.051069021225
38 0.0445051193237
40 0.0441288948059
42 0.0426590442657
44 0.0399940013885
46 0.0385761260986
48 0.0327851772308
50 0.0300121307373
52 0.0317480564117
54 0.0245311260223
56 0.0315449237823
58 0.0252678394318
60 0.0205721855164
62 0.02578997612
64 0.0186769962311
66 0.0140399932861
68 0.015261888504
70 0.010244846344
72 0.00922298431396
74 0.0143918991089
76 0.0100011825562
78 0.00458097457886
80 0.00347900390625
82 0.00200390815735
