5 0.0650551319122
10 0.129765033722
15 0.202234983444
20 0.293692111969
25 0.362375020981
30 0.446115016937
35 0.517199039459
40 0.543092012405
45 0.621364831924
50 0.639520168304
55 0.587234973907
60 0.615597009659
65 0.662927150726
70 0.587918996811
75 0.528351068497
80 0.470833778381
85 0.463165998459
90 0.420569896698
95 0.373561859131
100 0.368246793747
105 0.323978900909
110 0.300921201706
115 0.253998994827
120 0.242533922195
125 0.199126005173
130 0.174525976181
135 0.158715009689
140 0.155534982681
145 0.122076034546
150 0.121211051941
155 0.106426000595
160 0.101743936539
165 0.0817830562592
170 0.078595161438
175 0.072812795639
180 0.067419052124
185 0.0580940246582
190 0.05917096138
195 0.0508980751038
200 0.0026969909668
