10 0.81315112114
20 2.0064330101
30 3.4551320076
40 4.73702812195
50 5.95250701904
60 6.91371202469
70 7.28270792961
80 7.16148591042
90 7.05495095253
100 6.7479019165
110 6.48135495186
120 6.08746218681
130 5.41910099983
140 5.35821509361
150 4.86356115341
160 4.33731389046
170 3.91185903549
180 3.36720108986
190 3.31288409233
200 2.87204790115
210 2.49713897705
220 2.31569385529
230 2.10274291039
240 1.91259908676
250 1.57011699677
260 1.44888687134
270 1.26319289207
280 1.13997817039
290 1.07263898849
300 0.856417894363
310 0.712470054626
320 0.573631048203
330 0.481366157532
340 0.472186803818
350 0.371270895004
360 0.287347793579
370 0.33234500885
380 0.273150920868
390 0.154689073563
400 0.206701993942
410 0.0919079780579
420 0.0804538726807
430 0.0603830814362
440 0.0505940914154
450 0.0344791412354
460 0.029464006424
470 0.0147380828857
480 0.00434899330139
