2 0.023736000061
4 0.0238020420074
6 0.0299370288849
8 0.0270059108734
10 0.0367348194122
12 0.0371639728546
14 0.0386781692505
16 0.0339071750641
18 0.0355410575867
20 0.0397880077362
22 0.0368189811707
24 0.0382280349731
26 0.0522210597992
28 0.0357041358948
30 0.0448129177094
32 0.0275142192841
34 0.0265030860901
36 0.0292370319366
38 0.0245351791382
40 0.0259530544281
42 0.0247650146484
44 0.0291290283203
46 0.023059129715
48 0.0182800292969
50 0.0174160003662
52 0.0227789878845
54 0.0166809558868
56 0.00380897521973
58 0.00190711021423
