2 0.141530990601
4 0.118803977966
6 0.107995986938
8 0.121818065643
10 0.118754148483
12 0.117789983749
14 0.117929935455
16 0.120709896088
18 0.130424022675
20 0.132570028305
22 0.137341022491
24 0.151407957077
26 0.166661977768
28 0.168745994568
30 0.212369918823
32 0.211062192917
34 0.187399148941
36 0.184966087341
38 0.186033010483
40 0.180521965027
42 0.198698043823
44 0.195389032364
46 0.204298973083
48 0.207579851151
50 0.206774950027
52 0.202614068985
54 0.203778982162
56 0.209949970245
58 0.21044421196
60 0.200613021851
62 0.222450971603
64 0.205300092697
66 0.214051008224
68 0.227613925934
70 0.221226930618
72 0.224310159683
74 0.233085155487
76 0.241472959518
78 0.231362104416
80 0.242766857147
82 0.233972072601
84 0.239118099213
86 0.23651599884
88 0.233542919159
90 0.247069120407
92 0.23801112175
