10 1.08581089973
20 2.78333902359
30 4.98139500618
40 7.14951896667
50 8.9074780941
60 10.6080479622
70 11.2186079025
80 11.7701320648
90 12.4257628918
100 12.2131419182
110 11.5895330906
120 10.8066499233
130 10.9387431145
140 9.63854694366
150 9.48382902145
160 7.9608039856
170 7.97851800919
180 6.76345610619
190 6.68738508224
200 5.8490049839
210 5.52828001976
220 5.30971813202
230 4.71464204788
240 4.07571601868
250 3.75147104263
260 3.6260228157
270 3.25577092171
280 3.22281599045
290 2.63368701935
300 2.2871940136
310 1.93620300293
320 1.79607605934
330 1.68608522415
340 1.46544313431
350 1.36936211586
360 1.16674590111
370 0.984392881393
380 0.903822898865
390 0.697402000427
400 0.705430030823
410 0.490503072739
420 0.428662061691
430 0.34207201004
440 0.291045188904
450 0.245669126511
460 0.18764090538
470 0.151006937027
480 0.113867044449
490 0.0864410400391
500 0.0762150287628
510 0.0585789680481
520 0.0517811775208
530 0.0353710651398
540 0.029443025589
550 0.0154130458832
560 0.00472688674927
