10 0.408072948456
20 0.958494186401
30 1.60296916962
40 2.23238992691
50 2.9897069931
60 3.39462804794
70 3.68795514107
80 3.95083498955
90 4.10818815231
100 4.17153906822
110 4.39500117302
120 4.02411103249
130 4.4161400795
140 4.2481341362
150 4.26593589783
160 4.23536801338
170 4.16909217834
180 4.29981803894
190 4.31087708473
200 4.21485304832
210 3.96107602119
220 4.0824110508
230 3.98785686493
240 4.36117887497
250 4.24055695534
260 4.31861400604
270 4.15282392502
280 4.33634805679
290 4.10354685783
300 4.20861411095
310 4.06504416466
320 4.1286418438
