2 0.0899429321289
4 0.0771269798279
6 0.0688879489899
8 0.0737359523773
10 0.069885969162
12 0.0688030719757
14 0.103401184082
16 0.10128903389
18 0.0740039348602
20 0.0799729824066
22 0.0820350646973
24 0.0844078063965
26 0.122412919998
28 0.117058038712
30 0.117829799652
32 0.113205909729
34 0.086963891983
36 0.0925607681274
38 0.0947511196136
40 0.108319044113
42 0.107241868973
44 0.103754997253
46 0.0955500602722
48 0.0969970226288
50 0.097678899765
52 0.100255012512
54 0.0951030254364
56 0.0971939563751
