2 0.0685758590698
4 0.0553321838379
6 0.0590748786926
8 0.0586769580841
10 0.0595560073853
12 0.065612077713
14 0.0643789768219
16 0.0634078979492
18 0.0666949748993
20 0.0732381343842
22 0.0767848491669
24 0.0823380947113
26 0.0802669525146
28 0.0837938785553
30 0.0788378715515
32 0.0877568721771
34 0.0879011154175
36 0.0987141132355
38 0.0846970081329
40 0.0953550338745
42 0.0879678726196
44 0.0955619812012
46 0.114750146866
48 0.121051073074
50 0.0881741046906
52 0.0956590175629
54 0.08651304245
56 0.0968117713928
58 0.0944540500641
60 0.092465877533
62 0.102422952652
64 0.0969731807709
66 0.087858915329
68 0.0904672145844
70 0.0890100002289
72 0.0980529785156
