10 0.433670043945
20 1.16444897652
30 2.0971570015
40 3.01869702339
50 4.07796597481
60 4.87431502342
70 5.63856506348
80 5.82760190964
90 6.05722212791
100 6.31192207336
110 5.89694190025
120 5.31078600883
130 5.41621208191
140 4.67081880569
150 4.2839179039
160 4.10177516937
170 3.62104201317
180 3.38426995277
190 3.39225482941
200 3.19089102745
210 2.78309798241
220 2.52177405357
230 2.16347002983
240 1.80429697037
250 1.65729689598
260 1.28354716301
270 1.23891210556
280 1.0598320961
290 0.841512918472
300 0.708992004395
310 0.612287998199
320 0.514663934708
330 0.37828207016
340 0.315937042236
350 0.270052909851
360 0.230798959732
370 0.185095071793
380 0.17267203331
390 0.137847185135
400 0.120558977127
410 0.107760906219
420 0.0037579536438
