2 0.143297195435
4 0.124113082886
6 0.120501995087
8 0.122098922729
10 0.127372980118
12 0.127073049545
14 0.13519692421
16 0.136602878571
18 0.140479803085
20 0.149317026138
22 0.152953147888
24 0.167414188385
26 0.174873828888
28 0.174059867859
30 0.184844017029
32 0.192459106445
34 0.196000099182
36 0.195106983185
38 0.22065782547
40 0.212629079819
42 0.225165843964
44 0.224731206894
46 0.223789215088
48 0.229611873627
50 0.235674858093
52 0.225487947464
54 0.2244181633
56 0.243016958237
58 0.227246999741
60 0.243062973022
62 0.238711118698
64 0.215292215347
66 0.219655036926
68 0.24854683876
70 0.229748010635
72 0.240916013718
74 0.241347074509
76 0.238484859467
78 0.237531900406
80 0.230015039444
82 0.212537050247
84 0.218105077744
