20 27.5458109379
40 31.9502639771
60 38.9721009731
80 45.9868981838
100 53.2204051018
120 58.1689579487
140 63.5445668697
160 61.3995170593
180 65.7623372078
200 61.8377327919
220 61.4465470314
240 60.4254450798
260 63.0454719067
280 60.7331318855
300 59.8348050117
320 62.0327758789
340 64.2050471306
360 63.1763739586
380 64.1517188549
400 65.3446760178
420 58.5933310986
440 60.8299889565
460 61.8232831955
480 62.292757988
500 62.8407509327
520 67.0037419796
540 64.3411829472
560 66.1431059837
580 65.4032251835
600 64.4751489162
620 67.607801199
