2 0.0824391841888
4 0.116661071777
6 0.0630121231079
8 0.112618923187
10 0.100555896759
12 0.0960421562195
14 0.0671219825745
16 0.0993630886078
18 0.0690999031067
20 0.073310136795
22 0.0728499889374
24 0.0762350559235
26 0.0778229236603
28 0.084153175354
30 0.079381942749
32 0.0768949985504
34 0.0845491886139
36 0.079302072525
38 0.0849158763885
40 0.085499048233
42 0.0861089229584
44 0.115756034851
46 0.0875489711761
48 0.110898017883
50 0.0816390514374
52 0.0835099220276
