5 2.42456507683
10 2.616533041
15 2.82184004784
20 3.05062603951
25 3.30807709694
30 3.54700303078
35 3.90571498871
40 4.44903492928
45 4.564868927
50 4.88975977898
55 5.2932870388
60 5.62356209755
65 5.96538686752
70 6.23746299744
75 6.4607861042
80 6.6889231205
85 7.03698992729
90 7.0684800148
95 7.32026004791
100 7.34036493301
105 7.51732611656
110 6.97681879997
115 7.33095097542
120 7.46249985695
125 7.14345502853
130 7.13661599159
135 7.89131498337
140 7.34338903427
145 7.70682287216
150 7.42213702202
155 7.6904270649
160 7.55270910263
165 6.96202397346
170 6.97889995575
175 8.32328104973
180 7.63448095322
185 7.06876015663
190 7.53112697601
195 8.11083102226
200 8.21747517586
205 7.14529490471
210 8.41635704041
215 7.01202893257
220 7.9158141613
225 7.80213904381
230 7.49966621399
235 7.59073996544
240 7.71876597404
245 8.70092511177
250 7.45106315613
255 7.45476603508
260 7.95326900482
265 7.77171897888
270 7.36577296257
275 7.02983188629
280 7.98812198639
285 7.50159716606
290 8.02067399025
295 7.56773996353
300 7.2904419899
