5 0.189081907272
10 0.230615139008
15 0.328010082245
20 0.453684091568
25 0.55545592308
30 0.684083938599
35 0.778332948685
40 0.901436090469
45 0.981507062912
50 1.0628991127
55 1.26962804794
60 1.63010907173
65 1.21667599678
70 1.10907101631
75 1.06140899658
80 1.3078148365
85 0.864938020706
90 0.939785957336
95 0.861988067627
100 0.750299930573
105 0.660338163376
110 0.686001777649
115 0.662756919861
120 0.610016107559
125 0.567257881165
130 0.467360019684
135 0.418526887894
140 0.387712001801
145 0.378727912903
150 0.31120800972
155 0.280355930328
160 0.258347034454
165 0.220476865768
170 0.197818994522
175 0.175920963287
180 0.162062883377
185 0.142065048218
190 0.130865812302
195 0.115140914917
200 0.10086607933
205 0.0904731750488
210 0.0873250961304
215 0.0786001682281
220 0.0745320320129
225 0.0644381046295
230 0.0641341209412
235 0.0550849437714
240 0.0027871131897
