20 33.289880991
40 38.8589880466
60 46.7227289677
80 55.0759520531
100 63.190994978
120 71.2348520756
140 74.7534971237
160 78.4077191353
180 79.1765229702
200 80.6059520245
220 76.8008260727
240 77.9173309803
260 79.7703359127
280 74.9123170376
300 74.3643491268
320 75.5868730545
340 77.9767580032
360 77.4715819359
380 78.5568029881
400 78.5196008682
420 76.7822830677
440 76.0835402012
460 76.4399249554
480 77.0299530029
500 74.1624250412
520 76.7992839813
540 81.8900530338
560 76.2920930386
580 77.5204460621
600 76.4836659431
620 77.7836620808
640 73.3192529678
660 72.3853530884
