2 0.182551860809
4 0.149701118469
6 0.143782138824
8 0.150665998459
10 0.147588968277
12 0.175877094269
14 0.179818868637
16 0.181745052338
18 0.169870138168
20 0.18388915062
22 0.187435150146
24 0.200984954834
26 0.20875787735
28 0.209878921509
30 0.22104382515
32 0.231647014618
34 0.242917060852
36 0.252929925919
38 0.267381906509
40 0.270349979401
42 0.270962953568
44 0.284023046494
46 0.293392896652
48 0.296339035034
50 0.30083990097
52 0.293748140335
54 0.301776885986
56 0.303366184235
58 0.28709602356
60 0.296561956406
62 0.28111410141
64 0.293729066849
66 0.308973789215
68 0.275245189667
70 0.317016124725
72 0.290198087692
74 0.301919937134
76 0.31377696991
78 0.299122095108
80 0.301326036453
82 0.304093837738
84 0.297340154648
86 0.287784099579
88 0.302982091904
90 0.293073177338
92 0.289098978043
94 0.291121006012
