2 0.0266499519348
4 0.0322840213776
6 0.033056974411
8 0.0412168502808
10 0.0455300807953
12 0.0574221611023
14 0.0538558959961
16 0.056608915329
18 0.0580048561096
20 0.0648019313812
22 0.0629601478577
24 0.0888369083405
26 0.0859999656677
28 0.0725498199463
30 0.0742971897125
32 0.0674369335175
34 0.0676968097687
36 0.0595760345459
38 0.0627150535583
40 0.0713260173798
42 0.0562369823456
44 0.0524389743805
46 0.0593857765198
48 0.0504398345947
50 0.048877954483
52 0.041228055954
54 0.038204908371
56 0.041435956955
58 0.0385301113129
60 0.0442450046539
62 0.0356819629669
64 0.0340688228607
66 0.0287690162659
68 0.031937122345
70 0.0269680023193
72 0.0294170379639
74 0.0243210792542
76 0.0243539810181
78 0.0312931537628
80 0.0266311168671
82 0.0225729942322
84 0.00202202796936
