2 0.0892441272736
4 0.0806789398193
6 0.0746829509735
8 0.0809409618378
10 0.0768899917603
12 0.0730788707733
14 0.083713054657
16 0.0788168907166
18 0.0825440883636
20 0.0968987941742
22 0.0974259376526
24 0.0987010002136
26 0.0944759845734
28 0.0993409156799
30 0.105718851089
32 0.105003118515
34 0.111911058426
36 0.111531972885
38 0.107772111893
40 0.114744186401
42 0.110441923141
44 0.11764383316
46 0.114073991776
48 0.116093158722
50 0.118600845337
52 0.110272884369
54 0.119796037674
56 0.10999083519
58 0.126294851303
60 0.117376089096
62 0.112035036087
