2 0.0689539909363
4 0.0671339035034
6 0.0474300384521
8 0.0574591159821
10 0.048534154892
12 0.062155008316
14 0.0523278713226
16 0.0575449466705
18 0.0534598827362
20 0.0583798885345
22 0.054939031601
24 0.0566210746765
26 0.0584449768066
28 0.0660240650177
30 0.0570628643036
32 0.0550639629364
34 0.0493779182434
36 0.0505378246307
38 0.0456199645996
40 0.0438458919525
42 0.040253162384
44 0.045478105545
46 0.0396690368652
48 0.0330250263214
50 0.0305640697479
52 0.0334939956665
54 0.0277419090271
56 0.03067278862
58 0.0254509449005
60 0.0257019996643
62 0.0305571556091
64 0.0260097980499
66 0.021133184433
68 0.025866985321
70 0.0195860862732
72 0.0188820362091
74 0.0181651115417
76 0.00192999839783
