10 0.467085123062
20 1.27523493767
30 2.23276901245
40 3.4377310276
50 4.5874068737
60 5.65694999695
70 6.23428893089
80 7.02805805206
90 6.98800301552
100 7.65100502968
110 6.51170420647
120 6.62071084976
130 6.01814484596
140 5.77042293549
150 5.55750894547
160 5.03624987602
170 4.31295704842
180 4.0569729805
190 3.95863509178
200 3.63849687576
210 3.43338489532
220 3.08176898956
230 2.7182431221
240 2.51400303841
250 1.98640990257
260 1.94932699203
270 1.65268993378
280 1.44950699806
290 1.18758106232
300 1.01203179359
310 0.906234025955
320 0.731700897217
330 0.579757928848
340 0.517956972122
350 0.388175964355
360 0.33707690239
370 0.284291028976
380 0.232679128647
390 0.197363853455
400 0.165215969086
410 0.141870975494
420 0.13089799881
430 0.112166166306
440 0.00351810455322
