20 50.3383090496
40 57.8134791851
60 68.1425409317
80 81.0389199257
100 90.0452508926
120 97.1183049679
140 104.979725122
160 108.590187073
180 107.834980011
200 113.546320915
220 118.108391047
240 117.24424386
260 113.97419405
280 111.582295895
300 113.878473997
320 114.149476051
340 113.484930992
360 118.877140999
380 115.974843979
400 118.80079484
420 108.35716486
440 118.501907825
460 104.138041019
480 117.418485165
500 112.840289116
520 110.308732033
540 117.314146042
560 121.302133083
580 114.03391099
600 110.621781111
620 123.221445084
640 117.554632187
660 113.074157
680 114.454828024
700 117.574477911
720 114.783874989
740 111.271507025
760 116.374958038
