2 0.150506973267
4 0.151002883911
6 0.129389047623
8 0.1236140728
10 0.124950885773
12 0.132306098938
14 0.143694877625
16 0.147542953491
18 0.145357131958
20 0.157101869583
22 0.163658857346
24 0.170677900314
26 0.174066066742
28 0.192281007767
30 0.201004981995
32 0.193938016891
34 0.205358028412
36 0.211146116257
38 0.232796907425
40 0.230555057526
42 0.239610910416
44 0.226759910583
46 0.227876901627
48 0.240427017212
50 0.254538059235
52 0.238791942596
54 0.245622158051
56 0.29101395607
58 0.282221078873
60 0.376257896423
62 0.362579107285
64 0.238345861435
66 0.263628959656
68 0.247694969177
70 0.251556873322
72 0.234638214111
74 0.25048995018
76 0.265321016312
78 0.240634918213
80 0.233288049698
82 0.227478027344
84 0.250548124313
86 0.235995054245
