10 0.717653989792
20 1.59510922432
30 2.67916989326
40 4.10809993744
50 5.06224012375
60 6.19339895248
70 7.0553560257
80 7.12675309181
90 7.52009701729
100 7.63267207146
110 8.2524471283
120 8.10663700104
130 8.54423189163
140 8.18792104721
150 8.27139210701
160 8.58971595764
170 8.75304698944
180 8.71569991112
190 9.00100517273
200 9.19754099846
210 9.39188408852
220 9.46354007721
230 9.28269290924
240 9.72094583511
250 9.8968038559
260 9.82579398155
270 10.1493299007
280 10.8098788261
290 10.6048519611
300 10.4982869625
310 11.2765889168
320 11.4812099934
330 11.3374710083
340 12.1062788963
350 11.9558088779
360 12.1384971142
370 12.5363371372
380 12.5162708759
390 12.7071540356
400 13.5555279255
