2 0.0633568763733
4 0.084419965744
6 0.0525729656219
8 0.0794920921326
10 0.0853431224823
12 0.0833439826965
14 0.0752758979797
16 0.0775499343872
18 0.061793088913
20 0.0707349777222
22 0.0678629875183
24 0.0857079029083
26 0.0838768482208
28 0.0801010131836
30 0.0890860557556
32 0.0836880207062
34 0.0795769691467
36 0.0812439918518
38 0.0840520858765
40 0.0864980220795
42 0.0903449058533
44 0.0830249786377
46 0.0829608440399
48 0.0794408321381
50 0.0864779949188
52 0.0830800533295
54 0.0917909145355
56 0.0861830711365
58 0.0827579498291
60 0.0908920764923
62 0.0849030017853
64 0.0890369415283
66 0.0830907821655
68 0.0859360694885
70 0.0804500579834
