2 0.0489730834961
4 0.0434539318085
6 0.04483294487
8 0.0404958724976
10 0.0357098579407
12 0.0524787902832
14 0.0473890304565
16 0.0456838607788
18 0.0352048873901
20 0.0527880191803
22 0.0321381092072
24 0.0346169471741
26 0.0307719707489
28 0.0437388420105
30 0.0396430492401
32 0.033182144165
34 0.0240800380707
36 0.034924030304
38 0.0202708244324
40 0.0269370079041
42 0.0179049968719
44 0.0249450206757
46 0.0210027694702
48 0.0156409740448
50 0.0169749259949
52 0.0162987709045
54 0.00190305709839
