2 0.0918710231781
4 0.0796167850494
6 0.0662450790405
8 0.0660979747772
10 0.0666508674622
12 0.0608689785004
14 0.0565128326416
16 0.055340051651
18 0.0611560344696
20 0.0975058078766
22 0.0532739162445
24 0.0849120616913
26 0.0591759681702
28 0.0541200637817
30 0.0714621543884
32 0.0563609600067
34 0.0385670661926
36 0.0396361351013
38 0.03191614151
40 0.0299370288849
42 0.0358710289001
44 0.0282888412476
46 0.0261609554291
48 0.0197858810425
50 0.0181288719177
52 0.0196781158447
54 0.0165860652924
56 0.0104501247406
58 0.00838088989258
60 0.00194191932678
