20 5.81788802147
40 15.6405889988
60 28.3501498699
80 43.7139670849
100 55.8947589397
120 67.1177330017
140 71.4763221741
160 65.5536420345
180 68.7615160942
200 68.2416059971
220 62.6614880562
240 59.3529529572
260 53.8069310188
280 49.0485861301
300 48.4099931717
320 41.5858669281
340 43.9292068481
360 40.0695040226
380 36.9115469456
400 34.5725169182
420 32.4986970425
440 31.6193571091
460 30.006675005
480 24.9300441742
500 22.9823489189
520 19.7286272049
540 18.265914917
560 16.2074790001
580 13.3413460255
600 11.5786979198
620 10.2237329483
640 8.51432704926
660 7.31430006027
680 5.62976193428
700 4.60551285744
720 4.0383951664
740 3.14852499962
760 2.33580303192
780 1.82157707214
800 1.34818387032
820 1.0647110939
840 0.793063163757
860 0.584816932678
880 0.429241895676
900 0.327147960663
920 0.258608102798
940 0.00502109527588
