2 0.0760989189148
4 0.0689051151276
6 0.0710549354553
8 0.0761201381683
10 0.0668361186981
12 0.0846240520477
14 0.0865950584412
16 0.0822100639343
18 0.0844268798828
20 0.0945689678192
22 0.0962629318237
24 0.10346698761
26 0.119018793106
28 0.111447095871
30 0.122820138931
32 0.12064409256
34 0.123589038849
36 0.123628139496
38 0.118052005768
40 0.124947071075
42 0.133942127228
44 0.128499031067
46 0.131529092789
48 0.133681058884
50 0.117823839188
52 0.136927127838
54 0.135426044464
56 0.139510154724
58 0.135378837585
60 0.130481004715
62 0.14102101326
64 0.125706911087
66 0.12984585762
68 0.130614042282
70 0.137968063354
72 0.136664867401
74 0.133190870285
76 0.130230903625
78 0.124564886093
80 0.117871999741
82 0.126989841461
84 0.127072095871
86 0.126842975616
