2 0.0897009372711
4 0.0831139087677
6 0.0728709697723
8 0.0760900974274
10 0.0664200782776
12 0.0763440132141
14 0.0735988616943
16 0.0748620033264
18 0.0759689807892
20 0.0779430866241
22 0.0798480510712
24 0.0850179195404
26 0.0859310626984
28 0.0891270637512
30 0.0912671089172
32 0.0859770774841
34 0.090765953064
36 0.0958869457245
38 0.093817949295
40 0.0996108055115
42 0.0944621562958
44 0.0980660915375
46 0.0970718860626
48 0.10048699379
50 0.0969572067261
52 0.10014796257
54 0.0982139110565
56 0.0987391471863
58 0.0986511707306
