20 30.3105568886
40 36.1806008816
60 43.0786972046
80 50.6514801979
100 58.7168459892
120 62.7101399899
140 71.1788358688
160 67.1164479256
180 70.1581091881
200 69.6538789272
220 71.7493348122
240 69.5524659157
260 71.3798758984
280 70.9718680382
300 69.864084959
320 72.9756131172
340 67.7908630371
360 71.4774990082
380 69.3620531559
400 71.2613298893
420 73.5321729183
440 72.6398470402
460 66.3179311752
480 65.7278499603
500 72.1062829494
520 72.9200139046
540 70.3459219933
560 72.6931707859
580 69.7156817913
600 70.9030389786
620 70.2867779732
640 67.8230462074
