20 3.02496886253
40 7.63655090332
60 12.7087390423
80 18.2827618122
100 21.0929291248
120 23.0986568928
140 20.7560389042
160 19.7230930328
180 18.2466259003
200 16.5730700493
220 15.1474759579
240 14.4482998848
260 11.8679859638
280 11.380892992
300 9.36170101166
320 9.37169599533
340 7.71339321136
360 6.41820001602
380 5.2956931591
400 4.22916603088
420 3.37982702255
440 2.69852519035
460 2.17631793022
480 1.7004570961
500 1.21194505692
520 0.851389884949
540 0.628566026688
560 0.440419912338
580 0.301206111908
600 0.225521087646
620 0.169514894485
640 0.00405693054199
