2 0.0574140548706
4 0.0924980640411
6 0.0390410423279
8 0.106347799301
10 0.102161169052
12 0.075825214386
14 0.0441899299622
16 0.0530219078064
18 0.0417220592499
20 0.0779690742493
22 0.0430040359497
24 0.0753228664398
26 0.0811591148376
28 0.100275993347
30 0.0474119186401
32 0.0884668827057
34 0.036963224411
36 0.0569570064545
38 0.0318021774292
40 0.0451412200928
42 0.0497350692749
44 0.0296058654785
46 0.0362360477448
48 0.0284910202026
50 0.0248601436615
52 0.0221149921417
54 0.0199630260468
56 0.0239658355713
58 0.0277490615845
60 0.0221848487854
62 0.0171010494232
64 0.0160460472107
66 0.0019199848175
