2 0.127856016159
4 0.131883144379
6 0.101598024368
8 0.0972559452057
10 0.0997290611267
12 0.157282829285
14 0.14955496788
16 0.148526906967
18 0.111433029175
20 0.118554830551
22 0.121147871017
24 0.130658149719
26 0.151706933975
28 0.151880979538
30 0.145179986954
32 0.149239063263
34 0.14830493927
36 0.164439916611
38 0.161792993546
40 0.168747901917
42 0.174388885498
44 0.164238929749
46 0.172456026077
48 0.162597179413
50 0.16495513916
52 0.176818132401
54 0.18069601059
56 0.179265975952
58 0.177643060684
60 0.176411867142
62 0.181910991669
64 0.173436880112
66 0.179714918137
68 0.187783002853
70 0.271495103836
72 0.285044908524
74 0.195581912994
76 0.186309099197
78 0.192692995071
80 0.199500083923
82 0.198640108109
84 0.195333957672
