2 0.0572850704193
4 0.0472478866577
6 0.0431489944458
8 0.0477621555328
10 0.0545470714569
12 0.0516769886017
14 0.0597929954529
16 0.0530998706818
18 0.0505011081696
20 0.0549659729004
22 0.0532829761505
24 0.0559780597687
26 0.0549929141998
28 0.0577080249786
30 0.0537300109863
32 0.054939031601
34 0.0582189559937
36 0.0616369247437
38 0.0622260570526
40 0.0605311393738
42 0.0635180473328
44 0.0711998939514
46 0.0602869987488
48 0.0639290809631
50 0.0567309856415
52 0.059473991394
54 0.0598630905151
56 0.0564000606537
