10 11.7201929092
20 12.6488330364
30 14.151512146
40 16.0458869934
50 17.60891819
60 19.5987648964
70 21.6532740593
80 23.2204530239
90 25.5260868073
100 26.4638309479
110 29.2361710072
120 28.7736699581
130 28.6172249317
140 29.7574460506
150 30.0974280834
160 29.2056591511
170 28.5088708401
180 30.2239000797
190 29.3507812023
200 29.5183830261
210 30.8544471264
220 28.2297010422
230 31.6806650162
240 30.4830970764
250 30.944674015
260 28.4419279099
270 29.14854002
280 30.1089479923
290 29.801568985
300 31.6609930992
310 30.5894560814
320 31.0876538754
330 28.6246199608
340 28.0795321465
350 30.8167040348
360 30.7383320332
370 29.9824850559
380 32.5047709942
390 30.3924570084
400 31.6017839909
410 31.193614006
420 30.1050710678
430 28.6596930027
440 31.0636250973
450 31.9542109966
460 28.7379369736
470 28.9845499992
480 29.0440130234
