2 0.0653882026672
4 0.0574731826782
6 0.0524938106537
8 0.0529799461365
10 0.0517280101776
12 0.0476360321045
14 0.0522019863129
16 0.0471692085266
18 0.0461568832397
20 0.0575129985809
22 0.0454127788544
24 0.0514230728149
26 0.0607771873474
28 0.055547952652
30 0.0541989803314
32 0.0518901348114
34 0.0362620353699
36 0.0410590171814
38 0.0334498882294
40 0.0333120822906
42 0.0280349254608
44 0.0319340229034
46 0.0264401435852
48 0.0212419033051
50 0.0187048912048
52 0.0193300247192
54 0.0143020153046
56 0.0160310268402
58 0.0143399238586
60 0.00888013839722
62 0.011773109436
64 0.00645017623901
66 0.00597715377808
68 0.00794196128845
70 0.0034031867981
72 0.00185012817383
