2 0.0222389698029
4 0.0273141860962
6 0.0357658863068
8 0.0530080795288
10 0.0710678100586
12 0.0691809654236
14 0.0573570728302
16 0.0529689788818
18 0.0573320388794
20 0.100875854492
22 0.0626997947693
24 0.121084928513
26 0.123115062714
28 0.117629051208
30 0.0728359222412
32 0.103330850601
34 0.0664789676666
36 0.058846950531
38 0.05735206604
40 0.0594010353088
42 0.0549280643463
44 0.0542800426483
46 0.0548090934753
48 0.0486981868744
50 0.0419888496399
52 0.0432469844818
54 0.037614107132
56 0.038813829422
58 0.0379550457001
60 0.0322599411011
62 0.0346171855927
64 0.029354095459
66 0.0283310413361
68 0.0316460132599
70 0.0266880989075
72 0.0290350914001
74 0.0278811454773
76 0.0313060283661
78 0.0271220207214
80 0.0225141048431
82 0.00400400161743
84 0.00203204154968
