10 6.58037900925
20 7.30388998985
30 8.1096329689
40 9.49833202362
50 10.5083069801
60 11.9414069653
70 13.6322469711
80 14.2843909264
90 15.9266941547
100 16.6024699211
110 17.414732933
120 17.8409030437
130 17.707408905
140 17.3767020702
150 18.4652531147
160 18.1598079205
170 17.0269498825
180 17.5071320534
190 18.8268179893
200 18.9997889996
210 17.3927500248
220 18.1045949459
230 19.3137209415
240 17.4817931652
250 18.4706969261
260 16.6635699272
270 18.1242640018
280 17.5766861439
290 17.0032298565
300 17.1124508381
310 17.9962911606
320 17.0926351547
330 17.3841221333
340 17.9599871635
350 17.2361268997
360 16.3941409588
370 18.5117599964
380 17.1330640316
390 17.7032430172
400 16.4188718796
