5 0.128787994385
10 0.144836902618
15 0.196449041367
20 0.325783014297
25 0.377038002014
30 0.441559076309
35 0.420700073242
40 0.495044946671
45 0.483731985092
50 0.464221954346
55 0.513143062592
60 0.42915892601
65 0.428026914597
70 0.385580062866
75 0.363695859909
80 0.361219167709
85 0.301687955856
90 0.268448114395
95 0.247362136841
100 0.220659971237
105 0.187026977539
110 0.159882068634
115 0.145361185074
120 0.126136064529
125 0.122521877289
130 0.102361917496
135 0.0931620597839
140 0.0918118953705
145 0.0866429805756
150 0.0768828392029
155 0.0632951259613
160 0.0613269805908
165 0.0538198947906
170 0.0462880134583
175 0.0427091121674
180 0.00242900848389
