2 0.12159705162
4 0.0793759822845
6 0.0710101127625
8 0.10600399971
10 0.0995199680328
12 0.108341932297
14 0.100939035416
16 0.0648291110992
18 0.0626029968262
20 0.0608839988708
22 0.0602359771729
24 0.0618810653687
26 0.0595080852509
28 0.0534329414368
30 0.0547621250153
32 0.0486350059509
34 0.0639519691467
36 0.042464017868
38 0.0399270057678
40 0.0565531253815
42 0.0419890880585
44 0.0314719676971
46 0.0418400764465
48 0.0265080928802
50 0.0233170986176
52 0.0255610942841
54 0.0310299396515
56 0.0286440849304
58 0.0240669250488
60 0.0121228694916
62 0.0127108097076
64 0.00192499160767
