2 0.0725951194763
4 0.066666841507
6 0.0607268810272
8 0.061231136322
10 0.0614168643951
12 0.0692880153656
14 0.0631458759308
16 0.0624318122864
18 0.0619471073151
20 0.0651099681854
22 0.0618319511414
24 0.0622479915619
26 0.0555739402771
28 0.0601332187653
30 0.0611529350281
32 0.0562279224396
34 0.0516710281372
36 0.0586688518524
38 0.0465760231018
40 0.0516428947449
42 0.0468001365662
44 0.0522489547729
46 0.0400199890137
48 0.0379300117493
50 0.0335960388184
52 0.0330550670624
54 0.0327398777008
56 0.0295538902283
58 0.0239617824554
60 0.0214741230011
62 0.0275797843933
64 0.021290063858
66 0.0140650272369
68 0.01793384552
70 0.0126450061798
72 0.0136911869049
74 0.0123920440674
76 0.00700998306274
78 0.00572109222412
80 0.00473594665527
82 0.00400304794312
84 0.00206089019775
