20 6.95048689842
40 19.438024044
60 32.2314240932
80 44.3157241344
100 49.4744920731
120 50.1346509457
140 48.3494739532
160 46.5433020592
180 41.6404628754
200 36.1956410408
220 32.1415808201
240 33.2643420696
260 27.9055008888
280 25.7659738064
300 22.5828979015
320 20.9041848183
340 17.2982561588
360 17.7391490936
380 13.3446989059
400 13.168667078
420 11.2412519455
440 9.21474909782
460 8.32588005066
480 6.93401622772
500 5.80476403236
520 5.39502692223
540 4.15881299973
560 3.67108392715
580 2.71471190453
600 2.42975306511
620 1.86712098122
640 1.27574515343
660 1.17676997185
680 0.806871891022
700 0.603767871857
720 0.446603059769
740 0.278104066849
760 0.177156925201
780 0.123116016388
800 0.0818018913269
820 0.0450160503387
840 0.0256469249725
860 0.0058171749115
