2 0.0791878700256
4 0.102030992508
6 0.0920860767365
8 0.0983209609985
10 0.0683650970459
12 0.078901052475
14 0.0802989006042
16 0.0772249698639
18 0.0700759887695
20 0.0749809741974
22 0.0733239650726
24 0.0762898921967
26 0.071209192276
28 0.0739469528198
30 0.0683121681213
32 0.0622720718384
34 0.0646588802338
36 0.0657210350037
38 0.0605289936066
40 0.0839490890503
42 0.0529451370239
44 0.0561661720276
46 0.0486719608307
48 0.0642740726471
50 0.0461070537567
52 0.0474410057068
54 0.0431530475616
56 0.0409369468689
58 0.0357658863068
60 0.0364780426025
62 0.0311748981476
64 0.0285360813141
66 0.0261640548706
68 0.0271880626678
70 0.0225939750671
72 0.0190370082855
74 0.021763086319
76 0.0226049423218
78 0.0180511474609
80 0.0111138820648
82 0.0133638381958
84 0.00841999053955
86 0.00737595558167
88 0.00619912147522
90 0.005215883255
92 0.00356507301331
94 0.0020318031311
