5 1.69836115837
10 1.76220798492
15 1.90868806839
20 2.06113386154
25 2.23971414566
30 2.47460699081
35 2.66514205933
40 2.92602491379
45 3.18985795975
50 3.36631798744
55 3.76817297935
60 4.01849389076
65 4.10893106461
70 4.31395292282
75 4.41447806358
80 4.6980919838
85 4.97849917412
90 4.60755896568
95 4.95160913467
100 4.88429307938
105 4.66909313202
110 5.22540402412
115 5.19510483742
120 5.11188292503
125 4.49839615822
130 4.91864895821
135 5.02440690994
140 5.25263690948
145 4.93795084953
150 5.37288999557
155 4.72277712822
160 5.21502304077
165 5.15850186348
170 5.08456897736
175 5.06811690331
180 4.75310015678
185 4.89952301979
190 4.68707180023
195 5.10198807716
200 5.05425310135
205 4.8979640007
210 4.94282007217
215 5.27930402756
220 5.28819990158
225 4.9917550087
230 5.14829301834
235 4.9432580471
240 5.13114380836
245 4.58353590965
250 4.74871301651
255 4.92330813408
260 5.25208997726
