5 0.228345870972
10 0.246376991272
15 0.303608894348
20 0.364112138748
25 0.428180932999
30 0.486573934555
35 0.546140909195
40 0.558563947678
45 0.568813085556
50 0.56804895401
55 0.548963069916
60 0.544695854187
65 0.497678995132
70 0.439110994339
75 0.422463178635
80 0.409549951553
85 0.356561899185
90 0.367765903473
95 0.332252979279
100 0.409067153931
105 0.279913187027
110 0.249605178833
115 0.224555969238
120 0.305700063705
125 0.185166120529
130 0.161157846451
135 0.143553972244
140 0.128962039948
145 0.11167883873
150 0.112260103226
155 0.0887258052826
160 0.0815470218658
165 0.0682599544525
170 0.0722930431366
175 0.0509579181671
180 0.0417699813843
185 0.0336008071899
190 0.0377719402313
195 0.0261218547821
200 0.002760887146
