2 0.0217700004578
4 0.0299959182739
6 0.0305061340332
8 0.0501761436462
10 0.0370969772339
12 0.0492780208588
14 0.0462889671326
16 0.0461859703064
18 0.0490229129791
20 0.0545160770416
22 0.057464838028
24 0.0556700229645
26 0.0528390407562
28 0.0565810203552
30 0.058357000351
32 0.0518350601196
34 0.0484931468964
36 0.0538790225983
38 0.0438659191132
40 0.049350976944
42 0.0465278625488
44 0.0365381240845
46 0.037358045578
48 0.0347828865051
50 0.0298762321472
52 0.0442709922791
54 0.0397498607635
56 0.0294618606567
58 0.030054807663
60 0.0325570106506
62 0.0309081077576
64 0.0224499702454
66 0.0217208862305
68 0.025043964386
70 0.0216550827026
72 0.0233218669891
74 0.00187397003174
