20 8.43191099167
40 23.972684145
60 39.9681141376
80 56.1608400345
100 65.385931015
120 65.4032990932
140 62.9990479946
160 64.2797720432
180 59.1459898949
200 55.9277980328
220 49.5958511829
240 46.2885599136
260 44.9345469475
280 35.9575071335
300 33.1289670467
320 32.6693840027
340 28.9135861397
360 25.2049770355
380 23.5424900055
400 20.9970378876
420 18.3930950165
440 16.3957219124
460 14.6197099686
480 12.2642161846
500 11.1351978779
520 9.59957122803
540 8.70153999329
560 6.97231793404
580 5.50672984123
600 5.35698509216
620 4.4050719738
640 3.4689450264
660 2.97333788872
680 2.33368396759
700 1.75293397903
720 1.43390202522
740 1.05041193962
760 0.863759994507
780 0.594915151596
800 0.452591896057
820 0.283577919006
840 0.203157901764
860 0.12517285347
880 0.0767021179199
900 0.0470938682556
920 0.0329961776733
940 0.0054759979248
