2 0.0639581680298
4 0.0590949058533
6 0.0546109676361
8 0.0568840503693
10 0.0772368907928
12 0.0601060390472
14 0.0743668079376
16 0.0659241676331
18 0.0676839351654
20 0.0672099590302
22 0.0688591003418
24 0.0751769542694
26 0.0920140743256
28 0.0914659500122
30 0.0854489803314
32 0.0831489562988
34 0.0853998661041
36 0.0888669490814
38 0.0815618038177
40 0.0835289955139
42 0.0897209644318
44 0.0988290309906
46 0.0857548713684
48 0.093761920929
50 0.0888969898224
52 0.0939440727234
54 0.0896809101105
56 0.0799131393433
58 0.0853359699249
60 0.0851979255676
62 0.0854558944702
64 0.0887498855591
66 0.083703994751
68 0.080050945282
70 0.0795130729675
