2 0.098592042923
4 0.0863509178162
6 0.0738070011139
8 0.0884668827057
10 0.08460688591
12 0.0928199291229
14 0.0914549827576
16 0.0766830444336
18 0.0845410823822
20 0.0841240882874
22 0.0904541015625
24 0.0960810184479
26 0.0956258773804
28 0.110126018524
30 0.109285831451
32 0.0971710681915
34 0.103392124176
36 0.106290102005
38 0.10808300972
40 0.110005140305
42 0.116151094437
44 0.116012811661
46 0.114531993866
48 0.107519865036
50 0.109303951263
52 0.112912893295
54 0.109560012817
56 0.113087892532
58 0.115076065063
60 0.115039110184
62 0.117604017258
