2 0.131175041199
4 0.11282491684
6 0.114583969116
8 0.095636844635
10 0.0925559997559
12 0.138198852539
14 0.137684106827
16 0.135267019272
18 0.091068983078
20 0.0939290523529
22 0.093957901001
24 0.0919799804688
26 0.0970230102539
28 0.0935809612274
30 0.0936019420624
32 0.0877411365509
34 0.0823669433594
36 0.0843200683594
38 0.0778329372406
40 0.0774350166321
42 0.0758030414581
44 0.0756578445435
46 0.0675950050354
48 0.0621948242188
50 0.0591058731079
52 0.0629818439484
54 0.0571618080139
56 0.0521287918091
58 0.0695300102234
60 0.0699410438538
62 0.0648319721222
64 0.0566520690918
66 0.0342040061951
68 0.035392999649
70 0.0289340019226
72 0.0297899246216
74 0.0275390148163
76 0.0329391956329
78 0.0290529727936
80 0.0238761901855
82 0.0178618431091
84 0.0117859840393
86 0.00962615013123
88 0.00204110145569
