20 5.30942296982
40 13.1909220219
60 23.359760046
80 33.8250460625
100 42.4682590961
120 50.068146944
140 54.6847670078
160 51.5687158108
180 48.1265311241
200 50.9293138981
220 41.043722868
240 39.4192941189
260 35.7478339672
280 36.9480659962
300 30.814000845
320 29.5219128132
340 25.725894928
360 26.7629981041
380 24.2792720795
400 21.0730810165
420 19.2520229816
440 17.5377540588
460 14.8370230198
480 14.1766839027
500 11.5013999939
520 9.5098490715
540 8.8284201622
560 6.81572198868
580 5.3675558567
600 4.6354238987
620 3.55534315109
640 2.90990614891
660 2.32271790504
680 1.83692502975
700 1.31700587273
720 1.03524518013
740 0.718106985092
760 0.521334171295
780 0.381731987
800 0.289067029953
820 0.21745300293
840 0.00503611564636
