2 0.122951030731
4 0.118338108063
6 0.094651222229
8 0.0928111076355
10 0.0906870365143
12 0.0999619960785
14 0.102176904678
16 0.108798027039
18 0.106066942215
20 0.115733861923
22 0.117953062057
24 0.125848054886
26 0.132404088974
28 0.143568992615
30 0.141097068787
32 0.146785020828
34 0.14742398262
36 0.146915912628
38 0.147420883179
40 0.15927195549
42 0.162403106689
44 0.223349094391
46 0.21689915657
48 0.156617164612
50 0.160166025162
52 0.159778833389
54 0.163230895996
56 0.179433822632
58 0.175651073456
60 0.174427032471
62 0.173441171646
64 0.166741847992
66 0.170959949493
68 0.179311990738
70 0.181653022766
72 0.187492132187
74 0.177271842957
76 0.193848133087
78 0.192382097244
80 0.181265830994
