20 6.60766911507
40 16.8147079945
60 30.1179420948
80 43.6238179207
100 54.6230950356
120 67.7341549397
140 71.9732251167
160 72.4245460033
180 68.6957671642
200 67.1798391342
220 61.2799620628
240 57.5276479721
260 54.3832418919
280 50.0187129974
300 52.931344986
320 46.3218669891
340 43.2831940651
360 39.4431378841
380 39.1383001804
400 34.8673620224
420 32.722769022
440 31.7766189575
460 30.311286211
480 26.5646948814
500 24.0323770046
520 20.5045688152
540 17.1101698875
560 16.2732899189
580 13.9405248165
600 11.3387219906
620 10.2702128887
640 8.50683093071
660 6.571352005
680 5.76913499832
700 5.29901409149
720 3.82166314125
740 3.085324049
760 2.32655882835
780 1.85898208618
800 1.41012978554
820 1.03485512733
840 0.779659032822
860 0.561863899231
880 0.425048112869
900 0.316251993179
920 0.246006011963
940 0.00537800788879
