20 115.962043047
40 126.051749945
60 143.7138381
80 165.257423878
100 185.079809904
120 207.073536873
140 225.753125906
160 239.708515882
180 252.341028929
200 253.978477955
220 248.018952131
240 240.42624712
260 241.148372173
280 261.861788034
300 258.537603855
320 251.609585047
340 262.613797903
360 237.829962969
380 248.570191145
400 250.937711
420 259.808482885
440 251.105603933
460 265.319195032
480 259.888216972
500 253.342370033
520 269.467115879
540 251.635768175
560 266.488979101
580 250.433576107
600 249.908489943
620 242.01001215
640 259.964874983
660 256.69568181
680 254.123238087
700 271.066519976
720 259.654395103
740 264.003937006
760 250.757537127
780 254.067193031
800 255.787014008
820 262.191108942
840 254.879687071
860 252.151218891
880 242.459848881
900 270.197880983
920 254.986905098
940 271.10560298
960 244.019153833
980 253.701896906
1000 253.812759161
