2 0.0583679676056
4 0.0557310581207
6 0.052759885788
8 0.0524210929871
10 0.0527799129486
12 0.0656590461731
14 0.0562260150909
16 0.0605440139771
18 0.0572078227997
20 0.0640099048615
22 0.0650241374969
24 0.0671129226685
26 0.0688459873199
28 0.0701930522919
30 0.0724329948425
32 0.068451166153
34 0.0726568698883
36 0.0698230266571
38 0.0705277919769
40 0.0815901756287
42 0.0768351554871
44 0.073548078537
46 0.0747420787811
48 0.0731809139252
50 0.0699279308319
52 0.0760838985443
54 0.0721650123596
56 0.0827100276947
58 0.0811519622803
60 0.0744888782501
62 0.0808439254761
64 0.0728821754456
