2 0.0623099803925
4 0.0580790042877
6 0.052307844162
8 0.0599431991577
10 0.057265996933
12 0.0554871559143
14 0.0643169879913
16 0.0669350624084
18 0.063460111618
20 0.0692689418793
22 0.0688610076904
24 0.0729141235352
26 0.0731661319733
28 0.0735130310059
30 0.084156036377
32 0.0806591510773
34 0.0813069343567
36 0.0812938213348
38 0.0769500732422
40 0.0807600021362
42 0.0861628055573
44 0.0869851112366
46 0.0794270038605
48 0.0800719261169
50 0.0881018638611
52 0.0846719741821
54 0.0801169872284
56 0.0875508785248
58 0.0781559944153
60 0.0824749469757
62 0.0948858261108
64 0.0855419635773
66 0.0758790969849
68 0.0776958465576
