2 0.0594708919525
4 0.0585570335388
6 0.0490231513977
8 0.054169178009
10 0.0499799251556
12 0.0556080341339
14 0.0527777671814
16 0.0548479557037
18 0.0614368915558
20 0.0600919723511
22 0.0655899047852
24 0.0718410015106
26 0.0682921409607
28 0.0809140205383
30 0.0704460144043
32 0.0745198726654
34 0.069137096405
36 0.0759449005127
38 0.0793840885162
40 0.0738110542297
42 0.0706629753113
44 0.0794651508331
46 0.0717658996582
48 0.0740129947662
50 0.0743992328644
52 0.0751831531525
54 0.0740740299225
56 0.0761170387268
58 0.0800168514252
60 0.0754568576813
62 0.0856740474701
64 0.077220916748
