2 0.0834038257599
4 0.0721600055695
6 0.0661289691925
8 0.0659561157227
10 0.0656909942627
12 0.0714190006256
14 0.091096162796
16 0.0942499637604
18 0.0751118659973
20 0.0804660320282
22 0.0798890590668
24 0.0945432186127
26 0.0903930664062
28 0.0842661857605
30 0.0760259628296
32 0.0704720020294
34 0.0680751800537
36 0.0679380893707
38 0.0693609714508
40 0.0585980415344
42 0.0576541423798
44 0.0515751838684
46 0.0513980388641
48 0.0475039482117
50 0.0475649833679
52 0.0624911785126
54 0.0411999225616
56 0.0533599853516
58 0.0405769348145
60 0.0529780387878
62 0.0373759269714
64 0.0377008914948
66 0.0288739204407
68 0.0287258625031
70 0.0229671001434
72 0.021430015564
74 0.028116941452
76 0.0211899280548
78 0.0188899040222
80 0.0140228271484
82 0.0111207962036
84 0.0138759613037
86 0.0085141658783
88 0.011204957962
90 0.00608515739441
92 0.00577616691589
94 0.00476408004761
96 0.00154900550842
