10 19.1853699684
20 20.2848739624
30 22.2635960579
40 24.4314680099
50 26.8589091301
60 30.1061770916
70 32.4986429214
80 34.8628439903
90 38.780477047
100 39.992110014
110 41.7321779728
120 45.1285750866
130 47.3411610126
140 47.4717860222
150 43.6845290661
160 48.6282410622
170 47.0793190002
180 46.9430379868
190 47.2569561005
200 47.422932148
210 47.4458081722
220 44.8568501472
230 48.1254241467
240 47.6542458534
250 46.6586999893
260 44.5187568665
270 47.5822439194
280 48.8730139732
290 46.0244221687
300 46.6530921459
310 45.8711929321
320 49.9782540798
330 45.6925549507
340 45.6496810913
350 45.8735718727
360 49.2380239964
370 51.4177680016
380 48.1805119514
390 48.6726009846
400 46.0972020626
410 48.5911798477
420 48.5306129456
430 49.46854496
440 50.7350730896
450 45.8105578423
460 48.637212038
470 46.4922459126
480 47.0612008572
490 46.8192660809
500 47.7103910446
510 48.1625740528
520 46.9917981625
530 47.6562120914
540 48.8669359684
550 48.942401886
560 45.2534639835
