5 0.632524013519
10 0.661082029343
15 0.717854976654
20 0.799623012543
25 0.875959873199
30 0.982641935349
35 1.07120394707
40 1.18391513824
45 1.28809309006
50 1.41154694557
55 1.56331300735
60 1.63703107834
65 1.63942408562
70 1.65798187256
75 1.68514704704
80 1.80278015137
85 1.71770501137
90 1.96293401718
95 1.78647494316
100 1.82946491241
105 1.77723193169
110 1.78541398048
115 1.81087613106
120 1.80396294594
125 1.84014296532
130 1.86729216576
135 1.7183880806
140 1.87676310539
145 1.93864297867
150 1.83798599243
155 1.82176017761
160 1.82865095139
165 1.8942501545
170 1.80067920685
175 1.7056658268
180 1.71634316444
