5 0.180238962173
10 0.247861862183
15 0.339988946915
20 0.459857940674
25 0.585999965668
30 0.674185037613
35 0.735671043396
40 0.77898979187
45 0.783218860626
50 0.764538049698
55 0.778030872345
60 0.775913000107
65 0.747086048126
70 0.729411125183
75 0.645487070084
80 0.581290960312
85 0.552706956863
90 0.513210058212
95 0.483388185501
100 0.41538310051
105 0.383506059647
110 0.349658966064
115 0.329629182816
120 0.294841051102
125 0.269915103912
130 0.222587823868
135 0.197695016861
140 0.204567909241
145 0.163831949234
150 0.15246796608
155 0.130313873291
160 0.108165025711
165 0.104104995728
170 0.0942599773407
175 0.0813329219818
180 0.0753421783447
185 0.0677218437195
190 0.0808680057526
195 0.0708889961243
200 0.0632920265198
205 0.0384330749512
210 0.0327091217041
215 0.042289018631
220 0.0248048305511
225 0.0215470790863
230 0.0202238559723
235 0.0126519203186
240 0.00305104255676
