5 0.978575944901
10 1.05264210701
15 1.16970014572
20 1.28871798515
25 1.47599291801
30 1.6260612011
35 1.76953315735
40 1.88720917702
45 2.08907103539
50 2.27791595459
55 2.41909599304
60 2.55714297295
65 2.7219209671
70 2.78919482231
75 3.02860593796
80 3.0685479641
85 2.94629406929
90 3.00200796127
95 3.15060281754
100 3.0178861618
105 2.93423390388
110 3.02174901962
115 3.07599902153
120 3.15403103828
125 3.38028407097
130 2.88199615479
135 3.05684494972
140 3.18492507935
145 3.00905013084
150 2.97985196114
155 3.19433307648
160 3.22012805939
165 3.13310599327
170 3.33272218704
175 3.29699206352
180 3.02194619179
185 3.10255789757
190 3.05760788918
195 2.97685098648
200 3.31065917015
205 2.99219918251
210 3.05132699013
215 3.05581879616
220 3.5101749897
