10 0.548666000366
20 1.16516900063
30 1.94484710693
40 2.77080416679
50 3.60189700127
60 4.20301389694
70 4.51706695557
80 4.83308601379
90 5.13817095757
100 5.17941498756
110 5.29294896126
120 5.28406691551
130 5.54874396324
140 5.17842102051
150 5.46122193336
160 5.91497898102
170 5.91091012955
180 5.73389601707
190 5.96497297287
200 6.06104683876
210 6.33718585968
220 6.16122508049
230 6.55722999573
240 6.34876298904
250 6.65339612961
260 6.80136799812
270 7.1167140007
280 7.30095505714
290 7.40455007553
300 7.3060529232
310 7.93277597427
320 7.70563220978
330 8.06223797798
340 7.78115701675
