2 0.0479848384857
4 0.0456719398499
6 0.0411050319672
8 0.0432789325714
10 0.0383868217468
12 0.0333690643311
14 0.0386469364166
16 0.033665895462
18 0.0283718109131
20 0.0317749977112
22 0.025022983551
24 0.0234429836273
26 0.0221230983734
28 0.0207459926605
30 0.0221490859985
32 0.0155010223389
34 0.0153510570526
36 0.0197579860687
38 0.00957083702087
40 0.0123109817505
42 0.00831913948059
44 0.00722813606262
46 0.00444078445435
48 0.00374484062195
50 0.00188302993774
