2 0.0221118927002
4 0.0321099758148
6 0.0322258472443
8 0.0406379699707
10 0.0455038547516
12 0.0484001636505
14 0.0473210811615
16 0.0500359535217
18 0.0546979904175
20 0.0578000545502
22 0.0634739398956
24 0.0663058757782
26 0.0664188861847
28 0.0651519298553
30 0.0682320594788
32 0.0638091564178
34 0.0584518909454
36 0.0600662231445
38 0.0540990829468
40 0.0556509494781
42 0.0514261722565
44 0.0569870471954
46 0.0476810932159
48 0.0456330776215
50 0.0387680530548
52 0.0410509109497
54 0.0385448932648
56 0.0365591049194
58 0.0353379249573
60 0.0372700691223
62 0.0324649810791
64 0.0275368690491
66 0.0262460708618
68 0.0260488986969
70 0.0286319255829
72 0.0287940502167
74 0.0231649875641
76 0.0303049087524
78 0.0261387825012
80 0.00396418571472
82 0.00214886665344
