10 0.273768901825
20 0.686740159988
30 1.16111397743
40 1.74129509926
50 2.16640710831
60 2.41457509995
70 2.60109996796
80 2.57581496239
90 2.4680211544
100 2.49458289146
110 2.20588302612
120 2.03992915154
130 1.73927593231
140 1.5349509716
150 1.51019906998
160 1.27029299736
170 1.08293008804
180 0.814038991928
190 0.727257966995
200 0.69551897049
210 0.543652057648
220 0.419796943665
230 0.340303897858
240 0.283029794693
250 0.236084222794
260 0.185201883316
270 0.158451080322
280 0.126543045044
290 0.116300821304
300 0.0948879718781
310 0.0828640460968
320 0.00301194190979
