2 0.0725169181824
4 0.0604031085968
6 0.0541219711304
8 0.0551280975342
10 0.0595960617065
12 0.0651969909668
14 0.0633380413055
16 0.0580229759216
18 0.0568079948425
20 0.0730228424072
22 0.0760090351105
24 0.0729541778564
26 0.0675120353699
28 0.0611128807068
30 0.0650219917297
32 0.0575170516968
34 0.0604429244995
36 0.0553469657898
38 0.0532381534576
40 0.053416967392
42 0.0493719577789
44 0.0571439266205
46 0.0499660968781
48 0.0414371490479
50 0.04185795784
52 0.0367729663849
54 0.0333518981934
56 0.0392558574677
58 0.0305199623108
60 0.0403139591217
62 0.0351359844208
64 0.0259840488434
66 0.0243639945984
68 0.0276658535004
70 0.024729013443
72 0.0252661705017
74 0.02126288414
76 0.0265369415283
78 0.0236361026764
80 0.00194382667542
