2 0.0478620529175
4 0.0515801906586
6 0.0548770427704
8 0.0624849796295
10 0.0643210411072
12 0.0667359828949
14 0.0703299045563
16 0.0699820518494
18 0.0724120140076
20 0.0813920497894
22 0.0796601772308
24 0.0904550552368
26 0.0881979465485
28 0.099494934082
30 0.0968899726868
32 0.0937049388885
34 0.095498085022
36 0.0984058380127
38 0.100472927094
40 0.0920059680939
42 0.099601984024
44 0.0926241874695
46 0.0955240726471
48 0.0927340984344
50 0.0977449417114
52 0.0980010032654
54 0.0944590568542
56 0.0920441150665
58 0.0977821350098
