10 0.648777008057
20 1.62062907219
30 3.01234197617
40 4.3540430069
50 5.70262002945
60 6.61569809914
70 7.91969704628
80 8.29015612602
90 8.14347481728
100 9.03646588326
110 9.44038510323
120 9.25303983688
130 9.42616987228
140 9.25256490707
150 8.89396381378
160 9.69569611549
170 9.952283144
180 9.63298296928
190 9.56959414482
200 9.94481492043
210 9.47161507607
220 9.81226205826
230 9.68950486183
240 10.1381900311
250 9.19839501381
260 8.99933099747
270 9.31265497208
280 9.2549469471
290 9.42237615585
300 9.2120859623
310 9.64877009392
320 9.15998792648
330 9.64691090584
340 9.57421207428
350 9.55667304993
360 9.50301098824
370 9.13652896881
380 9.85414004326
390 10.3573961258
400 9.5238931179
410 9.66565012932
420 9.05036187172
