10 6.52977514267
20 7.26643490791
30 8.32455921173
40 9.59702205658
50 10.7121679783
60 12.0044219494
70 13.1012780666
80 14.6278669834
90 15.1087880135
100 16.9394180775
110 16.3801491261
120 16.954693079
130 17.5943949223
140 17.7358300686
150 17.1656770706
160 18.0416088104
170 17.3639609814
180 15.4638130665
190 16.7054450512
200 18.3283090591
210 17.8134729862
220 18.0912117958
230 18.4548242092
240 17.2736740112
250 19.0830540657
260 18.1815328598
270 18.1029698849
280 18.1733241081
290 17.7150189877
300 17.0631158352
310 18.6045691967
320 16.9174411297
330 17.6383910179
340 17.8315289021
350 18.754338026
360 18.578578949
370 17.7399029732
380 19.0961658955
390 18.8175680637
400 17.8429720402
