10 16.6414198875
20 17.9714958668
30 19.8238179684
40 22.2254710197
50 24.059210062
60 26.8888931274
70 29.0078189373
80 31.7377429008
90 34.8206481934
100 36.2529919147
110 37.5392849445
120 40.0977020264
130 40.773868084
140 40.7875750065
150 43.0624990463
160 42.7419030666
170 43.5407259464
180 42.6796350479
190 42.0123999119
200 42.0712530613
210 42.4477050304
220 42.5866200924
230 40.9436719418
240 42.5573527813
250 43.7973561287
260 43.3040859699
270 43.087498188
280 43.7644820213
290 43.8572499752
300 44.1470410824
310 40.1919059753
320 45.5001120567
330 41.9119100571
340 42.7656190395
350 40.7427220345
360 43.0027179718
370 42.0711100101
380 39.0293700695
390 40.7399089336
400 41.0488040447
410 41.7690780163
420 41.1389958858
430 42.0545229912
440 43.5951910019
450 44.1480538845
460 41.3499741554
470 42.8899219036
480 45.1543428898
490 40.7565789223
500 43.0510370731
510 42.6755020618
520 41.7690291405
530 40.290802002
540 40.1969790459
