20 7.5222389698
40 18.0680820942
60 32.251308918
80 48.9851379395
100 61.6601469517
120 72.0520629883
140 82.3837769032
160 77.411272049
180 89.195253849
200 81.8830420971
220 72.6654980183
240 65.7921960354
260 59.6790390015
280 64.5432870388
300 56.9671599865
320 50.3048939705
340 51.6254878044
360 48.4606249332
380 47.092438221
400 42.2606759071
420 39.3790988922
440 35.1088759899
460 35.7580378056
480 33.338039875
500 29.8809928894
520 25.781870842
540 24.5596199036
560 20.3176820278
580 18.83968997
600 16.1924259663
620 13.4456298351
640 10.7403609753
660 9.44655799866
680 8.6895160675
700 7.05724692345
720 5.59547591209
740 4.37895393372
760 3.63300895691
780 2.98807811737
800 2.42052197456
820 1.92949700356
840 1.3962469101
860 1.14134287834
880 0.782341003418
900 0.587308883667
920 0.450204133987
940 0.328138113022
960 0.256124019623
980 0.00518894195557
