20 5.69573903084
40 15.5381779671
60 25.3823840618
80 32.4936909676
100 35.721601963
120 35.4583799839
140 32.8376970291
160 32.5685329437
180 27.6507678032
200 26.0719101429
220 22.8203999996
240 20.3113958836
260 18.2231400013
280 16.0488011837
300 14.9586310387
320 11.5871999264
340 10.903649807
360 9.53179001808
380 7.77198195457
400 6.73721504211
420 5.94366192818
440 5.01728796959
460 4.38771700859
480 3.48554801941
500 2.94872403145
520 2.37061405182
540 2.00190997124
560 1.5222401619
580 1.09279894829
600 0.84859418869
620 0.590985059738
640 0.440669059753
660 0.291332960129
680 0.192549943924
700 0.128633975983
720 0.0792279243469
740 0.0441558361053
760 0.0334620475769
780 0.00532507896423
