20 3.4034678936
40 9.57713913918
60 16.748609066
80 22.9280409813
100 29.1552839279
120 30.0396080017
140 30.6366050243
160 31.9648559093
180 24.6821830273
200 25.3560829163
220 21.7601459026
240 21.9097390175
260 18.0943820477
280 18.5914831161
300 15.0938150883
320 14.8536529541
340 14.036534071
360 13.7378280163
380 10.4709129333
400 9.33990502357
420 7.86738801003
440 6.57497811317
460 5.27748394012
480 4.49448609352
500 3.69506192207
520 2.79084706306
540 2.11034297943
560 1.63833284378
580 1.22862792015
600 0.90669798851
620 0.673892021179
640 0.485242128372
660 0.336865901947
680 0.258748054504
700 0.20018696785
720 0.00436782836914
