10 0.637292861938
20 1.51300191879
30 2.40901684761
40 3.73010587692
50 4.76126503944
60 5.75185489655
70 6.44008588791
80 7.11425614357
90 7.62355208397
100 7.18511199951
110 6.93416285515
120 6.81005907059
130 6.23010587692
140 5.79104709625
150 5.30062603951
160 4.91358017921
170 4.6339058876
180 4.82693600655
190 3.98183298111
200 3.57202196121
210 3.45389103889
220 3.12176799774
230 2.69045686722
240 2.51738095284
250 2.34198594093
260 1.96871900558
270 1.5816078186
280 1.47594094276
290 1.13095808029
300 1.10593104362
310 0.854043960571
320 0.758056163788
330 0.622309923172
340 0.501072883606
350 0.402671098709
360 0.348117113113
370 0.271666049957
380 0.235967874527
390 0.198174953461
400 0.159504175186
410 0.136075019836
420 0.123904943466
430 0.105597019196
440 0.00341796875
