20 5.17940592766
40 14.4430010319
60 27.3004961014
80 39.3936469555
100 49.4077680111
120 59.8052451611
140 57.7843899727
160 60.3597970009
180 61.3279719353
200 55.1839067936
220 52.8070409298
240 45.7119560242
260 49.3042690754
280 42.671998024
300 42.8933730125
320 37.1723270416
340 35.3792719841
360 33.4291548729
380 33.1989450455
400 29.6667070389
420 27.4677071571
440 27.00644207
460 23.1719448566
480 20.424831152
500 17.7130539417
520 15.8453021049
540 13.8253948689
560 11.9174730778
580 10.1871519089
600 8.71403503418
620 7.02356696129
640 5.05463004112
660 4.47958397865
680 3.94375991821
700 2.99739408493
720 2.47678899765
740 1.80666899681
760 1.42430686951
780 1.04570698738
800 0.758999109268
820 0.551593065262
840 0.422904014587
860 0.31459903717
880 0.253222942352
900 0.008868932724
