2 0.0493991374969
4 0.0594420433044
6 0.0639131069183
8 0.0597441196442
10 0.0696878433228
12 0.0654051303864
14 0.0715301036835
16 0.0713589191437
18 0.0763890743256
20 0.083037853241
22 0.0821311473846
24 0.0846629142761
26 0.0958700180054
28 0.118693828583
30 0.123757123947
32 0.102876901627
34 0.09321808815
36 0.124231100082
38 0.115526914597
40 0.098785161972
42 0.112308979034
44 0.105824947357
46 0.11012005806
48 0.113827943802
50 0.103945016861
52 0.101489067078
54 0.100301027298
56 0.102523088455
58 0.102602005005
60 0.0986058712006
