2 0.0547661781311
4 0.0587260723114
6 0.0472750663757
8 0.0458548069
10 0.0453400611877
12 0.0545899868011
14 0.0551178455353
16 0.0495219230652
18 0.0518128871918
20 0.0576450824738
22 0.0570499897003
24 0.0637400150299
26 0.0575459003448
28 0.067596912384
30 0.0669078826904
32 0.0660300254822
34 0.0622661113739
36 0.0622560977936
38 0.0662319660187
40 0.0630731582642
42 0.0632519721985
44 0.0787160396576
46 0.0716309547424
48 0.0645549297333
50 0.0633449554443
52 0.0658690929413
54 0.0595288276672
56 0.0670258998871
58 0.0588800907135
