10 0.387082099915
20 0.82371878624
30 1.35388302803
40 1.69442892075
50 1.98902606964
60 1.96611309052
70 1.87466406822
80 1.67992019653
90 1.57564282417
100 1.36619186401
110 1.30256986618
120 1.08745503426
130 0.937334060669
140 0.915089130402
150 0.768483161926
160 0.622544050217
170 0.496344804764
180 0.435834884644
190 0.346603155136
200 0.312456846237
210 0.235103845596
220 0.185878992081
230 0.148248910904
240 0.106026887894
250 0.0911450386047
260 0.0742900371552
270 0.0570888519287
280 0.049840927124
290 0.0389058589935
300 0.0321369171143
310 0.0178201198578
320 0.00324511528015
