2 0.083958864212
4 0.0893630981445
6 0.0981931686401
8 0.10985994339
10 0.10377407074
12 0.107417106628
14 0.117038011551
16 0.123311042786
18 0.129633903503
20 0.139284133911
22 0.143222093582
24 0.16410112381
26 0.165529966354
28 0.171745061874
30 0.168846130371
32 0.176693916321
34 0.180527925491
36 0.188637018204
38 0.193403959274
40 0.202982902527
42 0.191951036453
44 0.206553936005
46 0.205174922943
48 0.207489967346
50 0.205531835556
52 0.218732118607
54 0.197989940643
56 0.211039066315
58 0.196602106094
60 0.196406126022
62 0.214928150177
64 0.213256120682
66 0.233327150345
68 0.225934028625
70 0.205590963364
72 0.214140892029
74 0.184909105301
76 0.216017007828
78 0.203691005707
80 0.208273172379
82 0.20058298111
