20 5.55920100212
40 14.2124290466
60 24.9043819904
80 35.8590760231
100 44.8574838638
120 51.5626590252
140 57.3145918846
160 54.2541680336
180 51.8193728924
200 51.1519050598
220 45.5415577888
240 46.2630448341
260 37.245472908
280 35.8031880856
300 33.7832510471
320 31.4197788239
340 31.5531868935
360 27.3447320461
380 25.9759471416
400 24.4656479359
420 22.9329819679
440 21.0005970001
460 18.9576830864
480 16.3179938793
500 13.6000859737
520 10.7922048569
540 10.1171929836
560 8.05194711685
580 6.87443900108
600 5.30034089088
620 4.43256402016
640 3.59101700783
660 2.9935760498
680 2.18233299255
700 1.70555210114
720 1.38966798782
740 1.02723693848
760 0.738635063171
780 0.535591840744
800 0.388092041016
820 0.28968000412
840 0.224318027496
860 0.00488805770874
