2 0.0565679073334
4 0.0528049468994
6 0.038880109787
8 0.045548915863
10 0.0369951725006
12 0.053493976593
14 0.0501058101654
16 0.0445559024811
18 0.0466001033783
20 0.042582988739
22 0.0508320331573
24 0.0459251403809
26 0.0418350696564
28 0.0467531681061
30 0.0412518978119
32 0.036593914032
34 0.0386691093445
36 0.0317499637604
38 0.0291500091553
40 0.0310099124908
42 0.0291171073914
44 0.0277111530304
46 0.026682138443
48 0.0211868286133
50 0.0206189155579
52 0.0239248275757
54 0.0184848308563
56 0.0267150402069
58 0.0172650814056
60 0.0203998088837
62 0.015575170517
64 0.00147104263306
