2 0.128593921661
4 0.115556955338
6 0.108663082123
8 0.112152099609
10 0.110113143921
12 0.117563009262
14 0.11882185936
16 0.117789983749
18 0.124078035355
20 0.133790016174
22 0.141001939774
24 0.141841173172
26 0.151711940765
28 0.154115200043
30 0.214731931686
32 0.214224815369
34 0.187802791595
36 0.272769927979
38 0.28116607666
40 0.23678612709
42 0.229324102402
44 0.283116102219
46 0.274821996689
48 0.25942492485
50 0.204102039337
52 0.194192171097
54 0.20934510231
56 0.206595182419
58 0.244482040405
60 0.189978122711
62 0.233820915222
64 0.235627889633
66 0.197408914566
68 0.195006847382
70 0.198456048965
72 0.195880889893
74 0.203542947769
76 0.205554962158
78 0.195844888687
80 0.199721097946
