2 0.0893518924713
4 0.0774729251862
6 0.0685119628906
8 0.0657448768616
10 0.0622379779816
12 0.0640249252319
14 0.0605359077454
16 0.05415391922
18 0.0557851791382
20 0.0608379840851
22 0.0504751205444
24 0.0533709526062
26 0.0480880737305
28 0.0518679618835
30 0.046028137207
32 0.039361000061
34 0.0370669364929
36 0.112168073654
38 0.10151219368
40 0.0965390205383
42 0.0974361896515
44 0.0906219482422
46 0.0812680721283
48 0.0707461833954
50 0.0181329250336
52 0.0193128585815
54 0.011974811554
56 0.00939893722534
58 0.00196695327759
