2 0.0668489933014
4 0.0606410503387
6 0.0608541965485
8 0.0516018867493
10 0.0492720603943
12 0.0575211048126
14 0.0515711307526
16 0.0543489456177
18 0.0512428283691
20 0.0509428977966
22 0.0653967857361
24 0.0589330196381
26 0.0487818717957
28 0.0520160198212
30 0.0488979816437
32 0.0415041446686
34 0.0410509109497
36 0.0430970191956
38 0.0364770889282
40 0.0426330566406
42 0.0358090400696
44 0.0303618907928
46 0.0348200798035
48 0.0281090736389
50 0.0222969055176
52 0.0246138572693
54 0.0217220783234
56 0.022821187973
58 0.0152499675751
60 0.0161428451538
62 0.0102918148041
64 0.00898694992065
66 0.00783181190491
68 0.0107378959656
70 0.00562596321106
72 0.00450205802917
74 0.00339317321777
76 0.00205707550049
