2 0.0247519016266
4 0.0244541168213
6 0.0317668914795
8 0.03062915802
10 0.0339159965515
12 0.0392990112305
14 0.0448610782623
16 0.0429730415344
18 0.0423891544342
20 0.0477130413055
22 0.0440349578857
24 0.0476570129395
26 0.0457248687744
28 0.052943944931
30 0.0441238880157
32 0.0420789718628
34 0.0363810062408
36 0.0495798587799
38 0.0324449539185
40 0.0418081283569
42 0.028951883316
44 0.0405809879303
46 0.0330989360809
48 0.024600982666
50 0.0419590473175
52 0.022999048233
54 0.0210909843445
56 0.0470769405365
58 0.0460269451141
60 0.0434398651123
62 0.0212349891663
64 0.0184719562531
66 0.00214290618896
