20 2.8419148922
40 8.08751296997
60 13.7051081657
80 19.000068903
100 22.1873211861
120 25.162003994
140 24.8583810329
160 21.0056290627
180 22.7123279572
200 20.1281599998
220 17.2394330502
240 15.5088968277
260 14.0028669834
280 12.4506678581
300 11.5519738197
320 11.0176749229
340 8.45180916786
360 7.52625989914
380 6.3686170578
400 5.37559199333
420 4.04402399063
440 3.67151713371
460 2.53601503372
480 2.05566215515
500 1.69658899307
520 1.20934510231
540 0.880182981491
560 0.643273115158
580 0.453584909439
600 0.326037883759
620 0.240257978439
640 0.186966896057
660 0.00409603118896
