2 0.058443069458
4 0.0547099113464
6 0.0461881160736
8 0.0494151115417
10 0.0463750362396
12 0.0510032176971
14 0.0460250377655
16 0.0406019687653
18 0.0457038879395
20 0.0394649505615
22 0.0588500499725
24 0.0523250102997
26 0.0371451377869
28 0.0446021556854
30 0.040069103241
32 0.0334417819977
34 0.0296540260315
36 0.0297470092773
38 0.0241549015045
40 0.0258350372314
42 0.0203959941864
44 0.0177240371704
46 0.0225350856781
48 0.0201179981232
50 0.010938167572
52 0.0137040615082
54 0.00874900817871
56 0.00695085525513
58 0.00619101524353
60 0.0090479850769
62 0.00383806228638
64 0.00150489807129
