10 0.773186922073
20 2.01422691345
30 3.63107800484
40 5.38102412224
50 7.05634284019
60 8.47627496719
70 9.67655611038
80 11.0195739269
90 11.2758741379
100 11.5053939819
110 12.2955927849
120 12.616008997
130 12.5543649197
140 11.8105900288
150 12.3694798946
160 12.7111358643
170 12.9885790348
180 11.9743897915
190 12.7755310535
200 13.2186539173
210 11.0054318905
220 12.7937340736
230 12.592220068
240 13.5003759861
250 12.425301075
260 12.3955891132
270 13.1302099228
280 12.8923561573
290 12.7261800766
300 12.2830350399
310 12.8062601089
320 11.6955459118
330 12.8583800793
340 12.6345338821
350 12.6512658596
360 12.7853159904
370 12.5341470242
380 12.5912342072
390 13.0866677761
400 12.913132906
410 12.3745319843
420 12.4102449417
430 12.1665680408
440 12.8032500744
450 13.1580548286
460 11.8292109966
