20 4.4860200882
40 11.7711009979
60 20.0913288593
80 28.7271680832
100 35.8254361153
120 39.7548890114
140 44.9908189774
160 38.3065991402
180 40.1995329857
200 33.3945178986
220 29.0522069931
240 28.1392331123
260 27.8212380409
280 24.8282020092
300 22.2916250229
320 21.7196509838
340 19.3888940811
360 18.0552630424
380 17.159194231
400 15.1100568771
420 13.1320300102
440 11.1327540874
460 9.16412997246
480 8.03349113464
500 7.3856048584
520 5.35853409767
540 4.83613991737
560 4.0148768425
580 2.80631399155
600 2.09879398346
620 1.74094295502
640 1.3598511219
660 0.951768159866
680 0.690235853195
700 0.489656925201
720 0.359962940216
740 0.264534950256
760 0.203006982803
780 0.00486493110657
