2 0.0853409767151
4 0.117264032364
6 0.0731401443481
8 0.0629708766937
10 0.103740930557
12 0.103366136551
14 0.103281021118
16 0.0990200042725
18 0.0709481239319
20 0.0758860111237
22 0.0745000839233
24 0.108665943146
26 0.107393026352
28 0.0856239795685
30 0.0834810733795
32 0.0803620815277
34 0.0817468166351
36 0.0888621807098
38 0.0871431827545
40 0.0877029895782
42 0.0857169628143
44 0.0965399742126
46 0.0906810760498
48 0.0941691398621
50 0.0865108966827
52 0.0917270183563
54 0.0922560691833
