10 0.80010509491
20 1.74841809273
30 2.88234305382
40 3.91161203384
50 4.77843999863
60 5.26440310478
70 5.51472401619
80 5.60017108917
90 5.13857698441
100 5.27144503593
110 4.83281588554
120 4.23593115807
130 4.19285202026
140 3.92486977577
150 3.65734601021
160 3.34839391708
170 3.28103899956
180 3.0005838871
190 2.6825299263
200 2.63789010048
210 2.51453900337
220 2.26929187775
230 2.12863397598
240 1.73720812798
250 1.62771201134
260 1.39796805382
270 1.22462320328
280 1.05419802666
290 0.959183931351
300 0.771677017212
310 0.659688949585
320 0.55725812912
330 0.471846103668
340 0.383944034576
350 0.314935922623
360 0.263445854187
370 0.209519147873
380 0.166172027588
390 0.127599000931
400 0.100805997849
410 0.0744800567627
420 0.0553798675537
430 0.0329270362854
440 0.00369095802307
