2 0.0725090503693
4 0.0579888820648
6 0.0561671257019
8 0.0548980236053
10 0.0579900741577
12 0.0581641197205
14 0.0539700984955
16 0.0543439388275
18 0.0665030479431
20 0.055773973465
22 0.0571630001068
24 0.0608270168304
26 0.0665941238403
28 0.0534570217133
30 0.0582230091095
32 0.0447130203247
34 0.0440111160278
36 0.0653319358826
38 0.0401210784912
40 0.0580639839172
42 0.0437490940094
44 0.0372059345245
46 0.0379390716553
48 0.0328409671783
50 0.0267460346222
52 0.0279159545898
54 0.0220279693604
56 0.0247008800507
58 0.0223178863525
60 0.018972158432
62 0.0182678699493
64 0.0116698741913
66 0.0104451179504
68 0.0166411399841
70 0.0080029964447
72 0.00650405883789
74 0.00571203231812
76 0.00416207313538
78 0.00291514396667
80 0.00151395797729
