2 0.106386899948
4 0.102005958557
6 0.0864069461823
8 0.135149002075
10 0.10059595108
12 0.140490055084
14 0.145781993866
16 0.125324010849
18 0.120480060577
20 0.128745794296
22 0.131784200668
24 0.137048006058
26 0.157645940781
28 0.148400068283
30 0.158748149872
32 0.171378850937
34 0.168204069138
36 0.17470407486
38 0.18239402771
40 0.191630125046
42 0.19068312645
44 0.191792011261
46 0.188899040222
48 0.203309059143
50 0.18559885025
52 0.185673952103
54 0.188178062439
56 0.197232961655
58 0.185876131058
60 0.186208963394
62 0.193242073059
64 0.191252946854
66 0.190195798874
68 0.206439971924
70 0.20298910141
72 0.190559148788
74 0.190048933029
76 0.195143938065
78 0.186650037766
