2 0.0683970451355
4 0.0636060237885
6 0.0623860359192
8 0.0612721443176
10 0.0630340576172
12 0.0775928497314
14 0.0684909820557
16 0.0755090713501
18 0.089478969574
20 0.0766999721527
22 0.0793600082397
24 0.0826878547668
26 0.0851418972015
28 0.090234041214
30 0.0894410610199
32 0.103111028671
34 0.100434064865
36 0.0966839790344
38 0.102476119995
40 0.0992929935455
42 0.102526903152
44 0.101781129837
46 0.0989410877228
48 0.103136062622
50 0.106349945068
52 0.105781078339
54 0.106491088867
56 0.0992610454559
58 0.120261192322
60 0.12044095993
62 0.107786178589
64 0.108847856522
66 0.104301929474
68 0.110702037811
70 0.104058980942
72 0.104077100754
74 0.102869987488
76 0.111830949783
78 0.116782903671
