2 0.0821180343628
4 0.0709540843964
6 0.0724108219147
8 0.0748310089111
10 0.0701727867126
12 0.0776119232178
14 0.0748698711395
16 0.0725729465485
18 0.0749690532684
20 0.0790529251099
22 0.0753660202026
24 0.080687046051
26 0.0849421024323
28 0.0817530155182
30 0.0712230205536
32 0.0757169723511
34 0.0685789585114
36 0.0680520534515
38 0.0639531612396
40 0.060084104538
42 0.0612809658051
44 0.0552680492401
46 0.0585639476776
48 0.0478341579437
50 0.046553850174
52 0.0505139827728
54 0.0422239303589
56 0.0406060218811
58 0.0417540073395
60 0.045802116394
62 0.0415539741516
64 0.0350670814514
66 0.0305042266846
68 0.0460729598999
70 0.0282819271088
72 0.0338551998138
74 0.0289099216461
76 0.0257480144501
78 0.0207421779633
80 0.0149040222168
82 0.011748790741
84 0.0144779682159
86 0.0106918811798
88 0.0129780769348
90 0.010694026947
92 0.00515604019165
94 0.00454521179199
96 0.00360202789307
98 0.00204396247864
