5 0.133767843246
10 0.16849398613
15 0.242516994476
20 0.314664840698
25 0.405475854874
30 0.468536138535
35 0.563169956207
40 0.607006072998
45 0.671830892563
50 0.720324993134
55 0.772914171219
60 0.808382987976
65 0.853861093521
70 0.790294885635
75 0.803483009338
80 0.783323049545
85 0.766368865967
90 0.829977035522
95 0.864323854446
100 0.814967155457
105 0.855353116989
110 0.81048989296
115 0.782712936401
120 0.803173065186
125 0.781243801117
130 0.824883937836
135 0.868337154388
140 0.887417078018
145 0.780377864838
150 0.87287402153
155 0.839082956314
160 0.803542137146
165 0.817363977432
170 0.867566108704
175 0.887073993683
180 0.781398057938
