20 9.16954302788
40 24.9933180809
60 39.7861149311
80 51.1641361713
100 59.9819171429
120 61.0967099667
140 57.8022038937
160 57.1538999081
180 53.0207180977
200 51.8728830814
220 48.429161787
240 46.3609280586
260 44.1914930344
280 41.765283823
300 38.5553450584
320 37.3543419838
340 35.4601368904
360 32.1884999275
380 32.5127799511
400 29.0740320683
420 28.4166038036
440 26.3300468922
460 26.0587038994
480 23.8963911533
500 21.5646719933
520 19.4928309917
540 17.7677419186
560 15.4604859352
580 13.828993082
600 11.8361568451
620 10.1349229813
640 8.49029397964
660 7.43087697029
680 6.08657002449
700 5.31980514526
720 4.31735491753
740 3.53717899323
760 2.82529401779
780 2.23991703987
800 1.67607092857
820 1.29677510262
840 1.00343585014
860 0.727750062943
880 0.509181022644
900 0.355424880981
920 0.224265098572
940 0.142643928528
960 0.0718541145325
980 0.00529003143311
