10 0.506746768951
20 1.37990999222
30 2.51389789581
40 3.82596707344
50 4.97939705849
60 5.91985011101
70 7.00178194046
80 7.73139095306
90 8.389138937
100 8.41234993935
110 9.24082398415
120 7.53798317909
130 7.58268404007
140 6.8829100132
150 5.95967698097
160 5.58953094482
170 5.56859087944
180 4.83621287346
190 4.57003211975
200 4.48659086227
210 4.69226980209
220 3.94086194038
230 3.43506002426
240 3.18751716614
250 3.00745201111
260 2.62439513206
270 2.27321600914
280 1.97010493279
290 1.66311383247
300 1.34405899048
310 1.15187382698
320 1.06075406075
330 0.873548984528
340 0.712653160095
350 0.663244962692
360 0.528841972351
370 0.440232992172
380 0.469325780869
390 0.404037952423
400 0.241004943848
410 0.201191902161
420 0.17747592926
430 0.14988899231
440 0.134438037872
450 0.121006965637
460 0.00351810455322
