2 0.086443901062
4 0.0792820453644
6 0.0773351192474
8 0.0742750167847
10 0.0823168754578
12 0.0985939502716
14 0.0956699848175
16 0.104645967484
18 0.105417013168
20 0.115271091461
22 0.118314981461
24 0.13711309433
26 0.142028808594
28 0.146604061127
30 0.158261060715
32 0.159543037415
34 0.154948949814
36 0.309226989746
38 0.163225889206
40 0.315757036209
42 0.171117067337
44 0.157998085022
46 0.171225070953
48 0.172086000443
50 0.164812088013
52 0.175616025925
54 0.179223060608
56 0.18630695343
58 0.185642957687
60 0.177870988846
62 0.185569047928
64 0.181571006775
66 0.184158086777
68 0.178956985474
70 0.180567979813
72 0.175720930099
74 0.178436040878
76 0.184807062149
78 0.185153961182
80 0.196475982666
82 0.180624008179
84 0.178363084793
86 0.181278944016
88 0.176261901855
90 0.16694188118
92 0.180335044861
94 0.211855888367
96 0.206841945648
98 0.1752140522
100 0.180813074112
